1.056032981064548126e+00 3.857969732954356004e-10 3.686927843105763450e-08 0.000000000000000000e+00 3.857969732954356004e-10 0.000000000000000000e+00 3.686927843105763450e-08 0.000000000000000000e+00 3.686927843105763450e-08
1.175443983510534363e+00 3.762612219669731557e-10 3.931218464606812769e-08 0.000000000000000000e+00 3.762612219669731557e-10 0.000000000000000000e+00 3.931218464606812769e-08 0.000000000000000000e+00 3.931218464606812769e-08
1.308357393325258133e+00 3.660451992538580783e-10 4.199059494453408087e-08 0.000000000000000000e+00 3.660451992538580783e-10 0.000000000000000000e+00 4.199059494453408087e-08 0.000000000000000000e+00 4.199059494453408087e-08
1.456299996156748877e+00 3.570783971261532069e-10 4.491988960784139339e-08 0.000000000000000000e+00 3.570783971261532069e-10 0.000000000000000000e+00 4.491988960784139339e-08 0.000000000000000000e+00 4.491988960784139339e-08
1.620971219045888478e+00 3.485666468208269419e-10 4.811537230449474289e-08 0.000000000000000000e+00 3.485666468208269419e-10 0.000000000000000000e+00 4.811537230449474289e-08 0.000000000000000000e+00 4.811537230449474289e-08
1.804262651863866251e+00 3.334401200855538488e-10 5.159142501640499831e-08 0.000000000000000000e+00 3.334401200855538488e-10 0.000000000000000000e+00 5.159142501640499831e-08 0.000000000000000000e+00 5.159142501640499831e-08
2.008279776137516404e+00 3.015585083526548914e-10 5.536128526032614325e-08 0.000000000000000000e+00 3.015585083526548914e-10 0.000000000000000000e+00 5.536128526032614325e-08 0.000000000000000000e+00 5.536128526032614325e-08
2.235366150863083323e+00 2.520261086145364750e-10 5.943621859523153258e-08 0.000000000000000000e+00 2.520261086145364750e-10 0.000000000000000000e+00 5.943621859523153258e-08 0.000000000000000000e+00 5.943621859523153258e-08
2.488130333132567262e+00 1.979021740403996410e-10 6.382478086709112431e-08 0.000000000000000000e+00 1.979021740403996410e-10 0.000000000000000000e+00 6.382478086709112431e-08 0.000000000000000000e+00 6.382478086709112431e-08
2.769475842811750965e+00 1.556730621609224958e-10 6.853237661816448137e-08 0.000000000000000000e+00 1.556730621609224958e-10 0.000000000000000000e+00 6.853237661816448137e-08 0.000000000000000000e+00 6.853237661816448137e-08
3.082634515476230241e+00 1.256844830149415530e-10 7.356014120929384760e-08 0.000000000000000000e+00 1.256844830149415530e-10 0.000000000000000000e+00 7.356014120929384760e-08 0.000000000000000000e+00 7.356014120929384760e-08
3.431203626733101864e+00 9.766469820350438280e-11 7.890432762546005830e-08 0.000000000000000000e+00 9.766469820350438280e-11 0.000000000000000000e+00 7.890432762546005830e-08 0.000000000000000000e+00 7.890432762546005830e-08
3.819187214377767425e+00 5.850253633083173433e-11 8.455430301734966132e-08 0.000000000000000000e+00 5.850253633083173433e-11 0.000000000000000000e+00 8.455430301734966132e-08 0.000000000000000000e+00 8.455430301734966132e-08
4.251042073056519932e+00 1.854904391156004023e-12 9.049073809742684330e-08 0.000000000000000000e+00 1.854904391156004023e-12 0.000000000000000000e+00 9.049073809742684330e-08 0.000000000000000000e+00 9.049073809742684330e-08
4.731728949778890581e+00 -6.800571553982421454e-11 9.668553175123582617e-08 0.000000000000000000e+00 -6.800571553982421454e-11 0.000000000000000000e+00 9.668553175123582617e-08 0.000000000000000000e+00 9.668553175123582617e-08
5.266769528365972342e+00 -1.382325627878689472e-10 1.030991594648104779e-07 0.000000000000000000e+00 -1.382325627878689472e-10 0.000000000000000000e+00 1.030991594648104779e-07 0.000000000000000000e+00 1.030991594648104779e-07
5.862309857419115922e+00 -2.028237191793706636e-10 1.096814588872194676e-07 0.000000000000000000e+00 -2.028237191793706636e-10 0.000000000000000000e+00 1.096814588872194676e-07 0.000000000000000000e+00 1.096814588872194676e-07
6.525190950410857837e+00 -2.722372871082766232e-10 1.163678020787964277e-07 0.000000000000000000e+00 -2.722372871082766232e-10 0.000000000000000000e+00 1.163678020787964277e-07 0.000000000000000000e+00 1.163678020787964277e-07
7.263027368885755841e+00 -3.528585773353575376e-10 1.230790149706197239e-07 0.000000000000000000e+00 -3.528585773353575376e-10 0.000000000000000000e+00 1.230790149706197239e-07 0.000000000000000000e+00 1.230790149706197239e-07
8.084294691462201143e+00 -4.394644075935482741e-10 1.297217542302556459e-07 0.000000000000000000e+00 -4.394644075935482741e-10 0.000000000000000000e+00 1.297217542302556459e-07 0.000000000000000000e+00 1.297217542302556459e-07
8.998426873397548320e+00 -5.267951377420933089e-10 1.361879499166189028e-07 0.000000000000000000e+00 -5.267951377420933089e-10 0.000000000000000000e+00 1.361879499166189028e-07 0.000000000000000000e+00 1.361879499166189028e-07
1.001592461509324039e+01 -6.153569985917606875e-10 1.423625382210570776e-07 0.000000000000000000e+00 -6.153569985917606875e-10 0.000000000000000000e+00 1.423625382210570776e-07 0.000000000000000000e+00 1.423625382210570776e-07
1.114847598437533449e+01 -7.048615019351568310e-10 1.481247163057983625e-07 0.000000000000000000e+00 -7.048615019351568310e-10 0.000000000000000000e+00 1.481247163057983625e-07 0.000000000000000000e+00 1.481247163057983625e-07
1.240909067814867583e+01 -7.925369086949155016e-10 1.533556305784833696e-07 0.000000000000000000e+00 -7.925369086949155016e-10 0.000000000000000000e+00 1.533556305784833696e-07 0.000000000000000000e+00 1.533556305784833696e-07
1.381224946569640366e+01 -8.751510789339799555e-10 1.579523879440520859e-07 0.000000000000000000e+00 -8.751510789339799555e-10 0.000000000000000000e+00 1.579523879440520859e-07 0.000000000000000000e+00 1.579523879440520859e-07
1.537407053029052229e+01 -9.497582744100054708e-10 1.618289419102624848e-07 0.000000000000000000e+00 -9.497582744100054708e-10 0.000000000000000000e+00 1.618289419102624848e-07 0.000000000000000000e+00 1.618289419102624848e-07
1.711249461989307719e+01 -1.014348038899798782e-09 1.649467028727654961e-07 0.000000000000000000e+00 -1.014348038899798782e-09 0.000000000000000000e+00 1.649467028727654961e-07 0.000000000000000000e+00 1.649467028727654961e-07
1.904749113378321468e+01 -1.067554008953141285e-09 1.673019012097575811e-07 0.000000000000000000e+00 -1.067554008953141285e-09 0.000000000000000000e+00 1.673019012097575811e-07 0.000000000000000000e+00 1.673019012097575811e-07
2.120128751244688203e+01 -1.109464140942785151e-09 1.689157619316700495e-07 0.000000000000000000e+00 -1.109464140942785151e-09 0.000000000000000000e+00 1.689157619316700495e-07 0.000000000000000000e+00 1.689157619316700495e-07
2.359862456574094125e+01 -1.142043610738200867e-09 1.698442641589311214e-07 0.000000000000000000e+00 -1.142043610738200867e-09 0.000000000000000000e+00 1.698442641589311214e-07 0.000000000000000000e+00 1.698442641589311214e-07
2.626704067231091244e+01 -1.167285475087540331e-09 1.700987182022606974e-07 0.000000000000000000e+00 -1.167285475087540331e-09 0.000000000000000000e+00 1.700987182022606974e-07 0.000000000000000000e+00 1.700987182022606974e-07
2.923718811487309566e+01 -1.186857709005625825e-09 1.696461237043386324e-07 0.000000000000000000e+00 -1.186857709005625825e-09 0.000000000000000000e+00 1.696461237043386324e-07 0.000000000000000000e+00 1.696461237043386324e-07
3.254318518513449021e+01 -1.198419831658347358e-09 1.683568040998785852e-07 0.000000000000000000e+00 -1.198419831658347358e-09 0.000000000000000000e+00 1.683568040998785852e-07 0.000000000000000000e+00 1.683568040998785852e-07
3.622300810299908846e+01 -1.192893294522728883e-09 1.659911527690515102e-07 0.000000000000000000e+00 -1.192893294522728883e-09 0.000000000000000000e+00 1.659911527690515102e-07 0.000000000000000000e+00 1.659911527690515102e-07
4.031892725206589034e+01 -1.155034823852173141e-09 1.622413291816822730e-07 0.000000000000000000e+00 -1.155034823852173141e-09 0.000000000000000000e+00 1.622413291816822730e-07 0.000000000000000000e+00 1.622413291816822730e-07
4.487799274248540371e+01 -1.072013068090983499e-09 1.569583211541848993e-07 0.000000000000000000e+00 -1.072013068090983499e-09 0.000000000000000000e+00 1.569583211541848993e-07 0.000000000000000000e+00 1.569583211541848993e-07
4.995257487887015913e+01 -9.479970267001617159e-10 1.503669550719894440e-07 0.000000000000000000e+00 -9.479970267001617159e-10 0.000000000000000000e+00 1.503669550719894440e-07 0.000000000000000000e+00 1.503669550719894440e-07
5.560096574165519456e+01 -8.026600115062438248e-10 1.430951000796531162e-07 0.000000000000000000e+00 -8.026600115062438248e-10 0.000000000000000000e+00 1.430951000796531162e-07 0.000000000000000000e+00 1.430951000796531162e-07
6.188804879230252709e+01 -6.711508887951412701e-10 1.357779352562778012e-07 0.000000000000000000e+00 -6.711508887951412701e-10 0.000000000000000000e+00 1.357779352562778012e-07 0.000000000000000000e+00 1.357779352562778012e-07
6.888604419417499969e+01 -5.572520239628941190e-10 1.284210799107004742e-07 0.000000000000000000e+00 -5.572520239628941190e-10 0.000000000000000000e+00 1.284210799107004742e-07 0.000000000000000000e+00 1.284210799107004742e-07
7.667533841060405564e+01 -4.210983620544201573e-10 1.203769382860457063e-07 0.000000000000000000e+00 -4.210983620544201573e-10 0.000000000000000000e+00 1.203769382860457063e-07 0.000000000000000000e+00 1.203769382860457063e-07
8.534540760983165342e+01 -2.281125179451674581e-10 1.112284665285489079e-07 0.000000000000000000e+00 -2.281125179451674581e-10 0.000000000000000000e+00 1.112284665285489079e-07 0.000000000000000000e+00 1.112284665285489079e-07
9.499584548401358575e+01 -8.114913236362747477e-12 1.017279987671698259e-07 0.000000000000000000e+00 -8.114913236362747477e-12 0.000000000000000000e+00 1.017279987671698259e-07 0.000000000000000000e+00 1.017279987671698259e-07
1.057375072889466310e+02 1.888528400567213357e-10 9.278031994236585043e-08 0.000000000000000000e+00 1.888528400567213357e-10 0.000000000000000000e+00 9.278031994236585043e-08 0.000000000000000000e+00 9.278031994236585043e-08
1.176937832461472624e+02 3.760618513826775914e-10 8.426654836880884990e-08 0.000000000000000000e+00 3.760618513826775914e-10 0.000000000000000000e+00 8.426654836880884990e-08 0.000000000000000000e+00 8.426654836880884990e-08
1.310020159349736844e+02 5.638844805884802987e-10 7.609613886914084426e-08 0.000000000000000000e+00 5.638844805884802987e-10 0.000000000000000000e+00 7.609613886914084426e-08 0.000000000000000000e+00 7.609613886914084426e-08
1.458150779564580262e+02 7.456014805804821283e-10 6.837462923624890343e-08 0.000000000000000000e+00 7.456014805804821283e-10 0.000000000000000000e+00 6.837462923624890343e-08 0.000000000000000000e+00 6.837462923624890343e-08
1.623031279915676635e+02 9.610032129462114981e-10 6.074110364507745334e-08 0.000000000000000000e+00 9.610032129462114981e-10 0.000000000000000000e+00 6.074110364507745334e-08 0.000000000000000000e+00 6.074110364507745334e-08
1.806555654259147161e+02 1.155279978810182662e-09 5.387926744156563863e-08 0.000000000000000000e+00 1.155279978810182662e-09 0.000000000000000000e+00 5.387926744156563863e-08 0.000000000000000000e+00 5.387926744156563863e-08
2.010832059937378347e+02 1.305734545490306841e-09 4.792176054024748715e-08 0.000000000000000000e+00 1.305734545490306841e-09 0.000000000000000000e+00 4.792176054024748715e-08 0.000000000000000000e+00 4.792176054024748715e-08
2.238207034330328042e+02 1.468797233891965226e-09 4.216942886205506604e-08 0.000000000000000000e+00 1.468797233891965226e-09 0.000000000000000000e+00 4.216942886205506604e-08 0.000000000000000000e+00 4.216942886205506604e-08
2.491292449694543905e+02 1.640407208806318720e-09 3.667445845742297929e-08 0.000000000000000000e+00 1.640407208806318720e-09 0.000000000000000000e+00 3.667445845742297929e-08 0.000000000000000000e+00 3.667445845742297929e-08
2.772995515922919481e+02 1.755812095864840786e-09 3.194617956732031547e-08 0.000000000000000000e+00 1.755812095864840786e-09 0.000000000000000000e+00 3.194617956732031547e-08 0.000000000000000000e+00 3.194617956732031547e-08
3.086552175868076802e+02 1.865476928849260895e-09 2.747107303313024623e-08 0.000000000000000000e+00 1.865476928849260895e-09 0.000000000000000000e+00 2.747107303313024623e-08 0.000000000000000000e+00 2.747107303313024623e-08
3.435564276845046834e+02 1.963575016873062174e-09 2.332497125066256540e-08 0.000000000000000000e+00 1.963575016873062174e-09 0.000000000000000000e+00 2.332497125066256540e-08 0.000000000000000000e+00 2.332497125066256540e-08
3.824040945302937757e+02 2.021665468155214759e-09 1.977111931358032585e-08 0.000000000000000000e+00 2.021665468155214759e-09 0.000000000000000000e+00 1.977111931358032585e-08 0.000000000000000000e+00 1.977111931358032585e-08
4.256444639942141634e+02 2.067621915652900989e-09 1.660685098884915525e-08 0.000000000000000000e+00 2.067621915652900989e-09 0.000000000000000000e+00 1.660685098884915525e-08 0.000000000000000000e+00 1.660685098884915525e-08
4.737742412289155709e+02 2.092811310374283694e-09 1.392730583478322710e-08 0.000000000000000000e+00 2.092811310374283694e-09 0.000000000000000000e+00 1.392730583478322710e-08 0.000000000000000000e+00 1.392730583478322710e-08
5.273462963565856398e+02 2.095980953994975399e-09 1.167172402714134431e-08 0.000000000000000000e+00 2.095980953994975399e-09 0.000000000000000000e+00 1.167172402714134431e-08 0.000000000000000000e+00 1.167172402714134431e-08
5.869760153267689020e+02 2.085379509801242745e-09 9.719024242884199788e-09 0.000000000000000000e+00 2.085379509801242745e-09 0.000000000000000000e+00 9.719024242884199788e-09 0.000000000000000000e+00 9.719024242884199788e-09
6.533483688978308237e+02 2.054853206366456360e-09 8.038410116412701600e-09 0.000000000000000000e+00 2.054853206366456360e-09 0.000000000000000000e+00 8.038410116412701600e-09 0.000000000000000000e+00 8.038410116412701600e-09
7.272257809440862957e+02 2.007812051950352245e-09 6.596160250671472729e-09 0.000000000000000000e+00 2.007812051950352245e-09 0.000000000000000000e+00 6.596160250671472729e-09 0.000000000000000000e+00 6.596160250671472729e-09
8.094568864722074295e+02 1.946889335379172686e-09 5.390883133558186459e-09 0.000000000000000000e+00 1.946889335379172686e-09 0.000000000000000000e+00 5.390883133558186459e-09 0.000000000000000000e+00 5.390883133558186459e-09
9.009862799510120794e+02 1.874403035966989062e-09 4.404035584961653667e-09 0.000000000000000000e+00 1.874403035966989062e-09 0.000000000000000000e+00 4.404035584961653667e-09 0.000000000000000000e+00 4.404035584961653667e-09
1.002865365934268880e+03 1.793151211288235751e-09 3.575675145068643154e-09 0.000000000000000000e+00 1.793151211288235751e-09 0.000000000000000000e+00 3.575675145068643154e-09 0.000000000000000000e+00 3.575675145068643154e-09
1.116264436618460877e+03 1.702294659846626651e-09 2.886200818640186369e-09 0.000000000000000000e+00 1.702294659846626651e-09 0.000000000000000000e+00 2.886200818640186369e-09 0.000000000000000000e+00 2.886200818640186369e-09
1.242486115071199492e+03 1.605919983755299568e-09 2.324634489625480753e-09 0.000000000000000000e+00 1.605919983755299568e-09 0.000000000000000000e+00 2.324634489625480753e-09 0.000000000000000000e+00 2.324634489625480753e-09
1.382980318553656389e+03 1.505668447867414803e-09 1.865360837412214130e-09 0.000000000000000000e+00 1.505668447867414803e-09 0.000000000000000000e+00 1.865360837412214130e-09 0.000000000000000000e+00 1.865360837412214130e-09
1.539360913821697523e+03 1.402574778564768267e-09 1.490155378525742719e-09 0.000000000000000000e+00 1.402574778564768267e-09 0.000000000000000000e+00 1.490155378525742719e-09 0.000000000000000000e+00 1.490155378525742719e-09
1.713424255726343517e+03 1.299093611070211096e-09 1.187214469426949058e-09 0.000000000000000000e+00 1.299093611070211096e-09 0.000000000000000000e+00 1.187214469426949058e-09 0.000000000000000000e+00 1.187214469426949058e-09
1.907169822067742189e+03 1.196004031730007273e-09 9.423533153758308966e-10 0.000000000000000000e+00 1.196004031730007273e-09 0.000000000000000000e+00 9.423533153758308966e-10 0.000000000000000000e+00 9.423533153758308966e-10
2.122823181736748211e+03 1.094874658219523139e-09 7.458698357846014069e-10 0.000000000000000000e+00 1.094874658219523139e-09 0.000000000000000000e+00 7.458698357846014069e-10 0.000000000000000000e+00 7.458698357846014069e-10
2.362861559980607581e+03 9.966260550731560646e-10 5.885332622051388968e-10 0.000000000000000000e+00 9.966260550731560646e-10 0.000000000000000000e+00 5.885332622051388968e-10 0.000000000000000000e+00 5.885332622051388968e-10
2.630042294462951304e+03 9.021267067675277740e-10 4.630897449094305490e-10 0.000000000000000000e+00 9.021267067675277740e-10 0.000000000000000000e+00 4.630897449094305490e-10 0.000000000000000000e+00 4.630897449094305490e-10
2.927434508994474982e+03 8.121029093898932471e-10 3.634040537008540938e-10 0.000000000000000000e+00 8.121029093898932471e-10 0.000000000000000000e+00 3.634040537008540938e-10 0.000000000000000000e+00 3.634040537008540938e-10
3.258454368773508122e+03 7.270929732122419795e-10 2.844422167474889872e-10 0.000000000000000000e+00 7.270929732122419795e-10 0.000000000000000000e+00 2.844422167474889872e-10 0.000000000000000000e+00 2.844422167474889872e-10
3.626904322114499791e+03 6.474937089712726832e-10 2.220923539286684749e-10 0.000000000000000000e+00 6.474937089712726832e-10 0.000000000000000000e+00 2.220923539286684749e-10 0.000000000000000000e+00 2.220923539286684749e-10
4.037016779438275080e+03 5.735630744060359099e-10 1.730049054379472644e-10 0.000000000000000000e+00 5.735630744060359099e-10 0.000000000000000000e+00 1.730049054379472644e-10 0.000000000000000000e+00 1.730049054379472644e-10
4.493502731267226409e+03 5.054228870400214962e-10 1.344663708732343717e-10 0.000000000000000000e+00 5.054228870400214962e-10 0.000000000000000000e+00 1.344663708732343717e-10 0.000000000000000000e+00 1.344663708732343717e-10
5.001605863702974602e+03 4.430901618759539224e-10 1.042904896635427812e-10 0.000000000000000000e+00 4.430901618759539224e-10 0.000000000000000000e+00 1.042904896635427812e-10 0.000000000000000000e+00 1.042904896635427812e-10
5.567162793016338583e+03 3.864747077254640422e-10 8.072220906557281308e-11 0.000000000000000000e+00 3.864747077254640422e-10 0.000000000000000000e+00 8.072220906557281308e-11 0.000000000000000000e+00 8.072220906557281308e-11
6.196670111266974345e+03 3.354120913075193662e-10 6.235888315844980662e-11 0.000000000000000000e+00 3.354120913075193662e-10 0.000000000000000000e+00 6.235888315844980662e-11 0.000000000000000000e+00 6.235888315844980662e-11
6.897359013111165041e+03 2.896652823365069963e-10 4.808379614243642784e-11 0.000000000000000000e+00 2.896652823365069963e-10 0.000000000000000000e+00 4.808379614243642784e-11 0.000000000000000000e+00 4.808379614243642784e-11
7.677278361042189317e+03 2.489477448029506251e-10 3.701094821639247862e-11 0.000000000000000000e+00 2.489477448029506251e-10 0.000000000000000000e+00 3.701094821639247862e-11 0.000000000000000000e+00 3.701094821639247862e-11
8.545387143236317570e+03 2.129359307411787798e-10 2.843982105808888216e-11 0.000000000000000000e+00 2.129359307411787798e-10 0.000000000000000000e+00 2.843982105808888216e-11 0.000000000000000000e+00 2.843982105808888216e-11
9.511657386079081334e+03 1.812846169851169166e-10 2.181832331298961152e-11 0.000000000000000000e+00 1.812846169851169166e-10 0.000000000000000000e+00 2.181832331298961152e-11 0.000000000000000000e+00 2.181832331298961152e-11
1.058718870352829254e+04 1.500507187701757214e-10 1.663737738728057787e-11 0.000000000000000000e+00 1.500507187701757214e-10 0.000000000000000000e+00 1.663737738728057787e-11 0.000000000000000000e+00 1.663737738728057787e-11
1.178433579916051713e+04 1.267879053449991019e-10 1.272612220801079990e-11 0.000000000000000000e+00 1.267879053449991019e-10 0.000000000000000000e+00 1.272612220801079990e-11 0.000000000000000000e+00 1.272612220801079990e-11
1.311685038551288017e+04 1.066392126747492074e-10 9.720488131188073177e-12 0.000000000000000000e+00 1.066392126747492074e-10 0.000000000000000000e+00 9.720488131188073177e-12 0.000000000000000000e+00 9.720488131188073177e-12
1.460003915097147365e+04 8.928894157244566294e-11 7.414569281767290976e-12 0.000000000000000000e+00 8.928894157244566294e-11 0.000000000000000000e+00 7.414569281767290976e-12 0.000000000000000000e+00 7.414569281767290976e-12
1.625093958876844590e+04 7.443373256965549762e-11 5.648256743149364230e-12 0.000000000000000000e+00 7.443373256965549762e-11 0.000000000000000000e+00 5.648256743149364230e-12 0.000000000000000000e+00 5.648256743149364230e-12
1.808851570786662342e+04 5.840519347823796644e-11 4.216090980513770099e-12 0.000000000000000000e+00 5.840519347823796644e-11 0.000000000000000000e+00 4.216090980513770099e-12 0.000000000000000000e+00 4.216090980513770099e-12
2.013387587385212828e+04 4.841249277046830982e-11 3.204460617462507122e-12 0.000000000000000000e+00 4.841249277046830982e-11 0.000000000000000000e+00 3.204460617462507122e-12 0.000000000000000000e+00 3.204460617462507122e-12
2.241051528221264743e+04 3.995396105409985500e-11 2.432708840955955931e-12 0.000000000000000000e+00 3.995396105409985500e-11 0.000000000000000000e+00 2.432708840955955931e-12 0.000000000000000000e+00 2.432708840955955931e-12
2.494458584929090648e+04 3.283477795957323749e-11 1.844758372872499319e-12 0.000000000000000000e+00 3.283477795957323749e-11 0.000000000000000000e+00 1.844758372872499319e-12 0.000000000000000000e+00 1.844758372872499319e-12
2.776519662118276028e+04 2.473151599793409474e-11 1.344737631042625486e-12 0.000000000000000000e+00 2.473151599793409474e-11 0.000000000000000000e+00 1.344737631042625486e-12 0.000000000000000000e+00 1.344737631042625486e-12
3.090474815138586200e+04 2.022458372921480629e-11 1.017835073076324860e-12 0.000000000000000000e+00 2.022458372921480629e-11 0.000000000000000000e+00 1.017835073076324860e-12 0.000000000000000000e+00 1.017835073076324860e-12
3.439930468822552211e+04 1.478205086759433771e-11 7.261267187173894554e-13 0.000000000000000000e+00 1.478205086759433771e-11 0.000000000000000000e+00 7.261267187173894554e-13 0.000000000000000000e+00 7.261267187173894554e-13
3.828900844740607135e+04 1.055951266055526569e-11 5.085086582718407085e-13 0.000000000000000000e+00 1.055951266055526569e-11 0.000000000000000000e+00 5.085086582718407085e-13 0.000000000000000000e+00 5.085086582718407085e-13
4.261854072845193878e+04 8.594464862521065332e-12 3.839886600843185795e-13 0.000000000000000000e+00 8.594464862521065332e-12 0.000000000000000000e+00 3.839886600843185795e-13 0.000000000000000000e+00 3.839886600843185795e-13
4.743763517192281142e+04 6.029370050706695591e-12 2.645254233932468150e-13 0.000000000000000000e+00 6.029370050706695591e-12 0.000000000000000000e+00 2.645254233932468150e-13 0.000000000000000000e+00 2.645254233932468150e-13
