1.056032981064548126e+00 6.587637001910425170e+02 9.009478995517304156e+02 2.242945929104477898e+02 6.587637001910425170e+02 0.000000000000000000e+00 9.009478995517304156e+02 0.000000000000000000e+00
1.175443983510534363e+00 7.659368913589407839e+02 1.077249815720191691e+03 2.242945929104477898e+02 7.659368913589407839e+02 0.000000000000000000e+00 1.077249815720191691e+03 0.000000000000000000e+00
1.308357393325258133e+00 7.659365346446829790e+02 1.149028092840981117e+03 2.242945929104477898e+02 7.659365346446829790e+02 0.000000000000000000e+00 1.149028092840981117e+03 0.000000000000000000e+00
1.456299996156748877e+00 7.659361089316038260e+02 1.226980945156271446e+03 2.242945929104477898e+02 7.659361089316038260e+02 0.000000000000000000e+00 1.226980945156271446e+03 0.000000000000000000e+00
1.620971219045888478e+00 8.186721864873306913e+02 1.392459794398533177e+03 2.242945929104477898e+02 8.186721864873306913e+02 0.000000000000000000e+00 1.392459794398533177e+03 0.000000000000000000e+00
1.804262651863866251e+00 8.186715581202095109e+02 1.489531089095440620e+03 2.242945929104477898e+02 8.186715581202095109e+02 0.000000000000000000e+00 1.489531089095440620e+03 0.000000000000000000e+00
2.008279776137516404e+00 8.458869526961074143e+02 1.654380565615145088e+03 2.242945929104477898e+02 8.458869526961074143e+02 0.000000000000000000e+00 1.654380565615145088e+03 0.000000000000000000e+00
2.235366150863083323e+00 8.458860380446348017e+02 1.771461507414503558e+03 2.242945929104477898e+02 8.458860380446348017e+02 0.000000000000000000e+00 1.771461507414503558e+03 0.000000000000000000e+00
2.488130333132567262e+00 8.567805514077214184e+02 1.934210430589117095e+03 2.242945929104477898e+02 8.567805514077214184e+02 0.000000000000000000e+00 1.934210430589117095e+03 0.000000000000000000e+00
2.769475842811750965e+00 8.613400209905287284e+02 2.092241765362076421e+03 2.242945929104477898e+02 8.613400209905287284e+02 0.000000000000000000e+00 2.092241765362076421e+03 0.000000000000000000e+00
3.082634515476230241e+00 8.645014265490630123e+02 2.261392201770623160e+03 2.242945929104477898e+02 8.645014265490630123e+02 0.000000000000000000e+00 2.261392201770623160e+03 0.000000000000000000e+00
3.431203626733101864e+00 8.650787401120826416e+02 2.422217556424538998e+03 2.242945929104477898e+02 8.650787401120826416e+02 0.000000000000000000e+00 2.422217556424538998e+03 0.000000000000000000e+00
3.819187214377767425e+00 8.657006727500031502e+02 2.592524182518160615e+03 2.242945929104477898e+02 8.657006727500031502e+02 0.000000000000000000e+00 2.592524182518160615e+03 0.000000000000000000e+00
4.251042073056519932e+00 8.659601125381743714e+02 2.765435966346465648e+03 2.242945929104477898e+02 8.659601125381743714e+02 0.000000000000000000e+00 2.765435966346465648e+03 0.000000000000000000e+00
4.731728949778890581e+00 8.659976771609515254e+02 2.939693618151964529e+03 2.242945929104477898e+02 8.659976771609515254e+02 0.000000000000000000e+00 2.939693618151964529e+03 0.000000000000000000e+00
5.266769528365972342e+00 8.659946406802232559e+02 3.115372056408051776e+03 2.242945929104477898e+02 8.659946406802232559e+02 0.000000000000000000e+00 3.115372056408051776e+03 0.000000000000000000e+00
5.862309857419115922e+00 8.659890856868024684e+02 3.291833901233180768e+03 2.242945929104477898e+02 8.659890856868024684e+02 0.000000000000000000e+00 3.291833901233180768e+03 0.000000000000000000e+00
6.525190950410857837e+00 8.659822363096516256e+02 3.465581344069532406e+03 2.242945929104477898e+02 8.659822363096516256e+02 0.000000000000000000e+00 3.465581344069532406e+03 0.000000000000000000e+00
7.263027368885755841e+00 8.659738249744194718e+02 3.633981162858531661e+03 2.242945929104477898e+02 8.659738249744194718e+02 0.000000000000000000e+00 3.633981162858531661e+03 0.000000000000000000e+00
8.084294691462201143e+00 8.659634961604730279e+02 3.793677494196029329e+03 2.242945929104477898e+02 8.659634961604730279e+02 0.000000000000000000e+00 3.793677494196029329e+03 0.000000000000000000e+00
8.998426873397548320e+00 8.659508061696807317e+02 3.940594315970884963e+03 2.242945929104477898e+02 8.659508061696807317e+02 0.000000000000000000e+00 3.940594315970884963e+03 0.000000000000000000e+00
1.001592461509324039e+01 8.659352080648013725e+02 4.070438878571337227e+03 2.242945929104477898e+02 8.659352080648013725e+02 0.000000000000000000e+00 4.070438878571337227e+03 0.000000000000000000e+00
1.114847598437533449e+01 8.659159271960320439e+02 4.178054552541021621e+03 2.242945929104477898e+02 8.659159271960320439e+02 0.000000000000000000e+00 4.178054552541021621e+03 0.000000000000000000e+00
1.240909067814867583e+01 8.658920307673234902e+02 4.259596518606857899e+03 2.242945929104477898e+02 8.658920307673234902e+02 0.000000000000000000e+00 4.259596518606857899e+03 0.000000000000000000e+00
1.381224946569640366e+01 8.658625664253728473e+02 4.313578085541466862e+03 2.242945929104477898e+02 8.658625664253728473e+02 0.000000000000000000e+00 4.313578085541466862e+03 0.000000000000000000e+00
1.537407053029052229e+01 8.658262244607846014e+02 4.337901417547289384e+03 2.242945929104477898e+02 8.658262244607846014e+02 0.000000000000000000e+00 4.337901417547289384e+03 0.000000000000000000e+00
1.711249461989307719e+01 8.657813554189673368e+02 4.331762907748361613e+03 2.242945929104477898e+02 8.657813554189673368e+02 0.000000000000000000e+00 4.331762907748361613e+03 0.000000000000000000e+00
1.904749113378321468e+01 8.657259237394299589e+02 4.296779743129629423e+03 2.242945929104477898e+02 8.657259237394299589e+02 0.000000000000000000e+00 4.296779743129629423e+03 0.000000000000000000e+00
2.120128751244688203e+01 8.656574957036549449e+02 4.237379387217470139e+03 2.242945929104477898e+02 8.656574957036549449e+02 0.000000000000000000e+00 4.237379387217470139e+03 0.000000000000000000e+00
2.359862456574094125e+01 8.655730147154710039e+02 4.157876735805029966e+03 2.242945929104477898e+02 8.655730147154710039e+02 0.000000000000000000e+00 4.157876735805029966e+03 0.000000000000000000e+00
2.626704067231091244e+01 8.654687060307347792e+02 4.061833531730321738e+03 2.242945929104477898e+02 8.654687060307347792e+02 0.000000000000000000e+00 4.061833531730321738e+03 0.000000000000000000e+00
2.923718811487309566e+01 8.653399099095380507e+02 3.951020398014289640e+03 2.242945929104477898e+02 8.653399099095380507e+02 0.000000000000000000e+00 3.951020398014289640e+03 0.000000000000000000e+00
3.254318518513449021e+01 8.651808740268724023e+02 3.824056010905296716e+03 2.242945929104477898e+02 8.651808740268724023e+02 0.000000000000000000e+00 3.824056010905296716e+03 0.000000000000000000e+00
3.622300810299908846e+01 8.649845053089159137e+02 3.675214448001897381e+03 2.242945929104477898e+02 8.649845053089159137e+02 0.000000000000000000e+00 3.675214448001897381e+03 0.000000000000000000e+00
4.031892725206589034e+01 8.647408469540123406e+02 3.494781256092770946e+03 2.242945929104477898e+02 8.647408469540123406e+02 0.000000000000000000e+00 3.494781256092770946e+03 0.000000000000000000e+00
4.487799274248540371e+01 8.644387807686414362e+02 3.278374642893540567e+03 2.242945929104477898e+02 8.644387807686414362e+02 0.000000000000000000e+00 3.278374642893540567e+03 0.000000000000000000e+00
4.995257487887015913e+01 8.640653232449637926e+02 3.039095914998596527e+03 2.242945929104477898e+02 8.640653232449637926e+02 0.000000000000000000e+00 3.039095914998596527e+03 0.000000000000000000e+00
5.560096574165519456e+01 8.636036856959112811e+02 2.802456744732946845e+03 2.242945929104477898e+02 8.636036856959112811e+02 0.000000000000000000e+00 2.802456744732946845e+03 0.000000000000000000e+00
6.188804879230252709e+01 8.630331555867412590e+02 2.589082224252149899e+03 2.242945929104477898e+02 8.630331555867412590e+02 0.000000000000000000e+00 2.589082224252149899e+03 0.000000000000000000e+00
6.888604419417499969e+01 8.623281218298741351e+02 2.395963497132200246e+03 2.242945929104477898e+02 8.623281218298741351e+02 0.000000000000000000e+00 2.395963497132200246e+03 0.000000000000000000e+00
7.667533841060405564e+01 8.614563020711913168e+02 2.196666384350119642e+03 2.242945929104477898e+02 8.614563020711913168e+02 0.000000000000000000e+00 2.196666384350119642e+03 0.000000000000000000e+00
8.534540760983165342e+01 8.603798051665631874e+02 1.977706883501019092e+03 2.242945929104477898e+02 8.603798051665631874e+02 0.000000000000000000e+00 1.977706883501019092e+03 0.000000000000000000e+00
9.499584548401358575e+01 8.590513668530177256e+02 1.758735297109158864e+03 2.242945929104477898e+02 8.590513668530177256e+02 0.000000000000000000e+00 1.758735297109158864e+03 0.000000000000000000e+00
1.057375072889466310e+02 8.574132005290317693e+02 1.564987574676758641e+03 2.242945929104477898e+02 8.574132005290317693e+02 0.000000000000000000e+00 1.564987574676758641e+03 0.000000000000000000e+00
1.176937832461472624e+02 8.553948593546468828e+02 1.396032344929229566e+03 2.242945929104477898e+02 8.553948593546468828e+02 0.000000000000000000e+00 1.396032344929229566e+03 0.000000000000000000e+00
1.310020159349736844e+02 8.529107783567052365e+02 1.241005723173606839e+03 2.242945929104477898e+02 8.529107783567052365e+02 0.000000000000000000e+00 1.241005723173606839e+03 0.000000000000000000e+00
1.458150779564580262e+02 8.498574290121920285e+02 1.098059700013146994e+03 2.242945929104477898e+02 8.498574290121920285e+02 0.000000000000000000e+00 1.098059700013146994e+03 0.000000000000000000e+00
1.623031279915676635e+02 8.461102938459195002e+02 9.554888813622511634e+02 2.242945929104477898e+02 8.461102938459195002e+02 0.000000000000000000e+00 9.554888813622511634e+02 0.000000000000000000e+00
1.806555654259147161e+02 8.415205500403702672e+02 8.268930153822415150e+02 2.242945929104477898e+02 8.415205500403702672e+02 0.000000000000000000e+00 8.268930153822415150e+02 0.000000000000000000e+00
2.010832059937378347e+02 8.358945966670163443e+02 7.177781029747548018e+02 2.242945929104477898e+02 8.358945966670163443e+02 0.000000000000000000e+00 7.177781029747548018e+02 0.000000000000000000e+00
2.238207034330328042e+02 8.290194056169000305e+02 6.165248433251607594e+02 2.242945929104477898e+02 8.290194056169000305e+02 0.000000000000000000e+00 6.165248433251607594e+02 0.000000000000000000e+00
2.491292449694543905e+02 8.206681227551466691e+02 5.199852999634322259e+02 2.242945929104477898e+02 8.206681227551466691e+02 0.000000000000000000e+00 5.199852999634322259e+02 0.000000000000000000e+00
2.772995515922919481e+02 8.105699224316709888e+02 4.418985728085485221e+02 2.242945929104477898e+02 8.105699224316709888e+02 0.000000000000000000e+00 4.418985728085485221e+02 0.000000000000000000e+00
3.086552175868076802e+02 7.984265235061424164e+02 3.714436908686773222e+02 2.242945929104477898e+02 7.984265235061424164e+02 0.000000000000000000e+00 3.714436908686773222e+02 0.000000000000000000e+00
3.435564276845046834e+02 7.839181527059455448e+02 3.087772581025996601e+02 2.242945929104477898e+02 7.839181527059455448e+02 0.000000000000000000e+00 3.087772581025996601e+02 0.000000000000000000e+00
3.824040945302937757e+02 7.667166636653555543e+02 2.583911714238222999e+02 2.242945929104477898e+02 7.667166636653555543e+02 0.000000000000000000e+00 2.583911714238222999e+02 0.000000000000000000e+00
4.256444639942141634e+02 7.465039747021347694e+02 2.135695556843506040e+02 2.242945929104477898e+02 7.465039747021347694e+02 0.000000000000000000e+00 2.135695556843506040e+02 0.000000000000000000e+00
4.737742412289155709e+02 7.230339366690853922e+02 1.767600457083059382e+02 2.242945929104477898e+02 7.230339366690853922e+02 0.000000000000000000e+00 1.767600457083059382e+02 0.000000000000000000e+00
5.273462963565856398e+02 6.961349819189151731e+02 1.447518279306067654e+02 2.242945929104477898e+02 6.961349819189151731e+02 0.000000000000000000e+00 1.447518279306067654e+02 0.000000000000000000e+00
5.869760153267689020e+02 6.657659008417811037e+02 1.179634191158726679e+02 2.242945929104477898e+02 6.657659008417811037e+02 0.000000000000000000e+00 1.179634191158726679e+02 0.000000000000000000e+00
6.533483688978308237e+02 6.320574213748167267e+02 9.565696339586267527e+01 2.242945929104477898e+02 6.320574213748167267e+02 0.000000000000000000e+00 9.565696339586267527e+01 0.000000000000000000e+00
7.272257809440862957e+02 5.953425518570304575e+02 7.734542972050094534e+01 2.242945929104477898e+02 5.953425518570304575e+02 0.000000000000000000e+00 7.734542972050094534e+01 0.000000000000000000e+00
8.094568864722074295e+02 5.561620603436274450e+02 6.220803843550271495e+01 2.242945929104477898e+02 5.561620603436274450e+02 0.000000000000000000e+00 6.220803843550271495e+01 0.000000000000000000e+00
9.009862799510120794e+02 5.152375705147737790e+02 4.980340202715345299e+01 2.242945929104477898e+02 5.152375705147737790e+02 0.000000000000000000e+00 4.980340202715345299e+01 0.000000000000000000e+00
1.002865365934268880e+03 4.734064342131570697e+02 3.968801222779053006e+01 2.242945929104477898e+02 4.734064342131570697e+02 0.000000000000000000e+00 3.968801222779053006e+01 0.000000000000000000e+00
1.116264436618460877e+03 4.316095786544729549e+02 3.148663482608730035e+01 2.242945929104477898e+02 4.316095786544729549e+02 0.000000000000000000e+00 3.148663482608730035e+01 0.000000000000000000e+00
1.242486115071199492e+03 3.908072777360908958e+02 2.487164749254444729e+01 2.242945929104477898e+02 3.908072777360908958e+02 0.000000000000000000e+00 2.487164749254444729e+01 0.000000000000000000e+00
1.382980318553656389e+03 3.512740196175948313e+02 1.955555545254032523e+01 2.242945929104477898e+02 3.512740196175948313e+02 0.000000000000000000e+00 1.955555545254032523e+01 0.000000000000000000e+00
1.539360913821697523e+03 3.133551114142302367e+02 1.530713445144240303e+01 2.242945929104477898e+02 3.133551114142302367e+02 0.000000000000000000e+00 1.530713445144240303e+01 0.000000000000000000e+00
1.713424255726343517e+03 2.772564434361211738e+02 1.192415919539202207e+01 2.242945929104477898e+02 2.772564434361211738e+02 0.000000000000000000e+00 1.192415919539202207e+01 0.000000000000000000e+00
1.907169822067742189e+03 2.431169870612279738e+02 9.249897763569931541e+00 2.242945929104477898e+02 2.431169870612279738e+02 0.000000000000000000e+00 9.249897763569931541e+00 0.000000000000000000e+00
2.122823181736748211e+03 2.111341170354709220e+02 7.149972716851474175e+00 2.242945929104477898e+02 2.111341170354709220e+02 0.000000000000000000e+00 7.149972716851474175e+00 0.000000000000000000e+00
2.362861559980607581e+03 1.817048143895742669e+02 5.503977413343412728e+00 2.242945929104477898e+02 1.817048143895742669e+02 0.000000000000000000e+00 5.503977413343412728e+00 0.000000000000000000e+00
2.630042294462951304e+03 1.549211955368825500e+02 4.218832302017878177e+00 2.242945929104477898e+02 1.549211955368825500e+02 0.000000000000000000e+00 4.218832302017878177e+00 0.000000000000000000e+00
2.927434508994474982e+03 1.308929696710580686e+02 3.218253650605598537e+00 2.242945929104477898e+02 1.308929696710580686e+02 0.000000000000000000e+00 3.218253650605598537e+00 0.000000000000000000e+00
3.258454368773508122e+03 1.096747707235075779e+02 2.443133186459478967e+00 2.242945929104477898e+02 1.096747707235075779e+02 0.000000000000000000e+00 2.443133186459478967e+00 0.000000000000000000e+00
3.626904322114499791e+03 9.119510907794833088e+01 1.845984705981090990e+00 2.242945929104477898e+02 9.119510907794833088e+01 0.000000000000000000e+00 1.845984705981090990e+00 0.000000000000000000e+00
4.037016779438275080e+03 7.528678238108024345e+01 1.389270107982661262e+00 2.242945929104477898e+02 7.528678238108024345e+01 0.000000000000000000e+00 1.389270107982661262e+00 0.000000000000000000e+00
4.493502731267226409e+03 6.172971673025013217e+01 1.040985641075648838e+00 2.242945929104477898e+02 6.172971673025013217e+01 0.000000000000000000e+00 1.040985641075648838e+00 0.000000000000000000e+00
5.001605863702974602e+03 5.031918051701430983e+01 7.775282047513643047e-01 2.242945929104477898e+02 5.031918051701430983e+01 0.000000000000000000e+00 7.775282047513643047e-01 0.000000000000000000e+00
5.567162793016338583e+03 4.082421276820942779e+01 5.781638498947556659e-01 2.242945929104477898e+02 4.082421276820942779e+01 0.000000000000000000e+00 5.781638498947556659e-01 0.000000000000000000e+00
6.196670111266974345e+03 3.301387316613997314e+01 4.280168275996587002e-01 2.242945929104477898e+02 3.301387316613997314e+01 0.000000000000000000e+00 4.280168275996587002e-01 0.000000000000000000e+00
6.897359013111165041e+03 2.668113348148626329e+01 3.154315773974554760e-01 2.242945929104477898e+02 2.668113348148626329e+01 0.000000000000000000e+00 3.154315773974554760e-01 0.000000000000000000e+00
7.677278361042189317e+03 2.157337297482118288e+01 2.316023003022810167e-01 2.242945929104477898e+02 2.157337297482118288e+01 0.000000000000000000e+00 2.316023003022810167e-01 0.000000000000000000e+00
8.545387143236317570e+03 1.750579641428840461e+01 1.692865555601632821e-01 2.242945929104477898e+02 1.750579641428840461e+01 0.000000000000000000e+00 1.692865555601632821e-01 0.000000000000000000e+00
9.511657386079081334e+03 1.425933219054621048e+01 1.230888268610860065e-01 2.242945929104477898e+02 1.425933219054621048e+01 0.000000000000000000e+00 1.230888268610860065e-01 0.000000000000000000e+00
1.058718870352829254e+04 1.168875454716613760e+01 8.910174500260888142e-02 2.242945929104477898e+02 1.168875454716613760e+01 0.000000000000000000e+00 8.910174500260888142e-02 0.000000000000000000e+00
1.178433579916051713e+04 9.655613005296826756e+00 6.425415807221676601e-02 2.242945929104477898e+02 9.655613005296826756e+00 0.000000000000000000e+00 6.425415807221676601e-02 0.000000000000000000e+00
1.311685038551288017e+04 8.035684939287936146e+00 4.608891861512292437e-02 2.242945929104477898e+02 8.035684939287936146e+00 0.000000000000000000e+00 4.608891861512292437e-02 0.000000000000000000e+00
1.460003915097147365e+04 6.729597116051193595e+00 3.289160483384712119e-02 2.242945929104477898e+02 6.729597116051193595e+00 0.000000000000000000e+00 3.289160483384712119e-02 0.000000000000000000e+00
1.625093958876844590e+04 5.667490178601543249e+00 2.333191697727728456e-02 2.242945929104477898e+02 5.667490178601543249e+00 0.000000000000000000e+00 2.333191697727728456e-02 0.000000000000000000e+00
1.808851570786662342e+04 4.790304650768955952e+00 1.634845254994473154e-02 2.242945929104477898e+02 4.790304650768955952e+00 0.000000000000000000e+00 1.634845254994473154e-02 0.000000000000000000e+00
2.013387587385212828e+04 4.052940140782597567e+00 1.140247178485975441e-02 2.242945929104477898e+02 4.052940140782597567e+00 0.000000000000000000e+00 1.140247178485975441e-02 0.000000000000000000e+00
2.241051528221264743e+04 3.430748951395107049e+00 7.902014980482374717e-03 2.242945929104477898e+02 3.430748951395107049e+00 0.000000000000000000e+00 7.902014980482374717e-03 0.000000000000000000e+00
2.494458584929090648e+04 2.896391483750408558e+00 5.383860466626725835e-03 2.242945929104477898e+02 2.896391483750408558e+00 0.000000000000000000e+00 5.383860466626725835e-03 0.000000000000000000e+00
2.776519662118276028e+04 2.432405898086912988e+00 3.627321143402598581e-03 2.242945929104477898e+02 2.432405898086912988e+00 0.000000000000000000e+00 3.627321143402598581e-03 0.000000000000000000e+00
3.090474815138586200e+04 2.029174481034697219e+00 2.414297233271428360e-03 2.242945929104477898e+02 2.029174481034697219e+00 0.000000000000000000e+00 2.414297233271428360e-03 0.000000000000000000e+00
3.439930468822552211e+04 1.678792759102680998e+00 1.560148294657207188e-03 2.242945929104477898e+02 1.678792759102680998e+00 0.000000000000000000e+00 1.560148294657207188e-03 0.000000000000000000e+00
3.828900844740607135e+04 1.372432208582323288e+00 9.691217465702942806e-04 2.242945929104477898e+02 1.372432208582323288e+00 0.000000000000000000e+00 9.691217465702942806e-04 0.000000000000000000e+00
4.261854072845193878e+04 1.108637765165762845e+00 5.829715085615781028e-04 2.242945929104477898e+02 1.108637765165762845e+00 0.000000000000000000e+00 5.829715085615781028e-04 0.000000000000000000e+00
4.743763517192281142e+04 8.850383364302675249e-01 3.287147993164283915e-04 2.242945929104477898e+02 8.850383364302675249e-01 0.000000000000000000e+00 3.287147993164283915e-04 0.000000000000000000e+00
