1.056032981064548126e+00 1.650658492770692124e-11 6.766930719760514484e-10 0.000000000000000000e+00
1.175443983510534363e+00 1.784493700922765208e-11 7.531797809429395046e-10 0.000000000000000000e+00
1.308357393325258133e+00 1.918177637162069962e-11 8.380290667384014538e-10 0.000000000000000000e+00
1.456299996156748877e+00 2.051598541333712403e-11 9.314647098431368799e-10 0.000000000000000000e+00
1.620971219045888478e+00 2.187323742551074034e-11 1.035202735270985388e-09 0.000000000000000000e+00
1.804262651863866251e+00 2.316672935092593157e-11 1.148850649979234684e-09 0.000000000000000000e+00
2.008279776137516404e+00 2.436944268226420112e-11 1.273584272939579719e-09 0.000000000000000000e+00
2.235366150863083323e+00 2.545393680052612671e-11 1.410231436344172922e-09 0.000000000000000000e+00
2.488130333132567262e+00 2.638791188657080866e-11 1.557854529036367124e-09 0.000000000000000000e+00
2.769475842811750965e+00 2.718230354477713661e-11 1.719138893305138626e-09 0.000000000000000000e+00
3.082634515476230241e+00 2.778728907584782610e-11 1.891108002531479021e-09 0.000000000000000000e+00
3.431203626733101864e+00 2.821229384354080160e-11 2.073818804442010978e-09 0.000000000000000000e+00
3.819187214377767425e+00 2.851749482723868946e-11 2.277920160212595569e-09 0.000000000000000000e+00
4.251042073056519932e+00 2.862749837494575829e-11 2.472272305701845394e-09 0.000000000000000000e+00
4.731728949778890581e+00 2.869719303156868260e-11 2.683210278172007658e-09 0.000000000000000000e+00
5.266769528365972342e+00 2.871248582660322121e-11 2.898251789813862760e-09 0.000000000000000000e+00
5.862309857419115922e+00 2.870093180783347471e-11 3.118433960136452763e-09 0.000000000000000000e+00
6.525190950410857837e+00 2.867962305961535289e-11 3.335016497995062725e-09 0.000000000000000000e+00
7.263027368885755841e+00 2.865656891266117331e-11 3.533198204904965143e-09 0.000000000000000000e+00
8.084294691462201143e+00 2.862522530042475291e-11 3.717726393739558221e-09 0.000000000000000000e+00
8.998426873397548320e+00 2.859470951286136884e-11 3.902921134370181570e-09 0.000000000000000000e+00
1.001592461509324039e+01 2.856069287865288734e-11 4.086000652075146714e-09 0.000000000000000000e+00
1.114847598437533449e+01 2.852282377597851386e-11 4.266658674216029876e-09 0.000000000000000000e+00
1.240909067814867583e+01 2.848070016250724560e-11 4.443398946611187706e-09 0.000000000000000000e+00
1.381224946569640366e+01 2.843414451775702524e-11 4.610671914702056277e-09 0.000000000000000000e+00
1.537407053029052229e+01 2.838182099212464371e-11 4.769929474664008465e-09 0.000000000000000000e+00
1.711249461989307719e+01 2.832726161620686242e-11 4.917489373836737922e-09 0.000000000000000000e+00
1.904749113378321468e+01 2.825994285797316694e-11 5.051487027272472123e-09 0.000000000000000000e+00
2.120128751244688203e+01 2.818891460116666265e-11 5.167131987782927755e-09 0.000000000000000000e+00
2.359862456574094125e+01 2.811023446658328624e-11 5.263986823918662724e-09 0.000000000000000000e+00
2.626704067231091244e+01 2.802314958826984177e-11 5.338841222471859893e-09 0.000000000000000000e+00
2.923718811487309566e+01 2.792729897990029850e-11 5.388614835149424591e-09 0.000000000000000000e+00
3.254318518513449021e+01 2.782039304826620652e-11 5.411484270833328847e-09 0.000000000000000000e+00
3.622300810299908846e+01 2.770276960916998016e-11 5.405158024663094886e-09 0.000000000000000000e+00
4.031892725206589034e+01 2.757308186081800551e-11 5.371893427625140808e-09 0.000000000000000000e+00
4.487799274248540371e+01 2.743001874361319507e-11 5.299868157117522368e-09 0.000000000000000000e+00
4.995257487887015913e+01 2.727276643608369340e-11 5.199018211141984658e-09 0.000000000000000000e+00
5.560096574165519456e+01 2.709892378495327566e-11 5.065587756442815271e-09 0.000000000000000000e+00
6.188804879230252709e+01 2.690682559516414083e-11 4.901833668152313668e-09 0.000000000000000000e+00
6.888604419417499969e+01 2.669631249190900998e-11 4.707566068632449773e-09 0.000000000000000000e+00
7.667533841060405564e+01 2.646553976284035917e-11 4.486935763006716275e-09 0.000000000000000000e+00
8.534540760983165342e+01 2.621264269498957277e-11 4.243255772959766861e-09 0.000000000000000000e+00
9.499584548401358575e+01 2.593605867556072839e-11 3.980690910933316108e-09 0.000000000000000000e+00
1.057375072889466310e+02 2.566345604297291160e-11 3.705069678317229803e-09 0.000000000000000000e+00
1.176937832461472624e+02 2.530418778645530822e-11 3.420631949035998551e-09 0.000000000000000000e+00
1.310020159349736844e+02 2.494537227673323425e-11 3.134489984518351169e-09 0.000000000000000000e+00
1.458150779564580262e+02 2.455549447509650363e-11 2.851155244992627050e-09 0.000000000000000000e+00
1.623031279915676635e+02 2.413260321941931394e-11 2.577760677233794014e-09 0.000000000000000000e+00
1.806555654259147161e+02 2.367536098685192213e-11 2.316006823139107047e-09 0.000000000000000000e+00
2.010832059937378347e+02 2.318221198363212644e-11 2.072319269189709164e-09 0.000000000000000000e+00
2.238207034330328042e+02 2.265193646607185968e-11 1.845737685968831367e-09 0.000000000000000000e+00
2.491292449694543905e+02 2.211199330667606694e-11 1.637285785141801070e-09 0.000000000000000000e+00
2.772995515922919481e+02 2.150402543269413335e-11 1.446329593505076043e-09 0.000000000000000000e+00
3.086552175868076802e+02 2.085652150545374529e-11 1.270283998290018649e-09 0.000000000000000000e+00
3.435564276845046834e+02 2.016999803091986139e-11 1.107618554952309958e-09 0.000000000000000000e+00
3.824040945302937757e+02 1.944546694013219109e-11 9.569299826359671904e-10 0.000000000000000000e+00
4.256444639942141634e+02 1.868419148410202144e-11 8.180676259099328122e-10 0.000000000000000000e+00
4.737742412289155709e+02 1.786714392496446070e-11 6.926033723485901171e-10 0.000000000000000000e+00
5.273462963565856398e+02 1.706091272350548800e-11 5.824644101172712280e-10 0.000000000000000000e+00
5.869760153267689020e+02 1.620430578790841966e-11 4.887783147564563991e-10 0.000000000000000000e+00
6.533483688978308237e+02 1.532300548128565093e-11 4.100583261414465989e-10 0.000000000000000000e+00
7.272257809440862957e+02 1.442194105816542581e-11 3.429523832760220809e-10 0.000000000000000000e+00
8.094568864722074295e+02 1.350666678392811214e-11 2.841737712640012050e-10 0.000000000000000000e+00
9.009862799510120794e+02 1.258331124083606054e-11 2.329734585881232866e-10 0.000000000000000000e+00
1.002865365934268880e+03 1.165842107776017299e-11 1.902454674335100201e-10 0.000000000000000000e+00
1.116264436618460877e+03 1.072897648131302242e-11 1.554796178628208728e-10 0.000000000000000000e+00
1.242486115071199492e+03 9.826211395013096503e-12 1.262950191727381303e-10 0.000000000000000000e+00
1.382980318553656389e+03 8.943371602992307896e-12 1.016953326419135346e-10 0.000000000000000000e+00
1.539360913821697523e+03 8.087282664034496949e-12 8.180939201768769127e-11 0.000000000000000000e+00
1.713424255726343517e+03 7.267527043260999279e-12 6.545364519150759671e-11 0.000000000000000000e+00
1.907169822067742189e+03 6.487162506882558938e-12 5.212243775189336160e-11 0.000000000000000000e+00
2.122823181736748211e+03 5.750243350607920657e-12 4.140338124609742563e-11 0.000000000000000000e+00
2.362861559980607581e+03 5.058675823262542285e-12 3.266843754300358994e-11 0.000000000000000000e+00
2.630042294462951304e+03 4.421097551874715610e-12 2.569434860899845225e-11 0.000000000000000000e+00
2.927434508994474982e+03 3.838404894553738524e-12 2.013204740104009737e-11 0.000000000000000000e+00
3.258454368773508122e+03 3.306719598264371956e-12 1.571121243525439109e-11 0.000000000000000000e+00
3.626904322114499791e+03 2.825982261456545720e-12 1.221491353648012076e-11 0.000000000000000000e+00
4.037016779438275080e+03 2.399235287976843258e-12 9.455679342685712769e-12 0.000000000000000000e+00
4.493502731267226409e+03 2.022796534789431565e-12 7.291030460157923467e-12 0.000000000000000000e+00
5.001605863702974602e+03 1.693709380884474528e-12 5.603262562664702203e-12 0.000000000000000000e+00
5.567162793016338583e+03 1.408345262497896549e-12 4.277235551652405470e-12 0.000000000000000000e+00
6.196670111266974345e+03 1.162963466979234619e-12 3.269144916481896766e-12 0.000000000000000000e+00
6.897359013111165041e+03 9.542227632129177345e-13 2.481888900259601235e-12 0.000000000000000000e+00
7.677278361042189317e+03 7.780985805253579517e-13 1.876723088630523929e-12 0.000000000000000000e+00
8.545387143236317570e+03 6.305074745416541565e-13 1.413588657025199975e-12 0.000000000000000000e+00
9.511657386079081334e+03 5.077944526627706720e-13 1.059939491004695726e-12 0.000000000000000000e+00
1.058718870352829254e+04 4.065009744758613185e-13 7.916110333461125137e-13 0.000000000000000000e+00
1.178433579916051713e+04 3.235919266060318831e-13 5.897947031382142334e-13 0.000000000000000000e+00
1.311685038551288017e+04 2.563405488467393886e-13 4.355282561685146481e-13 0.000000000000000000e+00
1.460003915097147365e+04 2.019167077630891909e-13 3.207858502594987021e-13 0.000000000000000000e+00
1.625093958876844590e+04 1.582358362380203203e-13 2.350740154842375511e-13 0.000000000000000000e+00
1.808851570786662342e+04 1.233940064974271268e-13 1.714040435954326324e-13 0.000000000000000000e+00
2.013387587385212828e+04 9.573055161917820691e-14 1.241504924591723740e-13 0.000000000000000000e+00
2.241051528221264743e+04 7.388010514417691107e-14 8.942353245974869787e-14 0.000000000000000000e+00
2.494458584929090648e+04 5.673649664882219069e-14 6.387142296065756240e-14 0.000000000000000000e+00
2.776519662118276028e+04 4.332643537055813454e-14 4.545761495078203706e-14 0.000000000000000000e+00
3.090474815138586200e+04 3.289831091008694524e-14 3.204446106802009941e-14 0.000000000000000000e+00
3.439930468822552211e+04 2.481742453365963938e-14 2.240323016327370349e-14 0.000000000000000000e+00
3.828900844740607135e+04 1.858925976007585085e-14 1.549540853093837701e-14 0.000000000000000000e+00
4.261854072845193878e+04 1.381456314689481985e-14 1.060787529507852319e-14 0.000000000000000000e+00
4.743763517192281142e+04 1.016921222158314663e-14 7.173458500212031501e-15 0.000000000000000000e+00
