1.047376681114152053e+00 2.191462684625272050e+00 1.980085487794262633e+01 0.000000000000000000e+00
1.147378904865844262e+00 2.005527327844301766e+00 2.064425855407878885e+01 0.000000000000000000e+00
1.256929216650817027e+00 1.835106396481206881e+00 2.172584235993326374e+01 0.000000000000000000e+00
1.376939256047382987e+00 1.679232387489657530e+00 2.290351267906785182e+01 0.000000000000000000e+00
1.508407704847735342e+00 1.535898080609726879e+00 2.433137372298026690e+01 0.000000000000000000e+00
1.652428597740346783e+00 1.405007961156156115e+00 2.591431231947633762e+01 0.000000000000000000e+00
1.810200426485989444e+00 1.285131451914040879e+00 2.769387735373323878e+01 0.000000000000000000e+00
1.983036113349190055e+00 1.175474450405865401e+00 2.970997668794511171e+01 0.000000000000000000e+00
2.172373936780469084e+00 1.075245523484690713e+00 3.197974575375466344e+01 0.000000000000000000e+00
2.379789500269210656e+00 9.835567745378268611e-01 3.452426629512950740e+01 0.000000000000000000e+00
2.607008843967693057e+00 8.997528721858156775e-01 3.743713204449771581e+01 0.000000000000000000e+00
2.855922808196662110e+00 8.231450227872150194e-01 4.051371187085056391e+01 0.000000000000000000e+00
3.128602768360589703e+00 7.531327720560909711e-01 4.385445411237122926e+01 0.000000000000000000e+00
3.427317872213148320e+00 6.891582117890423520e-01 4.742011111338455720e+01 0.000000000000000000e+00
3.754553922915217612e+00 6.304560923223647695e-01 5.137090766665511410e+01 0.000000000000000000e+00
4.113034065023922992e+00 5.773006971809098165e-01 5.568339622440731773e+01 0.000000000000000000e+00
4.505741445554233060e+00 5.285148134913565388e-01 6.039497146409711092e+01 0.000000000000000000e+00
4.935944038690323943e+00 4.839499441881631725e-01 6.554102332951148924e+01 0.000000000000000000e+00
5.407221840729851792e+00 4.432397016066376150e-01 7.113155878441037316e+01 0.000000000000000000e+00
5.923496661567464905e+00 4.060597877898378671e-01 7.721396150547658976e+01 0.000000000000000000e+00
6.489064760632228257e+00 3.720989653191092428e-01 8.381739476246191600e+01 0.000000000000000000e+00
7.108632598863702690e+00 3.409203206885030313e-01 9.097471554686923412e+01 0.000000000000000000e+00
7.787356004242504071e+00 3.127483415904084296e-01 9.872196625520133750e+01 0.000000000000000000e+00
8.530883076796710540e+00 2.868711571191874810e-01 1.070885383669921112e+02 0.000000000000000000e+00
9.345401190125155466e+00 2.632354711132830483e-01 1.161202451841796659e+02 0.000000000000000000e+00
1.023768848056787562e+01 2.416775120093258566e-01 1.258426913228254733e+02 0.000000000000000000e+00
1.121517025249811894e+01 2.219181397189640970e-01 1.362912397471267525e+02 0.000000000000000000e+00
1.228598076912194514e+01 2.039179748695888472e-01 1.474959381328139045e+02 0.000000000000000000e+00
1.345903094298667391e+01 1.874964808546067396e-01 1.594692949467156211e+02 0.000000000000000000e+00
1.474408248949403344e+01 1.722250743761226111e-01 1.722346218362242496e+02 0.000000000000000000e+00
1.615182916049993622e+01 1.587047627190386334e-01 1.858176734954887479e+02 0.000000000000000000e+00
1.769398573399677943e+01 1.461592850682693900e-01 2.002200113447187277e+02 0.000000000000000000e+00
1.938338550041915553e+01 1.347168332723355233e-01 2.154296174296395066e+02 0.000000000000000000e+00
2.123408705682203390e+01 1.242224728459889460e-01 2.314244152472294900e+02 0.000000000000000000e+00
2.326149129763491885e+01 1.146433490862120430e-01 2.481765239441839981e+02 0.000000000000000000e+00
2.548246957554494685e+01 1.059183093134796749e-01 2.656278892576621615e+02 0.000000000000000000e+00
2.791550409902576035e+01 9.791607117288053663e-02 2.837226397150857906e+02 0.000000000000000000e+00
3.058084173484374801e+01 9.060229577145534341e-02 3.023527916655672243e+02 0.000000000000000000e+00
3.350066249544163099e+01 8.392338019966241736e-02 3.213991614484932029e+02 0.000000000000000000e+00
3.669926411328104621e+01 7.781404051168068492e-02 3.407216342062504282e+02 0.000000000000000000e+00
4.020326423812159788e+01 7.222667545853472815e-02 3.601292757338468391e+02 0.000000000000000000e+00
4.404182193983774596e+01 6.711801627744115595e-02 3.794167525387763362e+02 0.000000000000000000e+00
4.824688036005658631e+01 6.244203908879982640e-02 3.983022865462539812e+02 0.000000000000000000e+00
5.285343253186462675e+01 5.816336784968879903e-02 4.165222087472679959e+02 0.000000000000000000e+00
5.789981257965639116e+01 5.424709802292438515e-02 4.337247748510421275e+02 0.000000000000000000e+00
6.342801472237731275e+01 5.066270035449865761e-02 4.495331429704718289e+02 0.000000000000000000e+00
6.948404273480723248e+01 4.738022301095185657e-02 4.635238543327710090e+02 0.000000000000000000e+00
7.611829277496100588e+01 4.437328253520705923e-02 4.752466469550924444e+02 0.000000000000000000e+00
8.338597276338916231e+01 4.161741483862235053e-02 4.842223219453693446e+02 0.000000000000000000e+00
9.134756180427312700e+01 3.909144432553750964e-02 4.899454167211582103e+02 0.000000000000000000e+00
1.000693134715016583e+02 3.677890328050894414e-02 4.919624143061644190e+02 0.000000000000000000e+00
1.096238071478445875e+02 3.464791657329118618e-02 4.898053980592063681e+02 0.000000000000000000e+00
1.200905520053401574e+02 3.269848259036196164e-02 4.831634483279806886e+02 0.000000000000000000e+00
1.315566486529429255e+02 3.090593752625258803e-02 4.718090992867744262e+02 0.000000000000000000e+00
1.441175139575057074e+02 2.925889109129043916e-02 4.557873916296119887e+02 0.000000000000000000e+00
1.578776750697290652e+02 2.774415866687781826e-02 4.353447593024803268e+02 0.000000000000000000e+00
1.729516392627509163e+02 2.635029793866107417e-02 4.111136505645293937e+02 0.000000000000000000e+00
1.894648468218269102e+02 2.506649418066268439e-02 3.840294542375518745e+02 0.000000000000000000e+00
2.075547149147497805e+02 2.388292364900933273e-02 3.553713634018787388e+02 0.000000000000000000e+00
2.273717811296867524e+02 2.279089789174157041e-02 3.265961969054378073e+02 0.000000000000000000e+00
2.490809561966414378e+02 2.178228215927972486e-02 2.992392167613803622e+02 0.000000000000000000e+00
2.728628963171397004e+02 2.084961033633922142e-02 2.745363010243252120e+02 0.000000000000000000e+00
2.989155065223001202e+02 1.998620469081800743e-02 2.533108989546916234e+02 0.000000000000000000e+00
3.274555875696430576e+02 1.918519351814120671e-02 2.357698985634059454e+02 0.000000000000000000e+00
3.587206400835506770e+02 1.844207768256914820e-02 2.207320320876073936e+02 0.000000000000000000e+00
3.929708409528589073e+02 1.775234404027688576e-02 2.064368632675078459e+02 0.000000000000000000e+00
4.304912084323515842e+02 1.710748190432789806e-02 1.906290679655106715e+02 0.000000000000000000e+00
4.715939739655653398e+02 1.650693647112452117e-02 1.716886224082965668e+02 0.000000000000000000e+00
5.166211804661829774e+02 1.594539566692297974e-02 1.499036965209550658e+02 0.000000000000000000e+00
5.659475286801639413e+02 1.541923401028970006e-02 1.278291007176773775e+02 0.000000000000000000e+00
6.199834953149968442e+02 1.492507845906335465e-02 1.089873848567574157e+02 0.000000000000000000e+00
6.791787488840413971e+02 1.445986467053255072e-02 9.565238948657759011e+01 0.000000000000000000e+00
7.440258916913708163e+02 1.402077336931589237e-02 8.661737735486289580e+01 0.000000000000000000e+00
8.150645590969156729e+02 1.360520625807703186e-02 7.796929873073167983e+01 0.000000000000000000e+00
8.928859101739425341e+02 1.321066855214006637e-02 6.700446849912782454e+01 0.000000000000000000e+00
9.781375471293952160e+02 1.283523282398659447e-02 5.544676387985560950e+01 0.000000000000000000e+00
1.071528904423998938e+03 1.247690538640214113e-02 4.699275575260796245e+01 0.000000000000000000e+00
1.173837152439038618e+03 1.213342776049552117e-02 4.147555648145483786e+01 0.000000000000000000e+00
1.285913664817961262e+03 1.180357482188764025e-02 3.561011636522366786e+01 0.000000000000000000e+00
1.408691103301366638e+03 1.148563627326306194e-02 2.935692440212744003e+01 0.000000000000000000e+00
1.543191179013896317e+03 1.117843264396230739e-02 2.494473236735827015e+01 0.000000000000000000e+00
1.690533154788281536e+03 1.088020509642903880e-02 2.126370413736954390e+01 0.000000000000000000e+00
1.851943159281576072e+03 1.059003068832946835e-02 1.756974116137902442e+01 0.000000000000000000e+00
2.028764390390979997e+03 1.030685293242046552e-02 1.481103799701597978e+01 0.000000000000000000e+00
2.222468292879554156e+03 1.002977470809674615e-02 1.229980893471717884e+01 0.000000000000000000e+00
2.434666803227443324e+03 9.757767817417431142e-03 1.023411221149789441e+01 0.000000000000000000e+00
2.667125763606631153e+03 9.490240828683105256e-03 8.470486249655264643e+00 0.000000000000000000e+00
2.921779616604781040e+03 9.226472365227458838e-03 7.006866183787919589e+00 0.000000000000000000e+00
3.200747502983503637e+03 8.965916388780130475e-03 5.769840460815743199e+00 0.000000000000000000e+00
3.506350896430803459e+03 8.707934385563116664e-03 4.745103332813357611e+00 0.000000000000000000e+00
3.841132922056807729e+03 8.452240918650519991e-03 3.892276473640010614e+00 0.000000000000000000e+00
4.207879519396391515e+03 8.198439114031706026e-03 3.184542639088239646e+00 0.000000000000000000e+00
4.609642626029024541e+03 7.946259280293566790e-03 2.600649488148741195e+00 0.000000000000000000e+00
5.049765574740205011e+03 7.695483838661429724e-03 2.118850833188819838e+00 0.000000000000000000e+00
5.531910915575709623e+03 7.445972016845724822e-03 1.723215024381835381e+00 0.000000000000000000e+00
6.060090894306204063e+03 7.197629648305906014e-03 1.398532023594129869e+00 0.000000000000000000e+00
6.638700840942902687e+03 6.950436287549776465e-03 1.133043979900770770e+00 0.000000000000000000e+00
7.272555746143336364e+03 6.704409103792726733e-03 9.162436755195911831e-01 0.000000000000000000e+00
7.966930329887627522e+03 6.459616855003456545e-03 7.397353375246961127e-01 0.000000000000000000e+00
8.727602935865841573e+03 6.216164674030808315e-03 5.962306510595948295e-01 0.000000000000000000e+00
9.560903616839295864e+03 5.974194041317847093e-03 4.796819841873216084e-01 0.000000000000000000e+00
