1.056032981064548126e+00 0.000000000000000000e+00 1.902954217221266262e-08 0.000000000000000000e+00
1.175443983510534363e+00 0.000000000000000000e+00 2.021162945894077134e-08 0.000000000000000000e+00
1.308357393325258133e+00 0.000000000000000000e+00 2.136362346702297516e-08 0.000000000000000000e+00
1.456299996156748877e+00 0.000000000000000000e+00 2.249173939912329788e-08 0.000000000000000000e+00
1.620971219045888478e+00 0.000000000000000000e+00 2.359204593059640848e-08 0.000000000000000000e+00
1.804262651863866251e+00 0.000000000000000000e+00 2.464594501420329344e-08 0.000000000000000000e+00
2.008279776137516404e+00 0.000000000000000000e+00 2.567942881717922997e-08 0.000000000000000000e+00
2.235366150863083323e+00 0.000000000000000000e+00 2.666514858641659777e-08 0.000000000000000000e+00
2.488130333132567262e+00 0.000000000000000000e+00 2.759868944659046634e-08 0.000000000000000000e+00
2.769475842811750965e+00 0.000000000000000000e+00 2.847055840317871827e-08 0.000000000000000000e+00
3.082634515476230241e+00 0.000000000000000000e+00 2.928033243405158298e-08 0.000000000000000000e+00
3.431203626733101864e+00 0.000000000000000000e+00 3.000132626928858535e-08 0.000000000000000000e+00
3.819187214377767425e+00 0.000000000000000000e+00 3.063083965584143447e-08 0.000000000000000000e+00
4.251042073056519932e+00 0.000000000000000000e+00 3.111078799104594692e-08 0.000000000000000000e+00
4.731728949778890581e+00 0.000000000000000000e+00 3.155018507693841535e-08 0.000000000000000000e+00
5.266769528365972342e+00 0.000000000000000000e+00 3.181541608696635924e-08 0.000000000000000000e+00
5.862309857419115922e+00 0.000000000000000000e+00 3.193548227792078356e-08 0.000000000000000000e+00
6.525190950410857837e+00 0.000000000000000000e+00 3.190277471728690071e-08 0.000000000000000000e+00
7.263027368885755841e+00 0.000000000000000000e+00 3.170546195982664349e-08 0.000000000000000000e+00
8.084294691462201143e+00 0.000000000000000000e+00 3.133841506079715534e-08 0.000000000000000000e+00
8.998426873397548320e+00 0.000000000000000000e+00 3.080463717669789239e-08 0.000000000000000000e+00
1.001592461509324039e+01 0.000000000000000000e+00 3.009961755734104054e-08 0.000000000000000000e+00
1.114847598437533449e+01 0.000000000000000000e+00 2.925761017620844377e-08 0.000000000000000000e+00
1.240909067814867583e+01 0.000000000000000000e+00 2.820432558937250941e-08 0.000000000000000000e+00
1.381224946569640366e+01 0.000000000000000000e+00 2.703547738650712600e-08 0.000000000000000000e+00
1.537407053029052229e+01 0.000000000000000000e+00 2.567487166910453653e-08 0.000000000000000000e+00
1.711249461989307719e+01 0.000000000000000000e+00 2.434020997867580561e-08 0.000000000000000000e+00
1.904749113378321468e+01 0.000000000000000000e+00 2.285845606133906717e-08 0.000000000000000000e+00
2.120128751244688203e+01 0.000000000000000000e+00 2.132031588295569676e-08 0.000000000000000000e+00
2.359862456574094125e+01 0.000000000000000000e+00 1.975638727408947496e-08 0.000000000000000000e+00
2.626704067231091244e+01 0.000000000000000000e+00 1.819185338624529465e-08 0.000000000000000000e+00
2.923718811487309566e+01 0.000000000000000000e+00 1.665277499645007635e-08 0.000000000000000000e+00
3.254318518513449021e+01 0.000000000000000000e+00 1.516143851022733560e-08 0.000000000000000000e+00
3.622300810299908846e+01 0.000000000000000000e+00 1.373616925121690831e-08 0.000000000000000000e+00
4.031892725206589034e+01 0.000000000000000000e+00 1.238978381727533060e-08 0.000000000000000000e+00
4.487799274248540371e+01 0.000000000000000000e+00 1.112968924135754626e-08 0.000000000000000000e+00
4.995257487887015913e+01 0.000000000000000000e+00 9.958637366954655912e-09 0.000000000000000000e+00
5.560096574165519456e+01 0.000000000000000000e+00 8.875883194266328460e-09 0.000000000000000000e+00
6.188804879230252709e+01 0.000000000000000000e+00 7.878903144879884696e-09 0.000000000000000000e+00
6.888604419417499969e+01 0.000000000000000000e+00 6.964701323332299824e-09 0.000000000000000000e+00
7.667533841060405564e+01 0.000000000000000000e+00 6.131429453469446147e-09 0.000000000000000000e+00
8.534540760983165342e+01 0.000000000000000000e+00 5.377852229937154748e-09 0.000000000000000000e+00
9.499584548401358575e+01 0.000000000000000000e+00 4.702087622296980461e-09 0.000000000000000000e+00
1.057375072889466310e+02 0.000000000000000000e+00 4.101375973774173873e-09 0.000000000000000000e+00
1.176937832461472624e+02 0.000000000000000000e+00 3.571352300286735942e-09 0.000000000000000000e+00
1.310020159349736844e+02 0.000000000000000000e+00 3.105697615502874488e-09 0.000000000000000000e+00
1.458150779564580262e+02 0.000000000000000000e+00 2.701070797117271333e-09 0.000000000000000000e+00
1.623031279915676635e+02 0.000000000000000000e+00 2.349215104240442944e-09 0.000000000000000000e+00
1.806555654259147161e+02 0.000000000000000000e+00 2.045463485870886976e-09 0.000000000000000000e+00
2.010832059937378347e+02 0.000000000000000000e+00 1.782790487633824333e-09 0.000000000000000000e+00
2.238207034330328042e+02 0.000000000000000000e+00 1.556695407719272216e-09 0.000000000000000000e+00
2.491292449694543905e+02 0.000000000000000000e+00 1.361769728333267441e-09 0.000000000000000000e+00
2.772995515922919481e+02 0.000000000000000000e+00 1.193443859700772373e-09 0.000000000000000000e+00
3.086552175868076802e+02 0.000000000000000000e+00 1.048299367001766901e-09 0.000000000000000000e+00
3.435564276845046834e+02 0.000000000000000000e+00 9.224317361906696884e-10 0.000000000000000000e+00
3.824040945302937757e+02 0.000000000000000000e+00 8.130130573366174468e-10 0.000000000000000000e+00
4.256444639942141634e+02 0.000000000000000000e+00 7.174903677612543507e-10 0.000000000000000000e+00
4.737742412289155709e+02 0.000000000000000000e+00 6.337225238834689601e-10 0.000000000000000000e+00
5.273462963565856398e+02 0.000000000000000000e+00 5.599344429372735611e-10 0.000000000000000000e+00
5.869760153267689020e+02 0.000000000000000000e+00 4.946559979606490580e-10 0.000000000000000000e+00
6.533483688978308237e+02 0.000000000000000000e+00 4.366737174863499883e-10 0.000000000000000000e+00
7.272257809440862957e+02 0.000000000000000000e+00 3.849892738771357238e-10 0.000000000000000000e+00
8.094568864722074295e+02 0.000000000000000000e+00 3.387882690541464445e-10 0.000000000000000000e+00
9.009862799510120794e+02 0.000000000000000000e+00 2.974085240644527870e-10 0.000000000000000000e+00
1.002865365934268880e+03 0.000000000000000000e+00 2.603168086805082080e-10 0.000000000000000000e+00
1.116264436618460877e+03 0.000000000000000000e+00 2.270737069376229547e-10 0.000000000000000000e+00
1.242486115071199492e+03 0.000000000000000000e+00 1.973166441490912904e-10 0.000000000000000000e+00
1.382980318553656389e+03 0.000000000000000000e+00 1.707392483313789727e-10 0.000000000000000000e+00
1.539360913821697523e+03 0.000000000000000000e+00 1.470758584667112743e-10 0.000000000000000000e+00
1.713424255726343517e+03 0.000000000000000000e+00 1.260895314462212841e-10 0.000000000000000000e+00
1.907169822067742189e+03 0.000000000000000000e+00 1.075630931114359465e-10 0.000000000000000000e+00
2.122823181736748211e+03 0.000000000000000000e+00 9.129277086302225657e-11 0.000000000000000000e+00
2.362861559980607581e+03 0.000000000000000000e+00 7.708198073720135257e-11 0.000000000000000000e+00
2.630042294462951304e+03 0.000000000000000000e+00 6.474830810400771441e-11 0.000000000000000000e+00
2.927434508994474982e+03 0.000000000000000000e+00 5.410806106445837209e-11 0.000000000000000000e+00
3.258454368773508122e+03 0.000000000000000000e+00 4.498685317555779248e-11 0.000000000000000000e+00
3.626904322114499791e+03 0.000000000000000000e+00 3.721769548338446773e-11 0.000000000000000000e+00
4.037016779438275080e+03 0.000000000000000000e+00 3.064215091625017110e-11 0.000000000000000000e+00
4.493502731267226409e+03 0.000000000000000000e+00 2.510852129050843899e-11 0.000000000000000000e+00
5.001605863702974602e+03 0.000000000000000000e+00 2.048578426274737952e-11 0.000000000000000000e+00
5.567162793016338583e+03 0.000000000000000000e+00 1.664397348229607934e-11 0.000000000000000000e+00
6.196670111266974345e+03 0.000000000000000000e+00 1.346911697331453684e-11 0.000000000000000000e+00
6.897359013111165041e+03 0.000000000000000000e+00 1.085730038712757770e-11 0.000000000000000000e+00
7.677278361042189317e+03 0.000000000000000000e+00 8.721696742067994285e-12 0.000000000000000000e+00
8.545387143236317570e+03 0.000000000000000000e+00 6.985215657243358808e-12 0.000000000000000000e+00
9.511657386079081334e+03 0.000000000000000000e+00 5.576503532508020680e-12 0.000000000000000000e+00
1.058718870352829254e+04 0.000000000000000000e+00 4.439608990478929946e-12 0.000000000000000000e+00
1.178433579916051713e+04 0.000000000000000000e+00 3.525622192367055727e-12 0.000000000000000000e+00
1.311685038551288017e+04 0.000000000000000000e+00 2.792226974519870504e-12 0.000000000000000000e+00
1.460003915097147365e+04 0.000000000000000000e+00 2.207091698027163143e-12 0.000000000000000000e+00
1.625093958876844590e+04 0.000000000000000000e+00 1.740924322193076177e-12 0.000000000000000000e+00
1.808851570786662342e+04 0.000000000000000000e+00 1.370223472284710147e-12 0.000000000000000000e+00
2.013387587385212828e+04 0.000000000000000000e+00 1.076585035308360655e-12 0.000000000000000000e+00
2.241051528221264743e+04 0.000000000000000000e+00 8.439009413351921178e-13 0.000000000000000000e+00
2.494458584929090648e+04 0.000000000000000000e+00 6.598137770012548951e-13 0.000000000000000000e+00
2.776519662118276028e+04 0.000000000000000000e+00 5.147854444498712012e-13 0.000000000000000000e+00
3.090474815138586200e+04 0.000000000000000000e+00 4.003462376419074734e-13 0.000000000000000000e+00
3.439930468822552211e+04 0.000000000000000000e+00 3.098628617927520348e-13 0.000000000000000000e+00
3.828900844740607135e+04 0.000000000000000000e+00 2.394554184176360151e-13 0.000000000000000000e+00
4.261854072845193878e+04 0.000000000000000000e+00 1.836896079228921840e-13 0.000000000000000000e+00
4.743763517192281142e+04 0.000000000000000000e+00 1.399362496062762543e-13 0.000000000000000000e+00
