1.056032981064548126e+00 1.568694565308043366e+03 4.552364555026275411e+03 2.242945722735568097e+02
1.175443983510534363e+00 1.594219438442210730e+03 4.608960279197232921e+03 2.242945722735568097e+02
1.308357393325258133e+00 1.620720097287072576e+03 4.635839973679997456e+03 2.242945722735568097e+02
1.456299996156748877e+00 1.649033303409886912e+03 4.635629385499792079e+03 2.242945722735568097e+02
1.620971219045888478e+00 1.678259575547517443e+03 4.619159091438272299e+03 2.242945722735568097e+02
1.804262651863866251e+00 1.708688625270204511e+03 4.588633979040618215e+03 2.242945722735568097e+02
2.008279776137516404e+00 1.741048432863444305e+03 4.556857542044548609e+03 2.242945722735568097e+02
2.235366150863083323e+00 1.775734843982989787e+03 4.532893398388478090e+03 2.242945722735568097e+02
2.488130333132567262e+00 1.811610710110647688e+03 4.541435504802179821e+03 2.242945722735568097e+02
2.769475842811750965e+00 1.843335737701827838e+03 4.568190878415246516e+03 2.242945722735568097e+02
3.082634515476230241e+00 1.866563405981414917e+03 4.611173047969910840e+03 2.242945722735568097e+02
3.431203626733101864e+00 1.882805522711194726e+03 4.681861731848733143e+03 2.242945722735568097e+02
3.819187214377767425e+00 1.893048483099903024e+03 4.792764402434432668e+03 2.242945722735568097e+02
4.251042073056519932e+00 1.898863074829019752e+03 5.000119205802102442e+03 2.242945722735568097e+02
4.731728949778890581e+00 1.900755836749139235e+03 5.214309559942339547e+03 2.242945722735568097e+02
5.266769528365972342e+00 1.903202709233909673e+03 5.337294758287987861e+03 2.242945722735568097e+02
5.862309857419115922e+00 1.902201364541322619e+03 5.414132035972039375e+03 2.242945722735568097e+02
6.525190950410857837e+00 1.900830796853275842e+03 5.490956647144680574e+03 2.242945722735568097e+02
7.263027368885755841e+00 1.899145263934603008e+03 5.586307510736341101e+03 2.242945722735568097e+02
8.084294691462201143e+00 1.897062203761882301e+03 5.700977711616684246e+03 2.242945722735568097e+02
8.998426873397548320e+00 1.894491644151256651e+03 5.832757625444123732e+03 2.242945722735568097e+02
1.001592461509324039e+01 1.891323502858268739e+03 5.983043386855119024e+03 2.242945722735568097e+02
1.114847598437533449e+01 1.887423660096133062e+03 6.150282466280307744e+03 2.242945722735568097e+02
1.240909067814867583e+01 1.882631209017433548e+03 6.337309928515223874e+03 2.242945722735568097e+02
1.381224946569640366e+01 1.876749928793262825e+03 6.535097382787901552e+03 2.242945722735568097e+02
1.537407053029052229e+01 1.869547254105222692e+03 6.743941432571716177e+03 2.242945722735568097e+02
1.711249461989307719e+01 1.860747911149069068e+03 6.960462144156681461e+03 2.242945722735568097e+02
1.904749113378321468e+01 1.850039583384332673e+03 7.180524887957181818e+03 2.242945722735568097e+02
2.120128751244688203e+01 1.837054543681911582e+03 7.398460930110137269e+03 2.242945722735568097e+02
2.359862456574094125e+01 1.821387074647082272e+03 7.609020001844835861e+03 2.242945722735568097e+02
2.626704067231091244e+01 1.802600840163643625e+03 7.805795903380911113e+03 2.242945722735568097e+02
2.923718811487309566e+01 1.780230729460110069e+03 7.980954971265242420e+03 2.242945722735568097e+02
3.254318518513449021e+01 1.753816819872496353e+03 8.129863854283275032e+03 2.242945722735568097e+02
3.622300810299908846e+01 1.722925604436541789e+03 8.241414759952102031e+03 2.242945722735568097e+02
4.031892725206589034e+01 1.687278681370481536e+03 8.309013097273857056e+03 2.242945722735568097e+02
4.487799274248540371e+01 1.646515826998876037e+03 8.324408832463339422e+03 2.242945722735568097e+02
4.995257487887015913e+01 1.600694432345172117e+03 8.280704084707966103e+03 2.242945722735568097e+02
5.560096574165519456e+01 1.550020263017020170e+03 8.171792615599847522e+03 2.242945722735568097e+02
6.188804879230252709e+01 1.494967813414531065e+03 7.993605799436945745e+03 2.242945722735568097e+02
6.888604419417499969e+01 1.436276804861512801e+03 7.747356845763685669e+03 2.242945722735568097e+02
7.667533841060405564e+01 1.374839117042994303e+03 7.428670861050512030e+03 2.242945722735568097e+02
8.534540760983165342e+01 1.312016936197006089e+03 7.047199259971034735e+03 2.242945722735568097e+02
9.499584548401358575e+01 1.248729128035826989e+03 6.614579776609800319e+03 2.242945722735568097e+02
1.057375072889466310e+02 1.186020477884723050e+03 6.143239004534414562e+03 2.242945722735568097e+02
1.176937832461472624e+02 1.125398958834040513e+03 5.651392568573785866e+03 2.242945722735568097e+02
1.310020159349736844e+02 1.066400718574765506e+03 5.155596953765411854e+03 2.242945722735568097e+02
1.458150779564580262e+02 1.010106339087646575e+03 4.674699729862219101e+03 2.242945722735568097e+02
1.623031279915676635e+02 9.567601401172053102e+02 4.222774228544436482e+03 2.242945722735568097e+02
1.806555654259147161e+02 9.064093005721812233e+02 3.808074218838452907e+03 2.242945722735568097e+02
2.010832059937378347e+02 8.590715015532146026e+02 3.432702761787184045e+03 2.242945722735568097e+02
2.238207034330328042e+02 8.146263032432035516e+02 3.090676717564391311e+03 2.242945722735568097e+02
2.491292449694543905e+02 7.728996944111228231e+02 2.771492443113528680e+03 2.242945722735568097e+02
2.772995515922919481e+02 7.336496773183354208e+02 2.459061056339844981e+03 2.242945722735568097e+02
3.086552175868076802e+02 6.967553588423121482e+02 2.145415153141781047e+03 2.242945722735568097e+02
3.435564276845046834e+02 6.619617547868173233e+02 1.837233821929334908e+03 2.242945722735568097e+02
3.824040945302937757e+02 6.290874972248122958e+02 1.553174997954271703e+03 2.242945722735568097e+02
4.256444639942141634e+02 5.981771863693786599e+02 1.314462365635958577e+03 2.242945722735568097e+02
4.737742412289155709e+02 5.681434818028792506e+02 1.121351414712896712e+03 2.242945722735568097e+02
5.273462963565856398e+02 5.396037768345623817e+02 9.565929906453091007e+02 2.242945722735568097e+02
5.869760153267689020e+02 5.126253688850267736e+02 8.037239364239856059e+02 2.242945722735568097e+02
6.533483688978308237e+02 4.863744836252293453e+02 6.647060996263242032e+02 2.242945722735568097e+02
7.272257809440862957e+02 4.609668386572847112e+02 5.494675301722487575e+02 2.242945722735568097e+02
8.094568864722074295e+02 4.362338615061005953e+02 4.549901159946243752e+02 2.242945722735568097e+02
9.009862799510120794e+02 4.120770474308651501e+02 3.731721441213411481e+02 2.242945722735568097e+02
1.002865365934268880e+03 3.884154221496832520e+02 3.044189349430490097e+02 2.242945722735568097e+02
1.116264436618460877e+03 3.652231422479734988e+02 2.474348002741187997e+02 2.242945722735568097e+02
1.242486115071199492e+03 3.423399944538452360e+02 2.001781002920882884e+02 2.242945722735568097e+02
1.382980318553656389e+03 3.197250058641832879e+02 1.612511931963747998e+02 2.242945722735568097e+02
1.539360913821697523e+03 2.974808693850248460e+02 1.294073236168662504e+02 2.242945722735568097e+02
1.713424255726343517e+03 2.755620449691105591e+02 1.034172370700410255e+02 2.242945722735568097e+02
1.907169822067742189e+03 2.541070759805631099e+02 8.229899167679361938e+01 2.242945722735568097e+02
2.122823181736748211e+03 2.329649219273049994e+02 6.526079674852287837e+01 2.242945722735568097e+02
2.362861559980607581e+03 2.122815601105270673e+02 5.157753533936342194e+01 2.242945722735568097e+02
2.630042294462951304e+03 1.921782166248308670e+02 4.061781956639654112e+01 2.242945722735568097e+02
2.927434508994474982e+03 1.727628159038010551e+02 3.188228955430412981e+01 2.242945722735568097e+02
3.258454368773508122e+03 1.541581645196818897e+02 2.493937133433941611e+01 2.242945722735568097e+02
3.626904322114499791e+03 1.364859745378244327e+02 1.944583517354019975e+01 2.242945722735568097e+02
4.037016779438275080e+03 1.198638781150954458e+02 1.510364185124689307e+01 2.242945722735568097e+02
4.493502731267226409e+03 1.043538928197546340e+02 1.170191493993682208e+01 2.242945722735568097e+02
5.001605863702974602e+03 9.019129659512077524e+01 9.034503814063171490e+00 2.242945722735568097e+02
5.567162793016338583e+03 7.730268499334195553e+01 6.952942150670128996e+00 2.242945722735568097e+02
6.196670111266974345e+03 6.571031010329139121e+01 5.332106979520116141e+00 2.242945722735568097e+02
6.897359013111165041e+03 5.550522446825439715e+01 4.075176608008422185e+00 2.242945722735568097e+02
7.677278361042189317e+03 4.662115575710874538e+01 3.104873909404878063e+00 2.242945722735568097e+02
8.545387143236317570e+03 3.890959278775355301e+01 2.356736412425544991e+00 2.242945722735568097e+02
9.511657386079081334e+03 3.230776665918229895e+01 1.781837791101979152e+00 2.242945722735568097e+02
1.058718870352829254e+04 2.671975321337487941e+01 1.342057022024870205e+00 2.242945722735568097e+02
1.178433579916051713e+04 2.200777023938686483e+01 1.006435612482167841e+00 2.242945722735568097e+02
1.311685038551288017e+04 1.805479001333726075e+01 7.511553854644683614e-01 2.242945722735568097e+02
1.460003915097147365e+04 1.474849741223330035e+01 5.581600337882511864e-01 2.242945722735568097e+02
1.625093958876844590e+04 1.199284253068947592e+01 4.122428230280023032e-01 2.242945722735568097e+02
1.808851570786662342e+04 9.694516114335735679e+00 3.026484274321351031e-01 2.242945722735568097e+02
2.013387587385212828e+04 7.790268094935278498e+00 2.207072781092175862e-01 2.242945722735568097e+02
2.241051528221264743e+04 6.210366932220828140e+00 1.596997646106887159e-01 2.242945722735568097e+02
2.494458584929090648e+04 4.905608488717712490e+00 1.145767244153099995e-01 2.242945722735568097e+02
2.776519662118276028e+04 3.838624664256232499e+00 8.137569437638064729e-02 2.242945722735568097e+02
3.090474815138586200e+04 2.971121385879265109e+00 5.723567092408286816e-02 2.242945722735568097e+02
3.439930468822552211e+04 2.271026068829079314e+00 3.975942232832944956e-02 2.242945722735568097e+02
3.828900844740607135e+04 1.714208459093664816e+00 2.726066312791860027e-02 2.242945722735568097e+02
4.261854072845193878e+04 1.277327429658426716e+00 1.844126126801767449e-02 2.242945722735568097e+02
4.743763517192281142e+04 9.402369764953973919e-01 1.229437653340960564e-02 2.242945722735568097e+02
