1.047376681114152053e+00 0.000000000000000000e+00 1.187999445580184511e+04 1.690000000000000000e+03
1.147378904865844262e+00 0.000000000000000000e+00 1.255540035146752234e+04 1.690000000000000000e+03
1.256929216650817027e+00 0.000000000000000000e+00 1.324936447239586050e+04 1.690000000000000000e+03
1.376939256047382987e+00 0.000000000000000000e+00 1.396301785673387894e+04 1.690000000000000000e+03
1.508407704847735342e+00 0.000000000000000000e+00 1.469828526369598512e+04 1.690000000000000000e+03
1.652428597740346783e+00 0.000000000000000000e+00 1.545813807200955853e+04 1.690000000000000000e+03
1.810200426485989444e+00 0.000000000000000000e+00 1.624597738860974641e+04 1.690000000000000000e+03
1.983036113349190055e+00 0.000000000000000000e+00 1.706660320129915635e+04 1.690000000000000000e+03
2.172373936780469084e+00 0.000000000000000000e+00 1.792250902546524594e+04 1.690000000000000000e+03
2.379789500269210656e+00 0.000000000000000000e+00 1.881397346720966016e+04 1.690000000000000000e+03
2.607008843967693057e+00 0.000000000000000000e+00 1.976467273342527187e+04 1.690000000000000000e+03
2.855922808196662110e+00 0.000000000000000000e+00 2.077372540973986543e+04 1.690000000000000000e+03
3.128602768360589703e+00 0.000000000000000000e+00 2.184743375493418353e+04 1.690000000000000000e+03
3.427317872213148320e+00 0.000000000000000000e+00 2.300375808477069586e+04 1.690000000000000000e+03
3.754553922915217612e+00 0.000000000000000000e+00 2.423483196924998992e+04 1.690000000000000000e+03
4.113034065023922992e+00 0.000000000000000000e+00 2.554155595213867491e+04 1.690000000000000000e+03
4.505741445554233060e+00 0.000000000000000000e+00 2.695055472380505307e+04 1.690000000000000000e+03
4.935944038690323943e+00 0.000000000000000000e+00 2.846206964426644117e+04 1.690000000000000000e+03
5.407221840729851792e+00 0.000000000000000000e+00 3.008135731713926725e+04 1.690000000000000000e+03
5.923496661567464905e+00 0.000000000000000000e+00 3.181635558380849761e+04 1.690000000000000000e+03
6.489064760632228257e+00 0.000000000000000000e+00 3.366709047830862983e+04 1.690000000000000000e+03
7.108632598863702690e+00 0.000000000000000000e+00 3.563629361496195634e+04 1.690000000000000000e+03
7.787356004242504071e+00 0.000000000000000000e+00 3.774195570868888171e+04 1.690000000000000000e+03
8.530883076796710540e+00 0.000000000000000000e+00 3.997047307175969763e+04 1.690000000000000000e+03
9.345401190125155466e+00 0.000000000000000000e+00 4.232676249898259266e+04 1.690000000000000000e+03
1.023768848056787562e+01 0.000000000000000000e+00 4.480808662907839607e+04 1.690000000000000000e+03
1.121517025249811894e+01 0.000000000000000000e+00 4.740476079386551282e+04 1.690000000000000000e+03
1.228598076912194514e+01 0.000000000000000000e+00 5.011755982804839005e+04 1.690000000000000000e+03
1.345903094298667391e+01 0.000000000000000000e+00 5.294391393511652132e+04 1.690000000000000000e+03
1.474408248949403344e+01 0.000000000000000000e+00 5.584038495207044616e+04 1.690000000000000000e+03
1.615182916049993622e+01 0.000000000000000000e+00 5.884758565275851288e+04 1.690000000000000000e+03
1.769398573399677943e+01 0.000000000000000000e+00 6.185522744734096341e+04 1.690000000000000000e+03
1.938338550041915553e+01 0.000000000000000000e+00 6.490557175192567956e+04 1.690000000000000000e+03
2.123408705682203390e+01 0.000000000000000000e+00 6.794609950194704288e+04 1.690000000000000000e+03
2.326149129763491885e+01 0.000000000000000000e+00 7.094438554686028510e+04 1.690000000000000000e+03
2.548246957554494685e+01 0.000000000000000000e+00 7.385301213574671419e+04 1.690000000000000000e+03
2.791550409902576035e+01 0.000000000000000000e+00 7.662916806294998969e+04 1.690000000000000000e+03
3.058084173484374801e+01 0.000000000000000000e+00 7.920274133509949024e+04 1.690000000000000000e+03
3.350066249544163099e+01 0.000000000000000000e+00 8.156204010030798963e+04 1.690000000000000000e+03
3.669926411328104621e+01 0.000000000000000000e+00 8.360145967555593234e+04 1.690000000000000000e+03
4.020326423812159788e+01 0.000000000000000000e+00 8.525803270912646258e+04 1.690000000000000000e+03
4.404182193983774596e+01 0.000000000000000000e+00 8.650181210829394695e+04 1.690000000000000000e+03
4.824688036005658631e+01 0.000000000000000000e+00 8.723374515818404325e+04 1.690000000000000000e+03
5.285343253186462675e+01 0.000000000000000000e+00 8.741069001218947233e+04 1.690000000000000000e+03
5.789981257965639116e+01 0.000000000000000000e+00 8.696718067880647141e+04 1.690000000000000000e+03
6.342801472237731275e+01 0.000000000000000000e+00 8.587899665723617363e+04 1.690000000000000000e+03
6.948404273480723248e+01 0.000000000000000000e+00 8.412631033899588510e+04 1.690000000000000000e+03
7.611829277496100588e+01 0.000000000000000000e+00 8.170806615302339196e+04 1.690000000000000000e+03
8.338597276338916231e+01 0.000000000000000000e+00 7.865830955497668765e+04 1.690000000000000000e+03
9.134756180427312700e+01 0.000000000000000000e+00 7.504480971894100367e+04 1.690000000000000000e+03
1.000693134715016583e+02 0.000000000000000000e+00 7.096613826749831787e+04 1.690000000000000000e+03
1.096238071478445875e+02 0.000000000000000000e+00 6.654932410552246438e+04 1.690000000000000000e+03
1.200905520053401574e+02 0.000000000000000000e+00 6.194754382804436318e+04 1.690000000000000000e+03
1.315566486529429255e+02 0.000000000000000000e+00 5.731759295921830926e+04 1.690000000000000000e+03
1.441175139575057074e+02 0.000000000000000000e+00 5.281327298128802795e+04 1.690000000000000000e+03
1.578776750697290652e+02 0.000000000000000000e+00 4.855556283515794348e+04 1.690000000000000000e+03
1.729516392627509163e+02 0.000000000000000000e+00 4.462402474103394343e+04 1.690000000000000000e+03
1.894648468218269102e+02 0.000000000000000000e+00 4.104005084322825132e+04 1.690000000000000000e+03
2.075547149147497805e+02 0.000000000000000000e+00 3.777001452296008210e+04 1.690000000000000000e+03
2.273717811296867524e+02 0.000000000000000000e+00 3.471186271419745754e+04 1.690000000000000000e+03
2.490809561966414378e+02 0.000000000000000000e+00 3.176272830051309575e+04 1.690000000000000000e+03
2.728628963171397004e+02 0.000000000000000000e+00 2.878267647535431024e+04 1.690000000000000000e+03
2.989155065223001202e+02 0.000000000000000000e+00 2.571727408376437234e+04 1.690000000000000000e+03
3.274555875696430576e+02 0.000000000000000000e+00 2.261785607442189939e+04 1.690000000000000000e+03
3.587206400835506770e+02 0.000000000000000000e+00 1.964475724598501256e+04 1.690000000000000000e+03
3.929708409528589073e+02 0.000000000000000000e+00 1.700256181515709613e+04 1.690000000000000000e+03
4.304912084323515842e+02 0.000000000000000000e+00 1.480600564970993037e+04 1.690000000000000000e+03
4.715939739655653398e+02 0.000000000000000000e+00 1.301173312988119687e+04 1.690000000000000000e+03
5.166211804661829774e+02 0.000000000000000000e+00 1.142337512260763106e+04 1.690000000000000000e+03
5.659475286801639413e+02 0.000000000000000000e+00 9.886365571480866492e+03 1.690000000000000000e+03
6.199834953149968442e+02 0.000000000000000000e+00 8.416369450079393573e+03 1.690000000000000000e+03
6.791787488840413971e+02 0.000000000000000000e+00 7.140919864867049000e+03 1.690000000000000000e+03
7.440258916913708163e+02 0.000000000000000000e+00 6.105190256281211987e+03 1.690000000000000000e+03
8.150645590969156729e+02 0.000000000000000000e+00 5.211106645984627903e+03 1.690000000000000000e+03
8.928859101739425341e+02 0.000000000000000000e+00 4.396034540855860541e+03 1.690000000000000000e+03
9.781375471293952160e+02 0.000000000000000000e+00 3.696734797822600740e+03 1.690000000000000000e+03
1.071528904423998938e+03 0.000000000000000000e+00 3.110755747251161210e+03 1.690000000000000000e+03
1.173837152439038618e+03 0.000000000000000000e+00 2.602775532755730637e+03 1.690000000000000000e+03
1.285913664817961262e+03 0.000000000000000000e+00 2.172212724503561731e+03 1.690000000000000000e+03
1.408691103301366638e+03 0.000000000000000000e+00 1.807779021307935864e+03 1.690000000000000000e+03
1.543191179013896317e+03 0.000000000000000000e+00 1.499871716720978839e+03 1.690000000000000000e+03
1.690533154788281536e+03 0.000000000000000000e+00 1.241227111506238316e+03 1.690000000000000000e+03
1.851943159281576072e+03 0.000000000000000000e+00 1.024456493888720161e+03 1.690000000000000000e+03
2.028764390390979997e+03 0.000000000000000000e+00 8.434152075228298600e+02 1.690000000000000000e+03
2.222468292879554156e+03 0.000000000000000000e+00 6.927429049308102549e+02 1.690000000000000000e+03
2.434666803227443324e+03 0.000000000000000000e+00 5.676424550191572962e+02 1.690000000000000000e+03
2.667125763606631153e+03 0.000000000000000000e+00 4.641530079406030609e+02 1.690000000000000000e+03
2.921779616604781040e+03 0.000000000000000000e+00 3.786966200776997766e+02 1.690000000000000000e+03
3.200747502983503637e+03 0.000000000000000000e+00 3.083822266640797238e+02 1.690000000000000000e+03
3.506350896430803459e+03 0.000000000000000000e+00 2.506189930354703392e+02 1.690000000000000000e+03
3.841132922056807729e+03 0.000000000000000000e+00 2.033086672652266316e+02 1.690000000000000000e+03
4.207879519396391515e+03 0.000000000000000000e+00 1.646345896462625831e+02 1.690000000000000000e+03
4.609642626029024541e+03 0.000000000000000000e+00 1.330886414438770089e+02 1.690000000000000000e+03
5.049765574740205011e+03 0.000000000000000000e+00 1.074179098357974738e+02 1.690000000000000000e+03
5.531910915575709623e+03 0.000000000000000000e+00 8.655499436000290814e+01 1.690000000000000000e+03
6.060090894306204063e+03 0.000000000000000000e+00 6.964608787198079654e+01 1.690000000000000000e+03
6.638700840942902687e+03 0.000000000000000000e+00 5.595364044362852241e+01 1.690000000000000000e+03
7.272555746143336364e+03 0.000000000000000000e+00 4.489558271138012913e+01 1.690000000000000000e+03
7.966930329887627522e+03 0.000000000000000000e+00 3.597203788828050364e+01 1.690000000000000000e+03
8.727602935865841573e+03 0.000000000000000000e+00 2.878619680999517527e+01 1.690000000000000000e+03
9.560903616839295864e+03 0.000000000000000000e+00 2.300756117141534673e+01 1.690000000000000000e+03
