1.056032981064548126e+00 5.729034883054336536e-10 2.444264632217332142e-08 4.950371829068056531e-08
1.175443983510534363e+00 6.073975742063745313e-10 2.674450522915732915e-08 4.950371829068056531e-08
1.308357393325258133e+00 6.405150756790678839e-10 2.927032500159358438e-08 4.950371829068056531e-08
1.456299996156748877e+00 6.700954543566056958e-10 3.187135001909155391e-08 4.950371829068056531e-08
1.620971219045888478e+00 6.979626886930609666e-10 3.464886519244191656e-08 4.950371829068056531e-08
1.804262651863866251e+00 7.208019697913699742e-10 3.748872997852598666e-08 4.950371829068056531e-08
2.008279776137516404e+00 7.399232857854432684e-10 4.042549997858677573e-08 4.950371829068056531e-08
2.235366150863083323e+00 7.539511549683816860e-10 4.338472233922591400e-08 4.950371829068056531e-08
2.488130333132567262e+00 7.634605007167723932e-10 4.631530933288639412e-08 4.950371829068056531e-08
2.769475842811750965e+00 7.689475277117236137e-10 4.917970418831485888e-08 4.950371829068056531e-08
3.082634515476230241e+00 7.715292190379806363e-10 5.194874009802838759e-08 4.950371829068056531e-08
3.431203626733101864e+00 7.721896827302245065e-10 5.458695826032136625e-08 4.950371829068056531e-08
3.819187214377767425e+00 7.720169821865119247e-10 5.710494473317897014e-08 4.950371829068056531e-08
4.251042073056519932e+00 7.717331595517969371e-10 5.956478981134550357e-08 4.950371829068056531e-08
4.731728949778890581e+00 7.714242156880858179e-10 6.196110611790230984e-08 4.950371829068056531e-08
5.266769528365972342e+00 7.710780692139220684e-10 6.426530002993286363e-08 4.950371829068056531e-08
5.862309857419115922e+00 7.707158906156211006e-10 6.644674553535076384e-08 4.950371829068056531e-08
6.525190950410857837e+00 7.702641084384073831e-10 6.847664906000995062e-08 4.950371829068056531e-08
7.263027368885755841e+00 7.697888469713860634e-10 7.032441541988574453e-08 4.950371829068056531e-08
8.084294691462201143e+00 7.692610475618223952e-10 7.195916398108218287e-08 4.950371829068056531e-08
8.998426873397548320e+00 7.686753464817546065e-10 7.333556460265366741e-08 4.950371829068056531e-08
1.001592461509324039e+01 7.680241685836814683e-10 7.442670741016529340e-08 4.950371829068056531e-08
1.114847598437533449e+01 7.673000191473843214e-10 7.520162892518405952e-08 4.950371829068056531e-08
1.240909067814867583e+01 7.664964457366153722e-10 7.562598645457388346e-08 4.950371829068056531e-08
1.381224946569640366e+01 7.656034366217713658e-10 7.569524552056280445e-08 4.950371829068056531e-08
1.537407053029052229e+01 7.646122427310927779e-10 7.532335438055030973e-08 4.950371829068056531e-08
1.711249461989307719e+01 7.635119890288831951e-10 7.455445243611277230e-08 4.950371829068056531e-08
1.904749113378321468e+01 7.622933687635478740e-10 7.340615194523817959e-08 4.950371829068056531e-08
2.120128751244688203e+01 7.609464464517198914e-10 7.174361984246586940e-08 4.950371829068056531e-08
2.359862456574094125e+01 7.594827710587855815e-10 6.969517683941014662e-08 4.950371829068056531e-08
2.626704067231091244e+01 7.577860495885903573e-10 6.722665180084560547e-08 4.950371829068056531e-08
2.923718811487309566e+01 7.559519379846692721e-10 6.442967536162128886e-08 4.950371829068056531e-08
3.254318518513449021e+01 7.539219079753440810e-10 6.127351413445878483e-08 4.950371829068056531e-08
3.622300810299908846e+01 7.516750576346019207e-10 5.783833867704915783e-08 4.950376053146358397e-08
4.031892725206589034e+01 7.491924146369698466e-10 5.416494949616409656e-08 4.950401785795686638e-08
4.487799274248540371e+01 7.464452081392154449e-10 5.036671384020799397e-08 4.950433409095611018e-08
4.995257487887015913e+01 7.434109754106043091e-10 4.647682095912922999e-08 4.950468503568223014e-08
5.560096574165519456e+01 7.400613522906540321e-10 4.257589628305329461e-08 4.950506885914546621e-08
6.188804879230252709e+01 7.363669110103000978e-10 3.874005740001852545e-08 4.950549285445955703e-08
6.888604419417499969e+01 7.322966061920910478e-10 3.502831248914871691e-08 4.950596373192157158e-08
7.667533841060405564e+01 7.278167945410460410e-10 3.149666808127387748e-08 4.950647815987914324e-08
8.534540760983165342e+01 7.228503427110054678e-10 2.817512351569506440e-08 4.950703838581792243e-08
9.499584548401358575e+01 7.174912688250791123e-10 2.508634088711549224e-08 4.950765879739583635e-08
1.057375072889466310e+02 7.115725735187718630e-10 2.223393567141834901e-08 4.950834409581900685e-08
1.176937832461472624e+02 7.050834139900872513e-10 1.961430250674740320e-08 4.950906476849473953e-08
1.310020159349736844e+02 6.979796075592223702e-10 1.720043280101603338e-08 4.950987526410281608e-08
1.458150779564580262e+02 6.902188180034426724e-10 1.498279667659696169e-08 4.951074123538477755e-08
1.623031279915676635e+02 6.811940567910722313e-10 1.294973910090714552e-08 4.951169519297701396e-08
1.806555654259147161e+02 6.724849438282676871e-10 1.109721819421352928e-08 4.951270798200493818e-08
2.010832059937378347e+02 6.624673672081116367e-10 9.432789508979778327e-09 4.951377236197816283e-08
2.238207034330328042e+02 6.516051564373816310e-10 7.965369800216666010e-09 4.951492719775143222e-08
2.491292449694543905e+02 6.398550069872882706e-10 6.691701468490531137e-09 4.951618122574135411e-08
2.772995515922919481e+02 6.271845414390907371e-10 5.603692708323857028e-09 4.951752847269808731e-08
3.086552175868076802e+02 6.135733571212669782e-10 4.676810815192472640e-09 4.951898270752772179e-08
3.435564276845046834e+02 5.989717186997268373e-10 3.883697806149690664e-09 4.952054236044027604e-08
3.824040945302937757e+02 5.827929865544878214e-10 3.203701016006171830e-09 4.952221781714802150e-08
4.256444639942141634e+02 5.661508228883640353e-10 2.625849524649054810e-09 4.952401144928393800e-08
4.737742412289155709e+02 5.484688302257356541e-10 2.141442873740881064e-09 4.952591699241556070e-08
5.273462963565856398e+02 5.297594602834126666e-10 1.742627487280665858e-09 4.952795015891857039e-08
5.869760153267689020e+02 5.105275978983987138e-10 1.410993193040157428e-09 4.953010937245493121e-08
6.533483688978308237e+02 4.898375290166820102e-10 1.136332674737005543e-09 4.953239911093147926e-08
7.272257809440862957e+02 4.682534252854366275e-10 9.122459302560152880e-10 4.953482762863524364e-08
8.094568864722074295e+02 4.458675088095747098e-10 7.285357160694770008e-10 4.953740397465972416e-08
9.009862799510120794e+02 4.227495905224458756e-10 5.802664358025391544e-10 4.954014118560262125e-08
1.002865365934268880e+03 3.990580344150674494e-10 4.590833504200738654e-10 4.954305042076493844e-08
1.116264436618460877e+03 3.748361546611524463e-10 3.622766550553158969e-10 4.954614792748147932e-08
1.242486115071199492e+03 3.502838634858066036e-10 2.846910323473723810e-10 4.954945815464861159e-08
1.382980318553656389e+03 3.255715035915936174e-10 2.228839633434468931e-10 4.955300755894557982e-08
1.539360913821697523e+03 3.008993641282061552e-10 1.738013636114255184e-10 4.955682748294128047e-08
1.713424255726343517e+03 2.764982623763531360e-10 1.349188155579209982e-10 4.956096379251870187e-08
1.907169822067742189e+03 2.524331904212461414e-10 1.042906983287846592e-10 4.956546934948043531e-08
2.122823181736748211e+03 2.289733795522117190e-10 8.026664868195888584e-11 4.957041828041829812e-08
2.362861559980607581e+03 2.064212717990755356e-10 6.141817722053177383e-11 4.957591529879556001e-08
2.630042294462951304e+03 1.847713469588844005e-10 4.694208957949935536e-11 4.958208108307440030e-08
2.927434508994474982e+03 1.642244761668802780e-10 3.563560463766669829e-11 4.958910955160257233e-08
3.258454368773508122e+03 1.449085228366526385e-10 2.691739101859010116e-11 4.959723649881908549e-08
3.626904322114499791e+03 1.269548484246803091e-10 2.022667119386818299e-11 4.960678537583601930e-08
4.037016779438275080e+03 1.102478182906927492e-10 1.511384173907440738e-11 4.961817400542922035e-08
4.493502731267226409e+03 9.521679235970329385e-11 1.123495390357158144e-11 4.963195316845805705e-08
5.001605863702974602e+03 8.162923514524867422e-11 8.323698222590062549e-12 4.964882950419821987e-08
5.567162793016338583e+03 6.946786548601332496e-11 6.097038484556109814e-12 4.966971498198082911e-08
6.196670111266974345e+03 5.869791712895204957e-11 4.450795018011524946e-12 4.969575299698831591e-08
6.897359013111165041e+03 4.924013169649520132e-11 3.227967148363075401e-12 4.972836509592339181e-08
7.677278361042189317e+03 4.103268527009519320e-11 2.326321165107855298e-12 4.976926440500448117e-08
8.545387143236317570e+03 3.396297804935586867e-11 1.665331289323144712e-12 4.982047090162518325e-08
9.511657386079081334e+03 2.794393054635184751e-11 1.184362652814715819e-12 4.988437232645137957e-08
1.058718870352829254e+04 2.284793327993981017e-11 8.366513742929726832e-13 4.996302402449212624e-08
1.178433579916051713e+04 1.858042946539136209e-11 5.871701638910516265e-13 5.005704335316267801e-08
1.311685038551288017e+04 1.500114482278864329e-11 4.093003596646101377e-13 5.016773253927265487e-08
1.460003915097147365e+04 1.206347884829888363e-11 2.835473165870471040e-13 5.029789052303469503e-08
1.625093958876844590e+04 9.685294218641780334e-12 1.951625061995727103e-13 5.045181157850305841e-08
1.808851570786662342e+04 7.721814994049822727e-12 1.334838931849941450e-13 5.063540858617030547e-08
2.013387587385212828e+04 6.130745501600963375e-12 9.075820902500474206e-14 5.085658224023021948e-08
2.241051528221264743e+04 4.846010091570003180e-12 6.133906437547753147e-14 5.112633840836139245e-08
2.494458584929090648e+04 3.817780960073742812e-12 4.124814145180026213e-14 5.146041349201759792e-08
2.776519662118276028e+04 2.995827298245337699e-12 2.772456944004274215e-14 5.188210538539282234e-08
3.090474815138586200e+04 2.342370181179607402e-12 1.834778776891348087e-14 5.242733405240277604e-08
3.439930468822552211e+04 1.824541089724357774e-12 1.213360022826869776e-14 4.798174931100980069e-08
3.828900844740607135e+04 1.415915552444274832e-12 7.972050329636185022e-15 3.915162766156202956e-08
4.261854072845193878e+04 1.094523731571477402e-12 5.200230872853536629e-15 3.257435525386483529e-08
4.743763517192281142e+04 8.430314991400938031e-13 3.367888495744119732e-15 2.992392305855131370e-08
