1.056032981064548126e+00 0.000000000000000000e+00 2.302593770648574006e-08 0.000000000000000000e+00
1.175443983510534363e+00 0.000000000000000000e+00 2.506887668629921536e-08 0.000000000000000000e+00
1.308357393325258133e+00 0.000000000000000000e+00 2.721252726953138787e-08 0.000000000000000000e+00
1.456299996156748877e+00 0.000000000000000000e+00 2.944223159663719738e-08 0.000000000000000000e+00
1.620971219045888478e+00 0.000000000000000000e+00 3.176448745313873000e-08 0.000000000000000000e+00
1.804262651863866251e+00 0.000000000000000000e+00 3.417283841740610929e-08 0.000000000000000000e+00
2.008279776137516404e+00 0.000000000000000000e+00 3.664699291138384810e-08 0.000000000000000000e+00
2.235366150863083323e+00 0.000000000000000000e+00 3.914271453212060621e-08 0.000000000000000000e+00
2.488130333132567262e+00 0.000000000000000000e+00 4.167527932631686929e-08 0.000000000000000000e+00
2.769475842811750965e+00 0.000000000000000000e+00 4.418829879058349599e-08 0.000000000000000000e+00
3.082634515476230241e+00 0.000000000000000000e+00 4.665961503864325965e-08 0.000000000000000000e+00
3.431203626733101864e+00 0.000000000000000000e+00 4.911995505585309578e-08 0.000000000000000000e+00
3.819187214377767425e+00 0.000000000000000000e+00 5.145413377612212633e-08 0.000000000000000000e+00
4.251042073056519932e+00 0.000000000000000000e+00 5.371439432578288755e-08 0.000000000000000000e+00
4.731728949778890581e+00 0.000000000000000000e+00 5.585937381989466069e-08 0.000000000000000000e+00
5.266769528365972342e+00 0.000000000000000000e+00 5.787892307626385244e-08 0.000000000000000000e+00
5.862309857419115922e+00 0.000000000000000000e+00 5.978110634253134761e-08 0.000000000000000000e+00
6.525190950410857837e+00 0.000000000000000000e+00 6.154955974885726954e-08 0.000000000000000000e+00
7.263027368885755841e+00 0.000000000000000000e+00 6.316742075634199050e-08 0.000000000000000000e+00
8.084294691462201143e+00 0.000000000000000000e+00 6.460648954596391712e-08 0.000000000000000000e+00
8.998426873397548320e+00 0.000000000000000000e+00 6.584372358006804594e-08 0.000000000000000000e+00
1.001592461509324039e+01 0.000000000000000000e+00 6.685240184200867285e-08 0.000000000000000000e+00
1.114847598437533449e+01 0.000000000000000000e+00 6.760865925256911860e-08 0.000000000000000000e+00
1.240909067814867583e+01 0.000000000000000000e+00 6.809081664191773008e-08 0.000000000000000000e+00
1.381224946569640366e+01 0.000000000000000000e+00 6.827849960194053076e-08 0.000000000000000000e+00
1.537407053029052229e+01 0.000000000000000000e+00 6.815479250133573674e-08 0.000000000000000000e+00
1.711249461989307719e+01 0.000000000000000000e+00 6.764661379591161961e-08 0.000000000000000000e+00
1.904749113378321468e+01 0.000000000000000000e+00 6.692660331347387415e-08 0.000000000000000000e+00
2.120128751244688203e+01 0.000000000000000000e+00 6.581110572969248364e-08 0.000000000000000000e+00
2.359862456574094125e+01 0.000000000000000000e+00 6.436300326451871769e-08 0.000000000000000000e+00
2.626704067231091244e+01 0.000000000000000000e+00 6.265453569293251602e-08 0.000000000000000000e+00
2.923718811487309566e+01 0.000000000000000000e+00 6.051376671173791641e-08 0.000000000000000000e+00
3.254318518513449021e+01 0.000000000000000000e+00 5.815206243684434856e-08 0.000000000000000000e+00
3.622300810299908846e+01 0.000000000000000000e+00 5.553045201296162251e-08 0.000000000000000000e+00
4.031892725206589034e+01 0.000000000000000000e+00 5.270309102816799271e-08 0.000000000000000000e+00
4.487799274248540371e+01 0.000000000000000000e+00 4.969335504698268521e-08 0.000000000000000000e+00
4.995257487887015913e+01 0.000000000000000000e+00 4.655423226717505869e-08 0.000000000000000000e+00
5.560096574165519456e+01 0.000000000000000000e+00 4.333404123444762164e-08 0.000000000000000000e+00
6.188804879230252709e+01 0.000000000000000000e+00 4.007915453337099613e-08 0.000000000000000000e+00
6.888604419417499969e+01 0.000000000000000000e+00 3.684067229845561268e-08 0.000000000000000000e+00
7.667533841060405564e+01 0.000000000000000000e+00 3.366355415381120377e-08 0.000000000000000000e+00
8.534540760983165342e+01 0.000000000000000000e+00 3.058963828125614039e-08 0.000000000000000000e+00
9.499584548401358575e+01 0.000000000000000000e+00 2.765268253611180303e-08 0.000000000000000000e+00
1.057375072889466310e+02 0.000000000000000000e+00 2.487901125204912002e-08 0.000000000000000000e+00
1.176937832461472624e+02 0.000000000000000000e+00 2.228633603489489182e-08 0.000000000000000000e+00
1.310020159349736844e+02 0.000000000000000000e+00 1.988358533956229150e-08 0.000000000000000000e+00
1.458150779564580262e+02 0.000000000000000000e+00 1.767229992779374073e-08 0.000000000000000000e+00
1.623031279915676635e+02 0.000000000000000000e+00 1.564771554525928237e-08 0.000000000000000000e+00
1.806555654259147161e+02 0.000000000000000000e+00 1.380144291391613378e-08 0.000000000000000000e+00
2.010832059937378347e+02 0.000000000000000000e+00 1.212275255976688723e-08 0.000000000000000000e+00
2.238207034330328042e+02 0.000000000000000000e+00 1.060300420291325441e-08 0.000000000000000000e+00
2.491292449694543905e+02 0.000000000000000000e+00 9.234058971930548168e-09 0.000000000000000000e+00
2.772995515922919481e+02 0.000000000000000000e+00 8.009902850500275420e-09 0.000000000000000000e+00
3.086552175868076802e+02 0.000000000000000000e+00 6.925868078768142695e-09 0.000000000000000000e+00
3.435564276845046834e+02 0.000000000000000000e+00 5.976116306743782570e-09 0.000000000000000000e+00
3.824040945302937757e+02 0.000000000000000000e+00 5.151748135664034730e-09 0.000000000000000000e+00
4.256444639942141634e+02 0.000000000000000000e+00 4.440599860138495208e-09 0.000000000000000000e+00
4.737742412289155709e+02 0.000000000000000000e+00 3.828057888759181128e-09 0.000000000000000000e+00
5.273462963565856398e+02 0.000000000000000000e+00 3.300033049955412037e-09 0.000000000000000000e+00
5.869760153267689020e+02 0.000000000000000000e+00 2.845271099734313286e-09 0.000000000000000000e+00
6.533483688978308237e+02 0.000000000000000000e+00 2.452489921446395334e-09 0.000000000000000000e+00
7.272257809440862957e+02 0.000000000000000000e+00 2.116651083427313245e-09 0.000000000000000000e+00
8.094568864722074295e+02 0.000000000000000000e+00 1.829589800617823914e-09 0.000000000000000000e+00
9.009862799510120794e+02 0.000000000000000000e+00 1.584330679433083679e-09 0.000000000000000000e+00
1.002865365934268880e+03 0.000000000000000000e+00 1.372444090933270341e-09 0.000000000000000000e+00
1.116264436618460877e+03 0.000000000000000000e+00 1.189892792684935555e-09 0.000000000000000000e+00
1.242486115071199492e+03 0.000000000000000000e+00 1.032046372893611713e-09 0.000000000000000000e+00
1.382980318553656389e+03 0.000000000000000000e+00 8.954333455032139709e-10 0.000000000000000000e+00
1.539360913821697523e+03 0.000000000000000000e+00 7.769940521931810623e-10 0.000000000000000000e+00
1.713424255726343517e+03 0.000000000000000000e+00 6.740604903085529040e-10 0.000000000000000000e+00
1.907169822067742189e+03 0.000000000000000000e+00 5.843826814462713777e-10 0.000000000000000000e+00
2.122823181736748211e+03 0.000000000000000000e+00 5.061046935153128200e-10 0.000000000000000000e+00
2.362861559980607581e+03 0.000000000000000000e+00 4.376834402011000692e-10 0.000000000000000000e+00
2.630042294462951304e+03 0.000000000000000000e+00 3.778353133533164852e-10 0.000000000000000000e+00
2.927434508994474982e+03 0.000000000000000000e+00 3.254786429450655610e-10 0.000000000000000000e+00
3.258454368773508122e+03 0.000000000000000000e+00 2.796946656437814784e-10 0.000000000000000000e+00
3.626904322114499791e+03 0.000000000000000000e+00 2.396990398049206438e-10 0.000000000000000000e+00
4.037016779438275080e+03 0.000000000000000000e+00 2.048158260184287611e-10 0.000000000000000000e+00
4.493502731267226409e+03 0.000000000000000000e+00 1.744563965048845226e-10 0.000000000000000000e+00
5.001605863702974602e+03 0.000000000000000000e+00 1.480966244100226252e-10 0.000000000000000000e+00
5.567162793016338583e+03 0.000000000000000000e+00 1.252894220462390378e-10 0.000000000000000000e+00
6.196670111266974345e+03 0.000000000000000000e+00 1.056161245158847256e-10 0.000000000000000000e+00
6.897359013111165041e+03 0.000000000000000000e+00 8.870736091094119055e-11 0.000000000000000000e+00
7.677278361042189317e+03 0.000000000000000000e+00 7.423026724933668126e-11 0.000000000000000000e+00
8.545387143236317570e+03 0.000000000000000000e+00 6.188468888494675991e-11 0.000000000000000000e+00
9.511657386079081334e+03 0.000000000000000000e+00 5.139847065702837835e-11 0.000000000000000000e+00
1.058718870352829254e+04 0.000000000000000000e+00 4.253219660412491920e-11 0.000000000000000000e+00
1.178433579916051713e+04 0.000000000000000000e+00 3.506372258922166521e-11 0.000000000000000000e+00
1.311685038551288017e+04 0.000000000000000000e+00 2.880005454574219529e-11 0.000000000000000000e+00
1.460003915097147365e+04 0.000000000000000000e+00 2.357385014829708740e-11 0.000000000000000000e+00
1.625093958876844590e+04 0.000000000000000000e+00 1.922512048735504049e-11 0.000000000000000000e+00
1.808851570786662342e+04 0.000000000000000000e+00 1.562406054173768372e-11 0.000000000000000000e+00
2.013387587385212828e+04 0.000000000000000000e+00 1.265310520685308358e-11 0.000000000000000000e+00
2.241051528221264743e+04 0.000000000000000000e+00 1.021883227703236185e-11 0.000000000000000000e+00
2.494458584929090648e+04 0.000000000000000000e+00 8.227164823869754035e-12 0.000000000000000000e+00
2.776519662118276028e+04 0.000000000000000000e+00 6.603820009417018323e-12 0.000000000000000000e+00
3.090474815138586200e+04 0.000000000000000000e+00 5.285524150683154909e-12 0.000000000000000000e+00
3.439930468822552211e+04 0.000000000000000000e+00 4.209126375395857406e-12 0.000000000000000000e+00
3.828900844740607135e+04 0.000000000000000000e+00 3.346024007772767215e-12 0.000000000000000000e+00
4.261854072845193878e+04 0.000000000000000000e+00 2.652959065362336433e-12 0.000000000000000000e+00
4.743763517192281142e+04 0.000000000000000000e+00 2.097427821410798534e-12 0.000000000000000000e+00
