8.698437590715271573e-09
9.135840888088551656e-09
9.482495036665094090e-09
9.737152085337275975e-09
9.920668626628553815e-09
1.003358408833236152e-08
1.008430140300217722e-08
1.009720192461169457e-08
1.009791715081209422e-08
1.009767221742561200e-08
1.009736896719319256e-08
1.009699337191352458e-08
1.009652866343602421e-08
1.009595406569331620e-08
1.009524399601275164e-08
1.009436702868539490e-08
1.009328453258960206e-08
1.009194978736538940e-08
1.009030577308516040e-08
1.008828290313167263e-08
1.008579699692324705e-08
1.008274496718000427e-08
1.007900870291136300e-08
1.007444752184251152e-08
1.006889416959550261e-08
1.006214982930559874e-08
1.005400049442181859e-08
1.004420355453106876e-08
1.003248904532731428e-08
1.001857334899339637e-08
1.000215274772128687e-08
9.982911621881116652e-09
9.960522124222029298e-09
9.934654325226695825e-09
9.904978771196722263e-09
9.871155340617444402e-09
9.832832058522582143e-09
9.789647626471044009e-09
9.741242758656994158e-09
9.687220679843673310e-09
9.627149251629072206e-09
9.560582955116274830e-09
9.486980249084943366e-09
9.405743479565385680e-09
9.316264349647577617e-09
9.217871382530584633e-09
9.109844981888131464e-09
8.991463029392706269e-09
8.861957271522773653e-09
8.720450576883313846e-09
8.566365862891865013e-09
8.398722705707596435e-09
8.216715435562915191e-09
8.019637410842182432e-09
7.806888990618611532e-09
7.577850436340362452e-09
7.331943038724710950e-09
7.068905115688032702e-09
6.788489671689611086e-09
6.482275432422833713e-09
6.177955906692051599e-09
5.848493938521985522e-09
5.506782521078321683e-09
5.153853904208340039e-09
4.792367218589994637e-09
4.424943839646828173e-09
4.055729367826903369e-09
3.689147204460744500e-09
3.328730975050271739e-09
2.978718108637666913e-09
2.642910001982183579e-09
2.325068617762753311e-09
2.027426468996090274e-09
1.752543050643457770e-09
1.502252854379213211e-09
1.277073470047250796e-09
1.076822544666981918e-09
9.011371717677022984e-10
7.482990235984558691e-10
6.173024270824538438e-10
5.057078288352176715e-10
4.118597314380776892e-10
3.336726810102900618e-10
2.688596881466012881e-10
2.155895425269745210e-10
1.720306329809026192e-10
1.366251947531285369e-10
1.083164526962900090e-10
8.544130213622951871e-11
6.711805951461619518e-11
5.255761559170380886e-11
4.100478861500380161e-11
3.188967806159656082e-11
2.471303305057629519e-11
1.908717437840318608e-11
1.468854726439926574e-11
1.126840676695809738e-11
8.605439043905412805e-12
6.542242751419562063e-12
4.945591096552858852e-12
3.711566561495451489e-12
