1.056032981064548126e+00 6.800141766831016145e-10 2.785567268744646348e-08 0.000000000000000000e+00
1.175443983510534363e+00 7.347882970389025585e-10 3.100424997200315682e-08 0.000000000000000000e+00
1.308357393325258133e+00 7.894735297020654383e-10 3.449702493886342420e-08 0.000000000000000000e+00
1.456299996156748877e+00 8.447654577872968348e-10 3.834324990139470580e-08 0.000000000000000000e+00
1.620971219045888478e+00 9.006209137917183370e-10 4.261356211214962354e-08 0.000000000000000000e+00
1.804262651863866251e+00 9.541239433491422009e-10 4.729188094772364378e-08 0.000000000000000000e+00
2.008279776137516404e+00 1.003740824391008482e-09 5.242652599954806623e-08 0.000000000000000000e+00
2.235366150863083323e+00 1.048264981749041261e-09 5.805151644149757410e-08 0.000000000000000000e+00
2.488130333132567262e+00 1.087457268292804603e-09 6.412867264167705468e-08 0.000000000000000000e+00
2.769475842811750965e+00 1.119539298851652067e-09 7.076768090502220525e-08 0.000000000000000000e+00
3.082634515476230241e+00 1.145058007923501005e-09 7.784670321663945292e-08 0.000000000000000000e+00
3.431203626733101864e+00 1.162437654780586172e-09 8.536804842691960312e-08 0.000000000000000000e+00
3.819187214377767425e+00 1.174083088625348922e-09 9.376971128409869766e-08 0.000000000000000000e+00
4.251042073056519932e+00 1.179894128166470978e-09 1.017703871061614633e-07 0.000000000000000000e+00
4.731728949778890581e+00 1.183119365784452711e-09 1.104535422488031935e-07 0.000000000000000000e+00
5.266769528365972342e+00 1.183941613605312695e-09 1.193775624947509366e-07 0.000000000000000000e+00
5.862309857419115922e+00 1.183779811222823997e-09 1.283700551577151178e-07 0.000000000000000000e+00
6.525190950410857837e+00 1.183257011369000276e-09 1.372859334022039313e-07 0.000000000000000000e+00
7.263027368885755841e+00 1.182839304221413899e-09 1.454444671922822116e-07 0.000000000000000000e+00
8.084294691462201143e+00 1.181878611910758334e-09 1.530410594652172847e-07 0.000000000000000000e+00
8.998426873397548320e+00 1.181176932396841255e-09 1.606652213937821470e-07 0.000000000000000000e+00
1.001592461509324039e+01 1.180230469889804645e-09 1.682023464014586479e-07 0.000000000000000000e+00
1.114847598437533449e+01 1.179177151975191267e-09 1.756399648194693089e-07 0.000000000000000000e+00
1.240909067814867583e+01 1.178005554088149695e-09 1.829164960433833277e-07 0.000000000000000000e+00
1.381224946569640366e+01 1.176703286655372591e-09 1.898032383038730818e-07 0.000000000000000000e+00
1.537407053029052229e+01 1.175256510732550630e-09 1.963602923402313700e-07 0.000000000000000000e+00
1.711249461989307719e+01 1.173649943152417695e-09 2.024359691893063782e-07 0.000000000000000000e+00
1.904749113378321468e+01 1.171804277278305985e-09 2.079536816721211645e-07 0.000000000000000000e+00
2.120128751244688203e+01 1.169840593013978463e-09 2.127157907458437606e-07 0.000000000000000000e+00
2.359862456574094125e+01 1.167660565504735076e-09 2.167047352662671087e-07 0.000000000000000000e+00
2.626704067231091244e+01 1.165279038293516673e-09 2.197881343841905260e-07 0.000000000000000000e+00
2.923718811487309566e+01 1.162592953127796671e-09 2.218395170792066876e-07 0.000000000000000000e+00
3.254318518513449021e+01 1.159620961328904231e-09 2.227834009839933960e-07 0.000000000000000000e+00
3.622300810299908846e+01 1.156321365557213030e-09 2.225255599187176684e-07 0.000000000000000000e+00
4.031892725206589034e+01 1.152708269311922825e-09 2.211595942392992875e-07 0.000000000000000000e+00
4.487799274248540371e+01 1.148694123197250392e-09 2.181974548458065866e-07 0.000000000000000000e+00
4.995257487887015913e+01 1.144283795921458680e-09 2.140492291615812723e-07 0.000000000000000000e+00
5.560096574165519456e+01 1.140805024962591149e-09 2.085599538433084087e-07 0.000000000000000000e+00
6.188804879230252709e+01 1.134052017421542715e-09 2.018227064423889093e-07 0.000000000000000000e+00
6.888604419417499969e+01 1.128130148574594880e-09 1.938292228456003161e-07 0.000000000000000000e+00
7.667533841060405564e+01 1.121629318787914726e-09 1.847507079684088845e-07 0.000000000000000000e+00
8.534540760983165342e+01 1.114485848090657110e-09 1.747233996527455992e-07 0.000000000000000000e+00
9.499584548401358575e+01 1.106650942460967735e-09 1.639186985940604860e-07 0.000000000000000000e+00
1.057375072889466310e+02 1.098072263328478471e-09 1.525763675369338515e-07 0.000000000000000000e+00
1.176937832461472624e+02 1.088689257517599448e-09 1.408712352868432839e-07 0.000000000000000000e+00
1.310020159349736844e+02 1.078447472117815874e-09 1.290957053138861858e-07 0.000000000000000000e+00
1.458150779564580262e+02 1.067283230829861479e-09 1.174354607749240201e-07 0.000000000000000000e+00
1.623031279915676635e+02 1.055129666141586082e-09 1.061842999698575081e-07 0.000000000000000000e+00
1.806555654259147161e+02 1.041927185946961443e-09 9.541222159646105547e-08 0.000000000000000000e+00
2.010832059937378347e+02 1.027613968103031907e-09 8.538301527907807864e-08 0.000000000000000000e+00
2.238207034330328042e+02 1.013332926738063586e-09 7.605783212868905847e-08 0.000000000000000000e+00
2.491292449694543905e+02 9.954224362966916910e-10 6.747855343702621045e-08 0.000000000000000000e+00
2.772995515922919481e+02 9.774423410787994103e-10 5.961912096187702058e-08 0.000000000000000000e+00
3.086552175868076802e+02 9.581474128170248769e-10 5.237306246707035367e-08 0.000000000000000000e+00
3.435564276845046834e+02 9.374977840912534607e-10 4.567739581044935224e-08 0.000000000000000000e+00
3.824040945302937757e+02 9.154887569063837662e-10 3.947434953421962537e-08 0.000000000000000000e+00
4.256444639942141634e+02 8.920981913357552958e-10 3.375771647168814961e-08 0.000000000000000000e+00
4.737742412289155709e+02 8.682777846213329296e-10 2.859220311908355875e-08 0.000000000000000000e+00
5.273462963565856398e+02 8.421130456263118149e-10 2.405714550525332813e-08 0.000000000000000000e+00
5.869760153267689020e+02 8.145997617075641642e-10 2.019895893200420641e-08 0.000000000000000000e+00
6.533483688978308237e+02 7.857886197940190895e-10 1.695649386533065034e-08 0.000000000000000000e+00
7.272257809440862957e+02 7.557486521870342978e-10 1.419177534400247004e-08 0.000000000000000000e+00
8.094568864722074295e+02 7.245705988489900643e-10 1.176954427615781669e-08 0.000000000000000000e+00
9.009862799510120794e+02 6.915574421886405009e-10 9.658989775426762629e-09 0.000000000000000000e+00
1.002865365934268880e+03 6.585131587470572714e-10 7.896942233007539822e-09 0.000000000000000000e+00
1.116264436618460877e+03 6.247354635971989962e-10 6.462472615640592742e-09 0.000000000000000000e+00
1.242486115071199492e+03 5.904208887409143186e-10 5.257575843016580903e-09 0.000000000000000000e+00
1.382980318553656389e+03 5.557366516453000335e-10 4.241311551949299696e-09 0.000000000000000000e+00
1.539360913821697523e+03 5.213649802341886889e-10 3.418992632630823463e-09 0.000000000000000000e+00
1.713424255726343517e+03 4.865170853289204425e-10 2.741952296096515599e-09 0.000000000000000000e+00
1.907169822067742189e+03 4.519501453085021279e-10 2.189425855423150238e-09 0.000000000000000000e+00
2.122823181736748211e+03 4.179208713164182283e-10 1.744480234584123026e-09 0.000000000000000000e+00
2.362861559980607581e+03 3.843057461720477792e-10 1.381280171869124964e-09 0.000000000000000000e+00
2.630042294462951304e+03 3.518530176530951877e-10 1.090684905593763100e-09 0.000000000000000000e+00
2.927434508994474982e+03 3.206110565385570638e-10 8.583541266996603342e-10 0.000000000000000000e+00
3.258454368773508122e+03 2.905840860336833500e-10 6.731772975889975538e-10 0.000000000000000000e+00
3.626904322114499791e+03 2.621371428839372519e-10 5.262459998809556655e-10 0.000000000000000000e+00
4.037016779438275080e+03 2.350389662388766628e-10 4.098617216690766435e-10 0.000000000000000000e+00
4.493502731267226409e+03 2.095804557862047726e-10 3.181639138775533205e-10 0.000000000000000000e+00
5.001605863702974602e+03 1.857672046729899945e-10 2.463323949939543796e-10 0.000000000000000000e+00
5.567162793016338583e+03 1.638851213084299659e-10 1.895963623520083415e-10 0.000000000000000000e+00
6.196670111266974345e+03 1.437965328467678085e-10 1.461837474446592400e-10 0.000000000000000000e+00
6.897359013111165041e+03 1.254526054072521012e-10 1.120695068635556664e-10 0.000000000000000000e+00
7.677278361042189317e+03 1.089151477049528836e-10 8.564697517138819248e-11 0.000000000000000000e+00
8.545387143236317570e+03 9.407495742953946317e-11 6.525831079690587609e-11 0.000000000000000000e+00
9.511657386079081334e+03 8.083018142108729113e-11 4.955333895799983452e-11 0.000000000000000000e+00
1.058718870352829254e+04 6.909197944653275078e-11 3.751707934396693149e-11 0.000000000000000000e+00
1.178433579916051713e+04 5.876608448530435379e-11 2.836410927941342294e-11 0.000000000000000000e+00
1.311685038551288017e+04 4.974558459648859891e-11 2.129261969497491174e-11 0.000000000000000000e+00
1.460003915097147365e+04 4.190860359151822796e-11 1.596181117546814070e-11 0.000000000000000000e+00
1.625093958876844590e+04 3.514581819871035348e-11 1.192414159628122925e-11 0.000000000000000000e+00
1.808851570786662342e+04 2.934761398892584801e-11 8.879517669153024952e-12 0.000000000000000000e+00
2.013387587385212828e+04 2.439768265522451093e-11 6.583092318329540115e-12 0.000000000000000000e+00
2.241051528221264743e+04 2.019407368525742764e-11 4.864397158932620162e-12 0.000000000000000000e+00
2.494458584929090648e+04 1.665278939341268886e-11 3.579753871489822098e-12 0.000000000000000000e+00
2.776519662118276028e+04 1.367827686089670906e-11 2.616707704727056846e-12 0.000000000000000000e+00
3.090474815138586200e+04 1.119106383211375323e-11 1.909152331937308866e-12 0.000000000000000000e+00
3.439930468822552211e+04 9.120526887390001875e-12 1.392913862573228685e-12 0.000000000000000000e+00
3.828900844740607135e+04 7.406011624726475437e-12 1.007791367255059130e-12 0.000000000000000000e+00
4.261854072845193878e+04 5.991933517063293213e-12 7.257107832386690073e-13 0.000000000000000000e+00
4.743763517192281142e+04 4.829316346128332451e-12 5.200031193067438356e-13 0.000000000000000000e+00
