1.056032981064548126e+00 1.669664983659100484e-07 6.396149289785104693e-06 1.318672149599703987e-07
1.175443983510534363e+00 1.762642774210100451e-07 7.104663270699455975e-06 1.318672149599703987e-07
1.308357393325258133e+00 1.831048563602559019e-07 7.782624852519811178e-06 1.318672149599703987e-07
1.456299996156748877e+00 1.878585223763958469e-07 8.466072316091906552e-06 1.318672149599703987e-07
1.620971219045888478e+00 1.910679215907822720e-07 9.154170482247136925e-06 1.318672149599703987e-07
1.804262651863866251e+00 1.929387963426204390e-07 9.838028249528834815e-06 1.318672149599703987e-07
2.008279776137516404e+00 1.936426736184750698e-07 1.051057322745892264e-05 1.318672149599703987e-07
2.235366150863083323e+00 1.937804838591646930e-07 1.118170885472466057e-05 1.318672149599703987e-07
2.488130333132567262e+00 1.937801995216586469e-07 1.183514543835801654e-05 1.318672149599703987e-07
2.769475842811750965e+00 1.937767770135864750e-07 1.251863187355452175e-05 1.318672149599703987e-07
3.082634515476230241e+00 1.937725420689150013e-07 1.324908426902188005e-05 1.318672149599703987e-07
3.431203626733101864e+00 1.937673035160845267e-07 1.394399636930805708e-05 1.318672149599703987e-07
3.819187214377767425e+00 1.937608263707807197e-07 1.463005452486527688e-05 1.318672149599703987e-07
4.251042073056519932e+00 1.937528203626478491e-07 1.529804243076647574e-05 1.318672149599703987e-07
4.731728949778890581e+00 1.937429228145869778e-07 1.593873585173165530e-05 1.318672149599703987e-07
5.266769528365972342e+00 1.937306920995602499e-07 1.654153982763278326e-05 1.318672149599703987e-07
5.862309857419115922e+00 1.937155639088331216e-07 1.708991173843679845e-05 1.318672149599703987e-07
6.525190950410857837e+00 1.936968976169744983e-07 1.757360696194600443e-05 1.318672149599703987e-07
7.263027368885755841e+00 1.937141391167255718e-07 1.797900647480530950e-05 1.318672149599703987e-07
8.084294691462201143e+00 1.936858702072498341e-07 1.828853866129606073e-05 1.318672149599703987e-07
8.998426873397548320e+00 1.936511241559544799e-07 1.849069768733195012e-05 1.318672149599703987e-07
1.001592461509324039e+01 1.936084559252284929e-07 1.857077496035450102e-05 1.318672149599703987e-07
1.114847598437533449e+01 1.935562072622442586e-07 1.851784892869861796e-05 1.318672149599703987e-07
1.240909067814867583e+01 1.934924007628837890e-07 1.832347491486800150e-05 1.318672149599703987e-07
1.381224946569640366e+01 1.934146829217803752e-07 1.798407904632249246e-05 1.318672149599703987e-07
1.537407053029052229e+01 1.933202519716853835e-07 1.750106049082999368e-05 1.318672149599703987e-07
1.711249461989307719e+01 1.932060782235793837e-07 1.688232601375921039e-05 1.318672149599703987e-07
1.904749113378321468e+01 1.930687179864841626e-07 1.614181338162215705e-05 1.318672149599703987e-07
2.120128751244688203e+01 1.929043218399427963e-07 1.529916467656492287e-05 1.318672149599703987e-07
2.359862456574094125e+01 1.927088169713875512e-07 1.437802494894312597e-05 1.318672149599703987e-07
2.626704067231091244e+01 1.924778093332863221e-07 1.340326804489230578e-05 1.318672149599703987e-07
2.923718811487309566e+01 1.922066901589087367e-07 1.240106219551011366e-05 1.318672149599703987e-07
3.254318518513449021e+01 1.918906107099002675e-07 1.139470389221932697e-05 1.318672149599703987e-07
3.622300810299908846e+01 1.914845041916638073e-07 1.040360063825574444e-05 1.318672149599703987e-07
4.031892725206589034e+01 1.910632342745704648e-07 9.444281627225317428e-06 1.318672149599703987e-07
4.487799274248540371e+01 1.905818261380483541e-07 8.527323383496799526e-06 1.318672149599703987e-07
4.995257487887015913e+01 1.900348085518522476e-07 7.658745200111958802e-06 1.318672149599703987e-07
5.560096574165519456e+01 1.894164341902076734e-07 6.840532335267681962e-06 1.318672149599703987e-07
6.188804879230252709e+01 1.887203940840661787e-07 6.074519304636595835e-06 1.318672149599703987e-07
6.888604419417499969e+01 1.879391161494036915e-07 5.358665079238068877e-06 1.318672149599703987e-07
7.667533841060405564e+01 1.870659465441591960e-07 4.694445986453335478e-06 1.318672149599703987e-07
8.534540760983165342e+01 1.860925165408023883e-07 4.081805750451168217e-06 1.318672149599703987e-07
9.499584548401358575e+01 1.850083125861351577e-07 3.524770764734120857e-06 1.318672149599703987e-07
1.057375072889466310e+02 1.838021048881021342e-07 3.022443387210221728e-06 1.318672149599703987e-07
1.176937832461472624e+02 1.824619799246776910e-07 2.572348962400640941e-06 1.318672149599703987e-07
1.310020159349736844e+02 1.809750661360488624e-07 2.172953682872918805e-06 1.318672149599703987e-07
1.458150779564580262e+02 1.793268536799177650e-07 1.825425909373912309e-06 1.318672149599703987e-07
1.623031279915676635e+02 1.775034160008499429e-07 1.527571033582833261e-06 1.318672149599703987e-07
1.806555654259147161e+02 1.754877857449110590e-07 1.273457972487341013e-06 1.318672149599703987e-07
2.010832059937378347e+02 1.732608484369482026e-07 1.056796863384937024e-06 1.318672149599703987e-07
2.238207034330328042e+02 1.708010111440121004e-07 8.713654467673620317e-07 1.318672149599703987e-07
2.491292449694543905e+02 1.676156251822775725e-07 7.136369299121837109e-07 1.318672149599703987e-07
2.772995515922919481e+02 1.646283400832540207e-07 5.820728319838422374e-07 1.318672149599703987e-07
3.086552175868076802e+02 1.613399354454551464e-07 4.729772368499810155e-07 1.318672149599703987e-07
3.435564276845046834e+02 1.577268102147218123e-07 3.824977023500112912e-07 1.318672149599703987e-07
3.824040945302937757e+02 1.542275063457358512e-07 3.078456455919474120e-07 1.318672149599703987e-07
4.256444639942141634e+02 1.498873796300894617e-07 2.466566024495266537e-07 1.318672149599703987e-07
4.737742412289155709e+02 1.451564680950955253e-07 1.968357703730636602e-07 1.318672149599703987e-07
5.273462963565856398e+02 1.400192247676318636e-07 1.563849597887406864e-07 1.318672149599703987e-07
5.869760153267689020e+02 1.344674644555447726e-07 1.237254041583237333e-07 1.318672149599703987e-07
6.533483688978308237e+02 1.285004160962827044e-07 9.746338684348067760e-08 1.318672149599703987e-07
7.272257809440862957e+02 1.221308943795838222e-07 7.643947528429934574e-08 1.318672149599703987e-07
8.094568864722074295e+02 1.153839721641135736e-07 5.967903950328971608e-08 1.318672149599703987e-07
9.009862799510120794e+02 1.082997754366398741e-07 4.639245453867193480e-08 1.318672149599703987e-07
1.002865365934268880e+03 1.009342260667266433e-07 3.589124098545465193e-08 1.318672149599703987e-07
1.116264436618460877e+03 9.335856206205804928e-08 2.763510660978049409e-08 1.318672149599703987e-07
1.242486115071199492e+03 8.566499562127770425e-08 2.116652067726334734e-08 1.318672149599703987e-07
1.382980318553656389e+03 7.794494180919769135e-08 1.612689299095856027e-08 1.318672149599703987e-07
1.539360913821697523e+03 7.029168352258671098e-08 1.221832426992127748e-08 1.318672149599703987e-07
1.713424255726343517e+03 6.283574410356374601e-08 9.202947100444781070e-09 1.318672149599703987e-07
1.907169822067742189e+03 5.566084944144855098e-08 6.889177802002716871e-09 1.318672149599703987e-07
2.122823181736748211e+03 4.885003786756527659e-08 5.125141452228149938e-09 1.318672149599703987e-07
2.362861559980607581e+03 4.248029073448323959e-08 3.787036414265008707e-09 1.318672149599703987e-07
2.630042294462951304e+03 3.660880869278582438e-08 2.781394160066332823e-09 1.318672149599703987e-07
2.927434508994474982e+03 3.126971673348626514e-08 2.025620181370845749e-09 1.318672149599703987e-07
3.258454368773508122e+03 2.648720556665933090e-08 1.466066545040170061e-09 1.318672149599703987e-07
3.626904322114499791e+03 2.225500901994401211e-08 1.053486018933543438e-09 1.318672149599703987e-07
4.037016779438275080e+03 1.855540213672377900e-08 7.516350442754138276e-10 1.318672149599703987e-07
4.493502731267226409e+03 1.535970099651703415e-08 5.324088113869109835e-10 1.318672149599703987e-07
5.001605863702974602e+03 1.262882625174851274e-08 3.746502283587377844e-10 1.318672149599703987e-07
5.567162793016338583e+03 1.031924624007103301e-08 2.617701264237016583e-10 1.318672149599703987e-07
6.196670111266974345e+03 8.382441856494851385e-09 1.817393854386724753e-10 1.318672149599703987e-07
6.897359013111165041e+03 6.773066834713512328e-09 1.253687992469492277e-10 1.318672149599703987e-07
7.677278361042189317e+03 5.445320005657457514e-09 8.598122052370096065e-11 1.318672149599703987e-07
8.545387143236317570e+03 4.357421180737277161e-09 5.860805825864352726e-11 1.318672149599703987e-07
9.511657386079081334e+03 3.471645072816181746e-09 3.976786290047206750e-11 1.318672149599703987e-07
1.058718870352829254e+04 2.754695459269624387e-09 2.683393264689453745e-11 1.318672149599703987e-07
1.178433579916051713e+04 2.178236775840821982e-09 1.801908877492495700e-11 1.318672149599703987e-07
1.311685038551288017e+04 1.714177253874447527e-09 1.204676682688569569e-11 1.318672149599703987e-07
1.460003915097147365e+04 1.344609611904164695e-09 8.015138465872860892e-12 1.318672149599703987e-07
1.625093958876844590e+04 1.051281465062204731e-09 5.316275473322259063e-12 1.318672149599703987e-07
1.808851570786662342e+04 8.191858961829879644e-10 3.502791759713629656e-12 1.318672149599703987e-07
2.013387587385212828e+04 6.361097196659223083e-10 2.299732756075461773e-12 1.318672149599703987e-07
2.241051528221264743e+04 4.923832465862640878e-10 1.501539616170352910e-12 1.318672149599703987e-07
2.494458584929090648e+04 3.798590525428370858e-10 9.747976640523792160e-13 1.318672149599703987e-07
2.776519662118276028e+04 2.921200020505055896e-10 6.289467918731716469e-13 1.318672149599703987e-07
3.090474815138586200e+04 2.238260495232907193e-10 4.032854962435256723e-13 1.318672149599703987e-07
3.439930468822552211e+04 1.708075959945937134e-10 2.568648692051187327e-13 1.318672149599703987e-07
3.828900844740607135e+04 1.297194339550190704e-10 1.619536292438468551e-13 1.318672149599703987e-07
4.261854072845193878e+04 9.793541262793953223e-11 1.020604030898916525e-13 1.318672149599703987e-07
4.743763517192281142e+04 7.333860623685505045e-11 6.359839931572817888e-14 1.318672149599703987e-07
