5.932813867500233287e-10
6.491099506621260578e-10
7.072443453511480440e-10
7.696648435553216995e-10
8.332390086281708372e-10
8.979574761680171689e-10
9.618831924732931254e-10
1.022861081767005414e-09
1.079019624104526887e-09
1.133065215909886867e-09
1.186958845377461050e-09
1.240170968839231765e-09
1.292415078594941057e-09
1.342924186927890912e-09
1.391098618556941792e-09
1.434839800719574463e-09
1.477798570114919007e-09
1.514809439885625169e-09
1.546709292189898084e-09
1.572654860632150119e-09
1.591778497127920548e-09
1.603482492604332308e-09
1.607117355438574711e-09
1.602123316358824303e-09
1.587819216570017672e-09
1.564194201182378221e-09
1.531011729196684709e-09
1.488341674721208667e-09
1.436422965567259333e-09
1.375950880866065319e-09
1.307780872507556828e-09
1.233005744976419390e-09
1.153229101432559237e-09
1.069764075297343194e-09
9.839809659801885586e-10
8.995254512098154339e-10
8.159136323088365214e-10
7.359770950264083205e-10
6.602361425794213512e-10
5.897278726947353494e-10
5.246383138742343802e-10
4.648148675168877621e-10
4.096812726067196457e-10
3.587180452394517839e-10
3.113547313522449250e-10
2.675809083079556221e-10
2.276350264930801786e-10
1.919801909157664722e-10
1.613178972077943738e-10
1.352623502634484491e-10
1.131706477459189584e-10
9.407672282899939629e-11
7.743994035426294547e-11
6.326524438244848074e-11
5.150147875256548660e-11
4.181851397306701136e-11
3.369431172202358668e-11
2.696474482821346867e-11
2.150226583159869948e-11
1.702914960643115979e-11
1.340814537136541052e-11
1.049550367170846009e-11
8.167938899692268013e-12
6.308600627668891335e-12
4.842029531758610710e-12
3.690473382451003907e-12
2.791394296899866754e-12
2.094831006748839030e-12
1.558982239868565815e-12
1.150121145299084119e-12
8.421413823085298365e-13
6.087477166907820317e-13
4.366821962475261714e-13
3.100228283677340329e-13
2.178659842546319820e-13
1.515543666278304176e-13
1.043079383345270232e-13
7.105076112154253176e-14
4.790585930681112477e-14
3.197672275097817309e-14
2.111585704375780565e-14
1.380413043297542049e-14
8.942343874117290845e-15
5.719445915061372812e-15
3.623437502845409474e-15
2.270470751332264442e-15
1.406472438444447458e-15
8.608832053121985201e-16
5.202909278828046647e-16
3.124235547926631038e-16
1.822842754124912211e-16
1.054406467354173988e-16
5.994640576127854321e-17
3.343572503076571715e-17
1.821736893508380213e-17
9.656749914733342726e-18
4.956100608407064322e-18
2.449957562773707845e-18
1.158948554409672640e-18
5.199817753396337841e-19
2.191430226069979177e-19
