1.047376681114152053e+00 0.000000000000000000e+00 1.377865553213353678e+03 2.620000000000000000e+02
1.147378904865844262e+00 0.000000000000000000e+00 1.440454352767334512e+03 2.620000000000000000e+02
1.256929216650817027e+00 0.000000000000000000e+00 1.503794930167776783e+03 2.620000000000000000e+02
1.376939256047382987e+00 0.000000000000000000e+00 1.568515917411343935e+03 2.620000000000000000e+02
1.508407704847735342e+00 0.000000000000000000e+00 1.635616985770131805e+03 2.620000000000000000e+02
1.652428597740346783e+00 0.000000000000000000e+00 1.705801323683725059e+03 2.620000000000000000e+02
1.810200426485989444e+00 0.000000000000000000e+00 1.780242989195195833e+03 2.620000000000000000e+02
1.983036113349190055e+00 0.000000000000000000e+00 1.859961944974467087e+03 2.620000000000000000e+02
2.172373936780469084e+00 0.000000000000000000e+00 1.945733174853069841e+03 2.620000000000000000e+02
2.379789500269210656e+00 0.000000000000000000e+00 2.038992401192632997e+03 2.620000000000000000e+02
2.607008843967693057e+00 0.000000000000000000e+00 2.139709530435643501e+03 2.620000000000000000e+02
2.855922808196662110e+00 0.000000000000000000e+00 2.249087822096985747e+03 2.620000000000000000e+02
3.128602768360589703e+00 0.000000000000000000e+00 2.367627550708625677e+03 2.620000000000000000e+02
3.427317872213148320e+00 0.000000000000000000e+00 2.495723447444943304e+03 2.620000000000000000e+02
3.754553922915217612e+00 0.000000000000000000e+00 2.634585617421918414e+03 2.620000000000000000e+02
4.113034065023922992e+00 0.000000000000000000e+00 2.785045669904819988e+03 2.620000000000000000e+02
4.505741445554233060e+00 0.000000000000000000e+00 2.949854315229554686e+03 2.620000000000000000e+02
4.935944038690323943e+00 0.000000000000000000e+00 3.128473524576635555e+03 2.620000000000000000e+02
5.407221840729851792e+00 0.000000000000000000e+00 3.322029876278971642e+03 2.620000000000000000e+02
5.923496661567464905e+00 0.000000000000000000e+00 3.531336227806500574e+03 2.620000000000000000e+02
6.489064760632228257e+00 0.000000000000000000e+00 3.757261086994174093e+03 2.620000000000000000e+02
7.108632598863702690e+00 0.000000000000000000e+00 4.000421692407909632e+03 2.620000000000000000e+02
7.787356004242504071e+00 0.000000000000000000e+00 4.261031388598546982e+03 2.620000000000000000e+02
8.530883076796710540e+00 0.000000000000000000e+00 4.539444562421156661e+03 2.620000000000000000e+02
9.345401190125155466e+00 0.000000000000000000e+00 4.836265022370683255e+03 2.620000000000000000e+02
1.023768848056787562e+01 0.000000000000000000e+00 5.151548555828849203e+03 2.620000000000000000e+02
1.121517025249811894e+01 0.000000000000000000e+00 5.484578229727319012e+03 2.620000000000000000e+02
1.228598076912194514e+01 0.000000000000000000e+00 5.835626121120243624e+03 2.620000000000000000e+02
1.345903094298667391e+01 0.000000000000000000e+00 6.201206895336538764e+03 2.620000000000000000e+02
1.474408248949403344e+01 0.000000000000000000e+00 6.584727446564342245e+03 2.620000000000000000e+02
1.615182916049993622e+01 0.000000000000000000e+00 6.978830778622900652e+03 2.620000000000000000e+02
1.769398573399677943e+01 0.000000000000000000e+00 7.383702485013051955e+03 2.620000000000000000e+02
1.938338550041915553e+01 0.000000000000000000e+00 7.797721319014045548e+03 2.620000000000000000e+02
2.123408705682203390e+01 0.000000000000000000e+00 8.216878261213181759e+03 2.620000000000000000e+02
2.326149129763491885e+01 0.000000000000000000e+00 8.636628643690282843e+03 2.620000000000000000e+02
2.548246957554494685e+01 0.000000000000000000e+00 9.050418155733255844e+03 2.620000000000000000e+02
2.791550409902576035e+01 0.000000000000000000e+00 9.455867555743776393e+03 2.620000000000000000e+02
3.058084173484374801e+01 0.000000000000000000e+00 9.844642939529530850e+03 2.620000000000000000e+02
3.350066249544163099e+01 0.000000000000000000e+00 1.021016906981113971e+04 2.620000000000000000e+02
3.669926411328104621e+01 0.000000000000000000e+00 1.054509232456591781e+04 2.620000000000000000e+02
4.020326423812159788e+01 0.000000000000000000e+00 1.084046180799975264e+04 2.620000000000000000e+02
4.404182193983774596e+01 0.000000000000000000e+00 1.108688408874987726e+04 2.620000000000000000e+02
4.824688036005658631e+01 0.000000000000000000e+00 1.127612827004839892e+04 2.620000000000000000e+02
5.285343253186462675e+01 0.000000000000000000e+00 1.139876079129617756e+04 2.620000000000000000e+02
5.789981257965639116e+01 0.000000000000000000e+00 1.144539066636435928e+04 2.620000000000000000e+02
6.342801472237731275e+01 0.000000000000000000e+00 1.140931906750590133e+04 2.620000000000000000e+02
6.948404273480723248e+01 0.000000000000000000e+00 1.128449645788736780e+04 2.620000000000000000e+02
7.611829277496100588e+01 0.000000000000000000e+00 1.106678879234571468e+04 2.620000000000000000e+02
8.338597276338916231e+01 0.000000000000000000e+00 1.075687992995532659e+04 2.620000000000000000e+02
9.134756180427312700e+01 0.000000000000000000e+00 1.035852957469051762e+04 2.620000000000000000e+02
1.000693134715016583e+02 0.000000000000000000e+00 9.880499079740189700e+03 2.620000000000000000e+02
1.096238071478445875e+02 0.000000000000000000e+00 9.336420568913095849e+03 2.620000000000000000e+02
1.200905520053401574e+02 0.000000000000000000e+00 8.744959963063689429e+03 2.620000000000000000e+02
1.315566486529429255e+02 0.000000000000000000e+00 8.127623298332930062e+03 2.620000000000000000e+02
1.441175139575057074e+02 0.000000000000000000e+00 7.508774527095424673e+03 2.620000000000000000e+02
1.578776750697290652e+02 0.000000000000000000e+00 6.910576204313558264e+03 2.620000000000000000e+02
1.729516392627509163e+02 0.000000000000000000e+00 6.351861164324572201e+03 2.620000000000000000e+02
1.894648468218269102e+02 0.000000000000000000e+00 5.843927105275516624e+03 2.620000000000000000e+02
2.075547149147497805e+02 0.000000000000000000e+00 5.389168103623318530e+03 2.620000000000000000e+02
2.273717811296867524e+02 0.000000000000000000e+00 4.978045118090110009e+03 2.620000000000000000e+02
2.490809561966414378e+02 0.000000000000000000e+00 4.591491679312142878e+03 2.620000000000000000e+02
2.728628963171397004e+02 0.000000000000000000e+00 4.205949842219506536e+03 2.620000000000000000e+02
2.989155065223001202e+02 0.000000000000000000e+00 3.802371857455475492e+03 2.620000000000000000e+02
3.274555875696430576e+02 0.000000000000000000e+00 3.377709972675366316e+03 2.620000000000000000e+02
3.587206400835506770e+02 0.000000000000000000e+00 2.950069717363867312e+03 2.620000000000000000e+02
3.929708409528589073e+02 0.000000000000000000e+00 2.553079998136819995e+03 2.620000000000000000e+02
4.304912084323515842e+02 0.000000000000000000e+00 2.216153730057712437e+03 2.620000000000000000e+02
4.715939739655653398e+02 0.000000000000000000e+00 1.944967353912095405e+03 2.620000000000000000e+02
5.166211804661829774e+02 0.000000000000000000e+00 1.716619563608927365e+03 2.620000000000000000e+02
5.659475286801639413e+02 0.000000000000000000e+00 1.500509009071792889e+03 2.620000000000000000e+02
6.199834953149968442e+02 0.000000000000000000e+00 1.287515167221871934e+03 2.620000000000000000e+02
6.791787488840413971e+02 0.000000000000000000e+00 1.093967515736817404e+03 2.620000000000000000e+02
7.440258916913708163e+02 0.000000000000000000e+00 9.341317009390177191e+02 2.620000000000000000e+02
8.150645590969156729e+02 0.000000000000000000e+00 7.996872914426394345e+02 2.620000000000000000e+02
8.928859101739425341e+02 0.000000000000000000e+00 6.785754789013452637e+02 2.620000000000000000e+02
9.781375471293952160e+02 0.000000000000000000e+00 5.724189973280261938e+02 2.620000000000000000e+02
1.071528904423998938e+03 0.000000000000000000e+00 4.823864863155393437e+02 2.620000000000000000e+02
1.173837152439038618e+03 0.000000000000000000e+00 4.047617071276447973e+02 2.620000000000000000e+02
1.285913664817961262e+03 0.000000000000000000e+00 3.387989066520567008e+02 2.620000000000000000e+02
1.408691103301366638e+03 0.000000000000000000e+00 2.825944393100936054e+02 2.620000000000000000e+02
1.543191179013896317e+03 0.000000000000000000e+00 2.349955840094600887e+02 2.620000000000000000e+02
1.690533154788281536e+03 0.000000000000000000e+00 1.949195851188545134e+02 2.620000000000000000e+02
1.851943159281576072e+03 0.000000000000000000e+00 1.612105568070892048e+02 2.620000000000000000e+02
2.028764390390979997e+03 0.000000000000000000e+00 1.329938755375683854e+02 2.620000000000000000e+02
2.222468292879554156e+03 0.000000000000000000e+00 1.094442769629805525e+02 2.620000000000000000e+02
2.434666803227443324e+03 0.000000000000000000e+00 8.984798556430874328e+01 2.620000000000000000e+02
2.667125763606631153e+03 0.000000000000000000e+00 7.359555338998686125e+01 2.620000000000000000e+02
2.921779616604781040e+03 0.000000000000000000e+00 6.014834560480643688e+01 2.620000000000000000e+02
3.200747502983503637e+03 0.000000000000000000e+00 4.905844859535396552e+01 2.620000000000000000e+02
3.506350896430803459e+03 0.000000000000000000e+00 3.993127031834634977e+01 2.620000000000000000e+02
3.841132922056807729e+03 0.000000000000000000e+00 3.244084530903363373e+01 2.620000000000000000e+02
4.207879519396391515e+03 0.000000000000000000e+00 2.630685925052843643e+01 2.620000000000000000e+02
4.609642626029024541e+03 0.000000000000000000e+00 2.129507321256687646e+01 2.620000000000000000e+02
5.049765574740205011e+03 0.000000000000000000e+00 1.720954266913344455e+01 2.620000000000000000e+02
5.531910915575709623e+03 0.000000000000000000e+00 1.388467460398921105e+01 2.620000000000000000e+02
6.060090894306204063e+03 0.000000000000000000e+00 1.118529799635123823e+01 2.620000000000000000e+02
6.638700840942902687e+03 0.000000000000000000e+00 8.996726161374631658e+00 2.620000000000000000e+02
7.272555746143336364e+03 0.000000000000000000e+00 7.226476692784443934e+00 2.620000000000000000e+02
7.966930329887627522e+03 0.000000000000000000e+00 5.796273496634903211e+00 2.620000000000000000e+02
8.727602935865841573e+03 0.000000000000000000e+00 4.643068866344226109e+00 2.620000000000000000e+02
9.560903616839295864e+03 0.000000000000000000e+00 3.714573112803349453e+00 2.620000000000000000e+02
