2.608199895965254176e-12
2.581638334231885477e-12
2.556175732645262932e-12
2.527693111370040472e-12
2.491791674724203106e-12
2.454869999581706336e-12
2.416425825818894314e-12
2.372427232805572956e-12
2.325618078382081455e-12
2.275889116489059724e-12
2.223299363312934429e-12
2.169793169038574355e-12
2.109989183027828545e-12
2.049017895686199071e-12
1.983907957154326117e-12
1.918862945787492107e-12
1.849522625641597593e-12
1.778015289882018072e-12
1.704635608854395509e-12
1.629801489809865947e-12
1.549719542086715406e-12
1.470046050164536971e-12
1.389142558559521730e-12
1.307299318351996377e-12
1.225079930113207489e-12
1.142860955501335696e-12
1.061171955422959266e-12
9.804040002377017688e-13
9.012655679736361887e-13
8.241673559196641296e-13
7.496567881241085011e-13
6.781747758625642498e-13
6.101945155927599789e-13
5.460894427960583313e-13
4.861600157834540895e-13
4.305516659728470376e-13
3.794131277084848088e-13
3.327574596279298950e-13
2.902049465828974472e-13
2.523665569682768073e-13
2.182074299655336264e-13
1.876829628323598046e-13
1.605119741940873236e-13
1.364234091534033802e-13
1.151762587387694491e-13
9.659180489052368072e-14
8.047548585607985673e-14
6.669193883255856994e-14
5.502438377597324201e-14
4.521351610038667302e-14
3.698183122330501701e-14
3.005278646259632625e-14
2.426047262659628990e-14
1.947133306246475276e-14
1.555225390528786591e-14
1.235902590899943795e-14
9.756793874546652503e-15
7.654227655853843483e-15
5.973689118432855637e-15
4.627449656768850923e-15
3.562115515777788854e-15
2.723068300353502181e-15
2.066709625600955499e-15
1.555820100026690801e-15
1.161967532976848546e-15
8.602825893755324571e-16
6.309726431791633801e-16
4.580746808505856344e-16
3.288812297864220798e-16
2.332772664826729121e-16
1.632164155002318828e-16
1.124257318339740205e-16
7.604389846512207529e-17
5.033986230407893886e-17
3.244415521534501936e-17
2.021910280507978020e-17
1.205699243044723991e-17
6.762517936244477832e-18
3.470137080615703659e-18
1.541912924851882066e-18
5.253447086169805500e-19
9.327438732980778429e-20
8.071944019617130667e-22
0.000000000000000000e+00
0.000000000000000000e+00
0.000000000000000000e+00
0.000000000000000000e+00
0.000000000000000000e+00
0.000000000000000000e+00
0.000000000000000000e+00
0.000000000000000000e+00
0.000000000000000000e+00
0.000000000000000000e+00
0.000000000000000000e+00
0.000000000000000000e+00
0.000000000000000000e+00
0.000000000000000000e+00
0.000000000000000000e+00
0.000000000000000000e+00
0.000000000000000000e+00
0.000000000000000000e+00
