1.047376681114152053e+00 6.277557889863646068e+01 3.029687832902387754e+02 0.000000000000000000e+00
1.147378904865844262e+00 5.744101469558231798e+01 3.026119822669346604e+02 0.000000000000000000e+00
1.256929216650817027e+00 5.255157761106234915e+01 3.046046563740382567e+02 0.000000000000000000e+00
1.376939256047382987e+00 4.807950891471579524e+01 3.091238381282461205e+02 0.000000000000000000e+00
1.508407704847735342e+00 4.396721912654079745e+01 3.164559422532810800e+02 0.000000000000000000e+00
1.652428597740346783e+00 4.021196752444291889e+01 3.249033063677597397e+02 0.000000000000000000e+00
1.810200426485989444e+00 3.677270992244433501e+01 3.368849702989542152e+02 0.000000000000000000e+00
1.983036113349190055e+00 3.362666148062780991e+01 3.508732255249814784e+02 0.000000000000000000e+00
2.172373936780469084e+00 3.075111630815131036e+01 3.681816756002859279e+02 0.000000000000000000e+00
2.379789500269210656e+00 2.812059865496239297e+01 3.886953563662675037e+02 0.000000000000000000e+00
2.607008843967693057e+00 2.571630649111047617e+01 4.119834762102773880e+02 0.000000000000000000e+00
2.855922808196662110e+00 2.351847764906687388e+01 4.381289911361480449e+02 0.000000000000000000e+00
3.128602768360589703e+00 2.150988435338195615e+01 4.672813199571594964e+02 0.000000000000000000e+00
3.427317872213148320e+00 1.967451955357354265e+01 4.993885340620195734e+02 0.000000000000000000e+00
3.754553922915217612e+00 1.799043041068981807e+01 5.349172006559851980e+02 0.000000000000000000e+00
4.113034065023922992e+00 1.646547725601021384e+01 5.739406346052987828e+02 0.000000000000000000e+00
4.505741445554233060e+00 1.506589366006097563e+01 6.172399776045434692e+02 0.000000000000000000e+00
4.935944038690323943e+00 1.378741600910587906e+01 6.647815699408243972e+02 0.000000000000000000e+00
5.407221840729851792e+00 1.261953221911826439e+01 7.167591066822621997e+02 0.000000000000000000e+00
5.923496661567464905e+00 1.155293780243827406e+01 7.736549535922275709e+02 0.000000000000000000e+00
6.489064760632228257e+00 1.057870299590720364e+01 8.355774500919285401e+02 0.000000000000000000e+00
7.108632598863702690e+00 9.684292182831905293e+00 9.030852300320884751e+02 0.000000000000000000e+00
7.787356004242504071e+00 8.876146399192924363e+00 9.766862072372306329e+02 0.000000000000000000e+00
8.530883076796710540e+00 8.133841028378144600e+00 1.055487593743907155e+03 0.000000000000000000e+00
9.345401190125155466e+00 7.455847022953179248e+00 1.140792961613580246e+03 0.000000000000000000e+00
1.023768848056787562e+01 6.837465622658201347e+00 1.233058236401326667e+03 0.000000000000000000e+00
1.121517025249811894e+01 6.270687957333509033e+00 1.332030591063087059e+03 0.000000000000000000e+00
1.228598076912194514e+01 5.754384135519048371e+00 1.438749892574223850e+03 0.000000000000000000e+00
1.345903094298667391e+01 5.283294567183653534e+00 1.552442972281215589e+03 0.000000000000000000e+00
1.474408248949403344e+01 4.845447165776998411e+00 1.673406551826775512e+03 0.000000000000000000e+00
1.615182916049993622e+01 4.457591074184686697e+00 1.801917974783024420e+03 0.000000000000000000e+00
1.769398573399677943e+01 4.097710183894720082e+00 1.938172559975253307e+03 0.000000000000000000e+00
1.938338550041915553e+01 3.768249831238174252e+00 2.081978891722669687e+03 0.000000000000000000e+00
2.123408705682203390e+01 3.468604231902882695e+00 2.233015871053706178e+03 0.000000000000000000e+00
2.326149129763491885e+01 3.193912111916982433e+00 2.390970721292922462e+03 0.000000000000000000e+00
2.548246957554494685e+01 2.943777029329253558e+00 2.555287329567425786e+03 0.000000000000000000e+00
2.791550409902576035e+01 2.714275749474885036e+00 2.725025794248039347e+03 0.000000000000000000e+00
3.058084173484374801e+01 2.504637790595774405e+00 2.899321164801986924e+03 0.000000000000000000e+00
3.350066249544163099e+01 2.313152534927092940e+00 3.077143599906703912e+03 0.000000000000000000e+00
3.669926411328104621e+01 2.138014668083505931e+00 3.257006954079801289e+03 0.000000000000000000e+00
4.020326423812159788e+01 1.977853520858968261e+00 3.436959936652272972e+03 0.000000000000000000e+00
4.404182193983774596e+01 1.831427713232229415e+00 3.614819739133159601e+03 0.000000000000000000e+00
4.824688036005658631e+01 1.697416800888793764e+00 3.788196279038429111e+03 0.000000000000000000e+00
5.285343253186462675e+01 1.574805888422728506e+00 3.954190645895799207e+03 0.000000000000000000e+00
5.789981257965639116e+01 1.462593530939234832e+00 4.109741200510666204e+03 0.000000000000000000e+00
6.342801472237731275e+01 1.359904068997725979e+00 4.251088649582336984e+03 0.000000000000000000e+00
6.948404273480723248e+01 1.265878169035860701e+00 4.374190447965155727e+03 0.000000000000000000e+00
7.611829277496100588e+01 1.179758969658983858e+00 4.474913109434806756e+03 0.000000000000000000e+00
8.338597276338916231e+01 1.100844657111921920e+00 4.548863985890893673e+03 0.000000000000000000e+00
9.134756180427312700e+01 1.028527876395296525e+00 4.591503582329977689e+03 0.000000000000000000e+00
1.000693134715016583e+02 9.623362634691123851e-01 4.598533919122687621e+03 0.000000000000000000e+00
1.096238071478445875e+02 9.013553988620078838e-01 4.566289500125320956e+03 0.000000000000000000e+00
1.200905520053401574e+02 8.455820490629324393e-01 4.492052985381104918e+03 0.000000000000000000e+00
1.315566486529429255e+02 7.943193691844760984e-01 4.374574950736116079e+03 0.000000000000000000e+00
1.441175139575057074e+02 7.472300419162067886e-01 4.214584528649247659e+03 0.000000000000000000e+00
1.578776750697290652e+02 7.039396527788792657e-01 4.014416218757080514e+03 0.000000000000000000e+00
1.729516392627509163e+02 6.641167521053763512e-01 3.782544421353774851e+03 0.000000000000000000e+00
1.894648468218269102e+02 6.274551918565085540e-01 3.527158214271249562e+03 0.000000000000000000e+00
2.075547149147497805e+02 5.936822278009274978e-01 3.260325995607773166e+03 0.000000000000000000e+00
2.273717811296867524e+02 5.625337049593334138e-01 2.995333124755120934e+03 0.000000000000000000e+00
2.490809561966414378e+02 5.337827502036515126e-01 2.745643045750667170e+03 0.000000000000000000e+00
2.728628963171397004e+02 5.072156177656377274e-01 2.521527354382571502e+03 0.000000000000000000e+00
2.989155065223001202e+02 4.826412293091411065e-01 2.329104217899171090e+03 0.000000000000000000e+00
3.274555875696430576e+02 4.598797365307617513e-01 2.168161596120159174e+03 0.000000000000000000e+00
3.587206400835506770e+02 4.387697962867891932e-01 2.026956754026776707e+03 0.000000000000000000e+00
3.929708409528589073e+02 4.191807768927298117e-01 1.889213170650300981e+03 0.000000000000000000e+00
4.304912084323515842e+02 4.009148780500429998e-01 1.736029406538855255e+03 0.000000000000000000e+00
4.715939739655653398e+02 3.839253775533818525e-01 1.556296832336015768e+03 0.000000000000000000e+00
5.166211804661829774e+02 3.680514292651251851e-01 1.354565544790762715e+03 0.000000000000000000e+00
5.659475286801639413e+02 3.532103955647156179e-01 1.156133825228530668e+03 0.000000000000000000e+00
6.199834953149968442e+02 3.392995396233094429e-01 9.900260396827098930e+02 0.000000000000000000e+00
6.791787488840413971e+02 3.262394402469480648e-01 8.718784392475054119e+02 0.000000000000000000e+00
7.440258916913708163e+02 3.139358681933151485e-01 7.876255056324430370e+02 0.000000000000000000e+00
8.150645590969156729e+02 3.023229843025894148e-01 7.041263091885117547e+02 0.000000000000000000e+00
8.928859101739425341e+02 2.913341943943948409e-01 6.026571516309168146e+02 0.000000000000000000e+00
9.781375471293952160e+02 2.809015165580278639e-01 5.001634228410666196e+02 0.000000000000000000e+00
1.071528904423998938e+03 2.709811579650565072e-01 4.257958936986501044e+02 0.000000000000000000e+00
1.173837152439038618e+03 2.615197026720393336e-01 3.743393968757994799e+02 0.000000000000000000e+00
1.285913664817961262e+03 2.524689746915005917e-01 3.197971915103146330e+02 0.000000000000000000e+00
1.408691103301366638e+03 2.437873515266226476e-01 2.644482094788936024e+02 0.000000000000000000e+00
1.543191179013896317e+03 2.354401018867811612e-01 2.248064627375802047e+02 0.000000000000000000e+00
1.690533154788281536e+03 2.273858624192949540e-01 1.908793375746866445e+02 0.000000000000000000e+00
1.851943159281576072e+03 2.195940316826756611e-01 1.579970119352188931e+02 0.000000000000000000e+00
2.028764390390979997e+03 2.120388228883074988e-01 1.329973875687651912e+02 0.000000000000000000e+00
2.222468292879554156e+03 2.046914454032185415e-01 1.103911630166333566e+02 0.000000000000000000e+00
2.434666803227443324e+03 1.975416938938825973e-01 9.181691323334399613e+01 0.000000000000000000e+00
2.667125763606631153e+03 1.905584603226402884e-01 7.595216677281327122e+01 0.000000000000000000e+00
2.921779616604781040e+03 1.837292022208834030e-01 6.280674598837865119e+01 0.000000000000000000e+00
3.200747502983503637e+03 1.770407934237008818e-01 5.168918588359909450e+01 0.000000000000000000e+00
3.506350896430803459e+03 1.704774052451544231e-01 4.248603188022477184e+01 0.000000000000000000e+00
3.841132922056807729e+03 1.640332097146280088e-01 3.483512678983686328e+01 0.000000000000000000e+00
4.207879519396391515e+03 1.576990487658766205e-01 2.848960626315171041e+01 0.000000000000000000e+00
4.609642626029024541e+03 1.514692871138948738e-01 2.325627647538005149e+01 0.000000000000000000e+00
5.049765574740205011e+03 1.453363202191145231e-01 1.894044818963358168e+01 0.000000000000000000e+00
5.531910915575709623e+03 1.393041595897584473e-01 1.539766963566066060e+01 0.000000000000000000e+00
6.060090894306204063e+03 1.333682356910757816e-01 1.249195926938944190e+01 0.000000000000000000e+00
6.638700840942902687e+03 1.275289729980920439e-01 1.011662796348831783e+01 0.000000000000000000e+00
7.272555746143336364e+03 1.217906647588404140e-01 8.178030454045375208e+00 0.000000000000000000e+00
7.966930329887627522e+03 1.161494098538990716e-01 6.599975694173266128e+00 0.000000000000000000e+00
8.727602935865841573e+03 1.106113211203218760e-01 5.317613863579954803e+00 0.000000000000000000e+00
9.560903616839295864e+03 1.051800379071638203e-01 4.276558405826121678e+00 0.000000000000000000e+00
