0.000000000000000000e+00
0.000000000000000000e+00
2.324666638912429798e-08
1.170985229371726533e-07
2.153290265356431982e-07
2.818475526943484953e-07
3.124038793827898132e-07
3.433410897332499881e-07
3.770331258894275175e-07
4.136229671257420775e-07
4.532364496876896753e-07
4.959775135672174689e-07
5.419162110291013964e-07
5.910704793795142786e-07
6.433936945911923091e-07
6.987685904303329417e-07
7.570025549737124048e-07
8.177834871430573576e-07
8.806839768174699015e-07
9.451328689576166664e-07
1.010390833105467025e-06
1.075521572987063398e-06
1.139394681928187518e-06
1.200678578317128929e-06
1.257794901485293636e-06
1.308921307614009075e-06
1.352038489950547468e-06
1.384968258891336715e-06
1.405399844530388303e-06
1.411079363637699262e-06
1.400045646928157238e-06
1.370915141935548790e-06
1.323189097705464981e-06
1.257780135428943087e-06
1.177280768974250147e-06
1.086176275753149605e-06
9.905355105812610531e-07
8.971386700231112325e-07
8.124021436081331149e-07
7.405220828724132290e-07
6.815091198219609835e-07
6.302172988428088802e-07
5.778375820031793993e-07
5.166892697200349665e-07
4.464200535864652080e-07
3.761726394562930524e-07
3.182802886732016175e-07
2.765046244790987882e-07
2.423751804810588257e-07
2.069693873938206164e-07
1.725089578113746098e-07
1.445273911288589866e-07
1.218754026400247391e-07
1.020693787515866877e-07
8.484668278922080775e-08
7.056309338711729851e-08
5.869946158299976748e-08
4.873865114567277438e-08
4.054921444406973807e-08
3.379658867892142735e-08
2.823827447939328746e-08
2.368580343602493792e-08
1.997477055387440547e-08
1.694018687469867572e-08
1.445286146819582954e-08
1.240739231255624519e-08
1.071503653413272493e-08
9.304100369577740376e-09
8.115532770377981969e-09
7.101983091252812422e-09
6.225882782708342342e-09
5.458601615999547276e-09
4.778010630382558874e-09
4.168060853841109996e-09
3.617718400716158602e-09
3.119472617053671032e-09
2.669284076300224283e-09
2.264896931915455491e-09
1.905120127891510511e-09
1.588825970505844540e-09
1.314482904130470852e-09
1.080053993773353934e-09
8.811106812282845240e-10
7.152730707666262133e-10
5.775059495197915199e-10
4.643367172760188557e-10
3.718207173948255417e-10
2.965906850738582927e-10
2.357076994419353585e-10
1.866576945555835405e-10
1.472997825525956444e-10
1.158426302892125636e-10
9.080097869801795767e-11
7.093720223804307999e-11
5.524281120392906474e-11
4.288615617042911798e-11
3.319169582779715288e-11
2.561380604937965738e-11
1.970795361929951987e-11
1.512157212491254238e-11
1.157067712672456261e-11
