0.000000000000000000e+00
0.000000000000000000e+00
1.216949749745237743e-08
5.768819905366444145e-08
1.003040177475488398e-07
1.267138198276323566e-07
1.404406962801814945e-07
1.546795577154120877e-07
1.701817975043949245e-07
1.870118339134196412e-07
2.052259031294434754e-07
2.248701414292818132e-07
2.459745630771568204e-07
2.685441454492707708e-07
2.925539171516900255e-07
3.179468414691986417e-07
3.446306080002975913e-07
3.724564199099069006e-07
4.009511759855243439e-07
4.303739176229123469e-07
4.601228126094324266e-07
4.900783836552740210e-07
5.187646811934196635e-07
5.465155533030718442e-07
5.722817161559847876e-07
5.952200564553490804e-07
6.144017558462256284e-07
6.288271927795591282e-07
6.374415290709831709e-07
6.392212994155176533e-07
6.332990374993514794e-07
6.190720973152070398e-07
5.963759075967214495e-07
5.656969738827936934e-07
5.283172806810103489e-07
4.863748241067777768e-07
4.427108439173342590e-07
4.004305344357247308e-07
3.624138928662760640e-07
3.304249406196741534e-07
3.042022169210797495e-07
2.811270245737348893e-07
2.570354204726743351e-07
2.286551103684525363e-07
1.961778623804614188e-07
1.644581071544325759e-07
1.389626574257447508e-07
1.207955025855909989e-07
1.054243722288723036e-07
8.907406959810202723e-08
7.355467733651345019e-08
6.130524501843717497e-08
5.120365068521944640e-08
4.226652101237526392e-08
3.461857951720941700e-08
2.828801068338314920e-08
2.300733893370674240e-08
1.860146111484645470e-08
1.499180849498559772e-08
1.202397491070938590e-08
9.596810219440230563e-09
7.627398994525468110e-09
6.040722467174915829e-09
4.764166050193752668e-09
3.741369975567653800e-09
2.925605329799101686e-09
2.277454799504597094e-09
1.764807597291121312e-09
1.361067786119834727e-09
1.044267836711433095e-09
7.967099996578644834e-10
6.042312354242371669e-10
4.553150515224230319e-10
3.407036615521563815e-10
2.530243828139624007e-10
1.864468060020821083e-10
1.362503142694358687e-10
9.871056843114891354e-11
7.090446640629114985e-11
5.050277389985698370e-11
3.567970656095510902e-11
2.500586629356054862e-11
1.740100349131340184e-11
1.202448600312671919e-11
8.254230301826107660e-12
5.630637290454804639e-12
3.818194297345263959e-12
2.574127940965819396e-12
1.726754094272776964e-12
1.154343999785050366e-12
7.694067236803011650e-13
5.107796176052669037e-13
3.372983101345467533e-13
2.214580353724260842e-13
1.445299997743322810e-13
9.376219872900181604e-14
6.043447966226083029e-14
3.870245676439726961e-14
2.461402423687501270e-14
1.554471407798872908e-14
9.743688194424995243e-15
