1.047376681114152053e+00 1.483271358032595526e+04 4.020559244893524010e+04 0.000000000000000000e+00
1.147378904865844262e+00 1.356851160250676185e+04 3.717563460982030665e+04 0.000000000000000000e+00
1.256929216650817027e+00 1.240980917370031057e+04 3.436832752995699411e+04 0.000000000000000000e+00
1.376939256047382987e+00 1.135002727042969491e+04 3.184541769041854059e+04 0.000000000000000000e+00
1.508407704847735342e+00 1.037551664484766479e+04 2.952407766870306295e+04 0.000000000000000000e+00
1.652428597740346783e+00 9.485627419218188152e+03 2.743187264799229888e+04 0.000000000000000000e+00
1.810200426485989444e+00 8.670632485467891456e+03 2.559088386153533793e+04 0.000000000000000000e+00
1.983036113349190055e+00 7.925130481698293806e+03 2.378144732831654619e+04 0.000000000000000000e+00
2.172373936780469084e+00 7.243741170730303566e+03 2.224637766764931075e+04 0.000000000000000000e+00
2.379789500269210656e+00 6.620425573011582856e+03 2.099476328997897508e+04 0.000000000000000000e+00
2.607008843967693057e+00 6.050727623454597961e+03 1.978796855976540610e+04 0.000000000000000000e+00
2.855922808196662110e+00 5.529963626565689083e+03 1.871686073117394335e+04 0.000000000000000000e+00
3.128602768360589703e+00 5.054050391669039527e+03 1.777803046673853169e+04 0.000000000000000000e+00
3.427317872213148320e+00 4.619194080343383575e+03 1.695286526627017884e+04 0.000000000000000000e+00
3.754553922915217612e+00 4.220194789043439414e+03 1.624413904552156419e+04 0.000000000000000000e+00
4.113034065023922992e+00 3.858906117459129746e+03 1.562281726356925174e+04 0.000000000000000000e+00
4.505741445554233060e+00 3.527334469176091261e+03 1.512358085443822347e+04 0.000000000000000000e+00
4.935944038690323943e+00 3.224468728046400429e+03 1.471662006082963671e+04 0.000000000000000000e+00
5.407221840729851792e+00 2.947809858923502816e+03 1.439116580939382220e+04 0.000000000000000000e+00
5.923496661567464905e+00 2.695160182436185551e+03 1.415449901423219671e+04 0.000000000000000000e+00
6.489064760632228257e+00 2.464400734571806424e+03 1.398624530627117929e+04 0.000000000000000000e+00
7.108632598863702690e+00 2.252560390277508759e+03 1.389115700665292024e+04 0.000000000000000000e+00
7.787356004242504071e+00 2.061165971024401642e+03 1.387721080034199258e+04 0.000000000000000000e+00
8.530883076796710540e+00 1.885376422717879905e+03 1.392467714455670284e+04 0.000000000000000000e+00
9.345401190125155466e+00 1.724829431128853230e+03 1.403982389118304127e+04 0.000000000000000000e+00
1.023768848056787562e+01 1.578411381493165891e+03 1.421542632507021881e+04 0.000000000000000000e+00
1.121517025249811894e+01 1.444279849332674075e+03 1.445633421523057768e+04 0.000000000000000000e+00
1.228598076912194514e+01 1.321999666355527779e+03 1.474192814020577134e+04 0.000000000000000000e+00
1.345903094298667391e+01 1.210491677262404437e+03 1.508323748886122667e+04 0.000000000000000000e+00
1.474408248949403344e+01 1.106941286474444269e+03 1.547403927892014144e+04 0.000000000000000000e+00
1.615182916049993622e+01 1.015081815868604622e+03 1.590925029051222373e+04 0.000000000000000000e+00
1.769398573399677943e+01 9.299325192779737108e+02 1.638519060619953962e+04 0.000000000000000000e+00
1.938338550041915553e+01 8.520045417633609759e+02 1.689174478473213821e+04 0.000000000000000000e+00
2.123408705682203390e+01 7.811201542735536805e+02 1.742857912805547676e+04 0.000000000000000000e+00
2.326149129763491885e+01 7.161620611766530828e+02 1.799281489476302158e+04 0.000000000000000000e+00
2.548246957554494685e+01 6.570116575142137663e+02 1.856265980653212318e+04 0.000000000000000000e+00
2.791550409902576035e+01 6.027771586023045529e+02 1.914349211009042119e+04 0.000000000000000000e+00
3.058084173484374801e+01 5.532245438799665180e+02 1.972177053891690593e+04 0.000000000000000000e+00
3.350066249544163099e+01 5.079901748131807153e+02 2.028723859178767452e+04 0.000000000000000000e+00
3.669926411328104621e+01 4.666292453648706555e+02 2.082862878997268854e+04 0.000000000000000000e+00
4.020326423812159788e+01 4.288185087850874879e+02 2.133409745699147970e+04 0.000000000000000000e+00
4.404182193983774596e+01 3.942475738743099214e+02 2.179524831940904187e+04 0.000000000000000000e+00
4.824688036005658631e+01 3.626489985811161887e+02 2.218031898332541095e+04 0.000000000000000000e+00
5.285343253186462675e+01 3.337432180617975064e+02 2.249555914973050676e+04 0.000000000000000000e+00
5.789981257965639116e+01 3.072995228156568146e+02 2.271698671803924299e+04 0.000000000000000000e+00
6.342801472237731275e+01 2.831138107136103486e+02 2.283012813300698690e+04 0.000000000000000000e+00
6.948404273480723248e+01 2.609824144016116065e+02 2.282175796435683878e+04 0.000000000000000000e+00
7.611829277496100588e+01 2.407260417568044772e+02 2.267822379351016571e+04 0.000000000000000000e+00
8.338597276338916231e+01 2.221784233052233617e+02 2.239022226540110205e+04 0.000000000000000000e+00
9.134756180427312700e+01 2.051957835346596539e+02 2.194887778435074506e+04 0.000000000000000000e+00
1.000693134715016583e+02 1.896662524542150550e+02 2.135412648522009476e+04 0.000000000000000000e+00
1.096238071478445875e+02 1.753731860376411760e+02 2.060655443268965610e+04 0.000000000000000000e+00
1.200905520053401574e+02 1.626077380640520857e+02 1.971781342185260655e+04 0.000000000000000000e+00
1.315566486529429255e+02 1.503300700478061742e+02 1.870590799402810080e+04 0.000000000000000000e+00
1.441175139575057074e+02 1.393350918155250042e+02 1.759587542813648543e+04 0.000000000000000000e+00
1.578776750697290652e+02 1.292449812497094399e+02 1.641923846199508989e+04 0.000000000000000000e+00
1.729516392627509163e+02 1.199769076591871766e+02 1.521543058394798209e+04 0.000000000000000000e+00
1.894648468218269102e+02 1.114589737493281660e+02 1.402206344719719709e+04 0.000000000000000000e+00
2.075547149147497805e+02 1.036315109924116484e+02 1.287788059867144511e+04 0.000000000000000000e+00
2.273717811296867524e+02 9.642824321326602899e+01 1.181023204063660341e+04 0.000000000000000000e+00
2.490809561966414378e+02 8.979677504882145911e+01 1.083648839522548951e+04 0.000000000000000000e+00
2.728628963171397004e+02 8.368678682273645109e+01 9.955991898005782787e+03 0.000000000000000000e+00
2.989155065223001202e+02 7.805336062447938161e+01 9.152079850046517095e+03 0.000000000000000000e+00
3.274555875696430576e+02 7.285427361140274627e+01 8.394885445040226841e+03 0.000000000000000000e+00
3.587206400835506770e+02 6.805172264912954461e+01 7.648420521883736910e+03 0.000000000000000000e+00
3.929708409528589073e+02 6.361518505071919094e+01 6.887778985227545490e+03 0.000000000000000000e+00
4.304912084323515842e+02 5.950058834343962388e+01 6.108269432604083704e+03 0.000000000000000000e+00
4.715939739655653398e+02 5.569118990478507669e+01 5.336792162776831901e+03 0.000000000000000000e+00
5.166211804661829774e+02 5.215634301146161533e+01 4.618659804875204827e+03 0.000000000000000000e+00
5.659475286801639413e+02 4.887351616749462835e+01 3.997597921775586201e+03 0.000000000000000000e+00
6.199834953149968442e+02 4.581916303855891215e+01 3.489597049387281004e+03 0.000000000000000000e+00
6.791787488840413971e+02 4.297397650187335927e+01 3.066899498821606358e+03 0.000000000000000000e+00
7.440258916913708163e+02 4.031985245734809808e+01 2.683218387995168996e+03 0.000000000000000000e+00
8.150645590969156729e+02 3.784025453814862772e+01 2.309041755463474146e+03 0.000000000000000000e+00
8.928859101739425341e+02 3.552023877416112896e+01 1.957175765018281254e+03 0.000000000000000000e+00
9.781375471293952160e+02 3.334629930494861583e+01 1.657750556786696734e+03 0.000000000000000000e+00
1.071528904423998938e+03 3.130621295281033412e+01 1.417080890905408523e+03 0.000000000000000000e+00
1.173837152439038618e+03 2.938852709850491607e+01 1.209008040997008948e+03 0.000000000000000000e+00
1.285913664817961262e+03 2.758286306548438560e+01 1.016397980396749745e+03 0.000000000000000000e+00
1.408691103301366638e+03 2.588156053352243902e+01 8.513481991307232875e+02 0.000000000000000000e+00
1.543191179013896317e+03 2.427663960549916666e+01 7.163852650695872626e+02 0.000000000000000000e+00
1.690533154788281536e+03 2.275803474304780849e+01 5.988653782831793251e+02 0.000000000000000000e+00
1.851943159281576072e+03 2.132202969315830998e+01 4.977413385957353285e+02 0.000000000000000000e+00
2.028764390390979997e+03 1.996291660505250576e+01 4.143463731107312356e+02 0.000000000000000000e+00
2.222468292879554156e+03 1.867279357313546484e+01 3.427824360138215525e+02 0.000000000000000000e+00
2.434666803227443324e+03 1.745052772662440432e+01 2.832904743273643362e+02 0.000000000000000000e+00
2.667125763606631153e+03 1.628976149759095904e+01 2.333751436574503089e+02 0.000000000000000000e+00
2.921779616604781040e+03 1.518784167656725614e+01 1.918450608246399156e+02 0.000000000000000000e+00
3.200747502983503637e+03 1.414197582586330526e+01 1.572771880149380763e+02 0.000000000000000000e+00
3.506350896430803459e+03 1.314858947274769818e+01 1.286378825242949802e+02 0.000000000000000000e+00
3.841132922056807729e+03 1.220627344988746010e+01 1.050002415056084004e+02 0.000000000000000000e+00
4.207879519396391515e+03 1.131265240940103745e+01 8.549438815767059907e+01 0.000000000000000000e+00
4.609642626029024541e+03 1.046599272772856182e+01 6.948607652196572815e+01 0.000000000000000000e+00
5.049765574740205011e+03 9.664623049754057504e+00 5.634664672180792167e+01 0.000000000000000000e+00
5.531910915575709623e+03 8.907125740307112238e+00 4.560721189426961786e+01 0.000000000000000000e+00
6.060090894306204063e+03 8.192765682580299469e+00 3.684202868041018064e+01 0.000000000000000000e+00
6.638700840942902687e+03 7.518492977178426351e+00 2.970307356978564428e+01 0.000000000000000000e+00
7.272555746143336364e+03 6.884951403026201788e+00 2.390676282589695845e+01 0.000000000000000000e+00
7.966930329887627522e+03 6.290371187377472140e+00 1.920200559421136788e+01 0.000000000000000000e+00
8.727602935865841573e+03 5.733648384376424545e+00 1.539971742271170108e+01 0.000000000000000000e+00
9.560903616839295864e+03 5.213603933937281276e+00 1.232447607587408811e+01 0.000000000000000000e+00
