1.056032981064548126e+00 0.000000000000000000e+00 2.201923781932720723e-08 0.000000000000000000e+00
1.175443983510534363e+00 0.000000000000000000e+00 2.391905963921501135e-08 0.000000000000000000e+00
1.308357393325258133e+00 0.000000000000000000e+00 2.587259770618608206e-08 0.000000000000000000e+00
1.456299996156748877e+00 0.000000000000000000e+00 2.789065717333259502e-08 0.000000000000000000e+00
1.620971219045888478e+00 0.000000000000000000e+00 2.994516514847018240e-08 0.000000000000000000e+00
1.804262651863866251e+00 0.000000000000000000e+00 3.204905247398957349e-08 0.000000000000000000e+00
2.008279776137516404e+00 0.000000000000000000e+00 3.415036627668907827e-08 0.000000000000000000e+00
2.235366150863083323e+00 0.000000000000000000e+00 3.624054041154950514e-08 0.000000000000000000e+00
2.488130333132567262e+00 0.000000000000000000e+00 3.828302252221955519e-08 0.000000000000000000e+00
2.769475842811750965e+00 0.000000000000000000e+00 4.028179675331058878e-08 0.000000000000000000e+00
3.082634515476230241e+00 0.000000000000000000e+00 4.222148296374973258e-08 0.000000000000000000e+00
3.431203626733101864e+00 0.000000000000000000e+00 4.409522829811334373e-08 0.000000000000000000e+00
3.819187214377767425e+00 0.000000000000000000e+00 4.588004700963352043e-08 0.000000000000000000e+00
4.251042073056519932e+00 0.000000000000000000e+00 4.758465099333135281e-08 0.000000000000000000e+00
4.731728949778890581e+00 0.000000000000000000e+00 4.920007863038238931e-08 0.000000000000000000e+00
5.266769528365972342e+00 0.000000000000000000e+00 5.071015159224642333e-08 0.000000000000000000e+00
5.862309857419115922e+00 0.000000000000000000e+00 5.209420507086576644e-08 0.000000000000000000e+00
6.525190950410857837e+00 0.000000000000000000e+00 5.332993540756275122e-08 0.000000000000000000e+00
7.263027368885755841e+00 0.000000000000000000e+00 5.439403223567067258e-08 0.000000000000000000e+00
8.084294691462201143e+00 0.000000000000000000e+00 5.526383473194726671e-08 0.000000000000000000e+00
8.998426873397548320e+00 0.000000000000000000e+00 5.591702721383409193e-08 0.000000000000000000e+00
1.001592461509324039e+01 0.000000000000000000e+00 5.633315089552222886e-08 0.000000000000000000e+00
1.114847598437533449e+01 0.000000000000000000e+00 5.649306893953528811e-08 0.000000000000000000e+00
1.240909067814867583e+01 0.000000000000000000e+00 5.638154908703300596e-08 0.000000000000000000e+00
1.381224946569640366e+01 0.000000000000000000e+00 5.598590050606865910e-08 0.000000000000000000e+00
1.537407053029052229e+01 0.000000000000000000e+00 5.529812747890832626e-08 0.000000000000000000e+00
1.711249461989307719e+01 0.000000000000000000e+00 5.426286458720922092e-08 0.000000000000000000e+00
1.904749113378321468e+01 0.000000000000000000e+00 5.304149849184102135e-08 0.000000000000000000e+00
2.120128751244688203e+01 0.000000000000000000e+00 5.148563416204240995e-08 0.000000000000000000e+00
2.359862456574094125e+01 0.000000000000000000e+00 4.966338009390295409e-08 0.000000000000000000e+00
2.626704067231091244e+01 0.000000000000000000e+00 4.759775995620001568e-08 0.000000000000000000e+00
2.923718811487309566e+01 0.000000000000000000e+00 4.531905668183805213e-08 0.000000000000000000e+00
3.254318518513449021e+01 0.000000000000000000e+00 4.286174838452735781e-08 0.000000000000000000e+00
3.622300810299908846e+01 0.000000000000000000e+00 4.026419344189511765e-08 0.000000000000000000e+00
4.031892725206589034e+01 0.000000000000000000e+00 3.757677285095036184e-08 0.000000000000000000e+00
4.487799274248540371e+01 0.000000000000000000e+00 3.483825348467656229e-08 0.000000000000000000e+00
4.995257487887015913e+01 0.000000000000000000e+00 3.209633351766387001e-08 0.000000000000000000e+00
5.560096574165519456e+01 0.000000000000000000e+00 2.939185109718659323e-08 0.000000000000000000e+00
6.188804879230252709e+01 0.000000000000000000e+00 2.676425595240197898e-08 0.000000000000000000e+00
6.888604419417499969e+01 0.000000000000000000e+00 2.424536677892083156e-08 0.000000000000000000e+00
7.667533841060405564e+01 0.000000000000000000e+00 2.185739955737222000e-08 0.000000000000000000e+00
8.534540760983165342e+01 0.000000000000000000e+00 1.961816591384382277e-08 0.000000000000000000e+00
9.499584548401358575e+01 0.000000000000000000e+00 1.753589087317832350e-08 0.000000000000000000e+00
1.057375072889466310e+02 0.000000000000000000e+00 1.561293579291105715e-08 0.000000000000000000e+00
1.176937832461472624e+02 0.000000000000000000e+00 1.384690230483655661e-08 0.000000000000000000e+00
1.310020159349736844e+02 0.000000000000000000e+00 1.223238108189861872e-08 0.000000000000000000e+00
1.458150779564580262e+02 0.000000000000000000e+00 1.076268143313317059e-08 0.000000000000000000e+00
1.623031279915676635e+02 0.000000000000000000e+00 9.431148366952933001e-09 0.000000000000000000e+00
1.806555654259147161e+02 0.000000000000000000e+00 8.232193554783387143e-09 0.000000000000000000e+00
2.010832059937378347e+02 0.000000000000000000e+00 7.158914115772491848e-09 0.000000000000000000e+00
2.238207034330328042e+02 0.000000000000000000e+00 6.207531486037343906e-09 0.000000000000000000e+00
2.491292449694543905e+02 0.000000000000000000e+00 5.371989599394419473e-09 0.000000000000000000e+00
2.772995515922919481e+02 0.000000000000000000e+00 4.644705047562325054e-09 0.000000000000000000e+00
3.086552175868076802e+02 0.000000000000000000e+00 4.016181002314400058e-09 0.000000000000000000e+00
3.435564276845046834e+02 0.000000000000000000e+00 3.474746686949288583e-09 0.000000000000000000e+00
3.824040945302937757e+02 0.000000000000000000e+00 3.008325707753360716e-09 0.000000000000000000e+00
4.256444639942141634e+02 0.000000000000000000e+00 2.606056614842589505e-09 0.000000000000000000e+00
4.737742412289155709e+02 0.000000000000000000e+00 2.259299861190259591e-09 0.000000000000000000e+00
5.273462963565856398e+02 0.000000000000000000e+00 1.961308583217703223e-09 0.000000000000000000e+00
5.869760153267689020e+02 0.000000000000000000e+00 1.705840681011150238e-09 0.000000000000000000e+00
6.533483688978308237e+02 0.000000000000000000e+00 1.486632242774095059e-09 0.000000000000000000e+00
7.272257809440862957e+02 0.000000000000000000e+00 1.297326201040325757e-09 0.000000000000000000e+00
8.094568864722074295e+02 0.000000000000000000e+00 1.133375817861255312e-09 0.000000000000000000e+00
9.009862799510120794e+02 0.000000000000000000e+00 9.909313436149378708e-10 0.000000000000000000e+00
1.002865365934268880e+03 0.000000000000000000e+00 8.667059805822023671e-10 0.000000000000000000e+00
1.116264436618460877e+03 0.000000000000000000e+00 7.582454236580842609e-10 0.000000000000000000e+00
1.242486115071199492e+03 0.000000000000000000e+00 6.631987926477308310e-10 0.000000000000000000e+00
1.382980318553656389e+03 0.000000000000000000e+00 5.796837594178514888e-10 0.000000000000000000e+00
1.539360913821697523e+03 0.000000000000000000e+00 5.060221460437887306e-10 0.000000000000000000e+00
1.713424255726343517e+03 0.000000000000000000e+00 4.409651947289025422e-10 0.000000000000000000e+00
1.907169822067742189e+03 0.000000000000000000e+00 3.834456524692073477e-10 0.000000000000000000e+00
2.122823181736748211e+03 0.000000000000000000e+00 3.325455221102977020e-10 0.000000000000000000e+00
2.362861559980607581e+03 0.000000000000000000e+00 2.876111217413812229e-10 0.000000000000000000e+00
2.630042294462951304e+03 0.000000000000000000e+00 2.479125875143721833e-10 0.000000000000000000e+00
2.927434508994474982e+03 0.000000000000000000e+00 2.129365387722811218e-10 0.000000000000000000e+00
3.258454368773508122e+03 0.000000000000000000e+00 1.822006033101330894e-10 0.000000000000000000e+00
3.626904322114499791e+03 0.000000000000000000e+00 1.552744823632219731e-10 0.000000000000000000e+00
4.037016779438275080e+03 0.000000000000000000e+00 1.317859735614063313e-10 0.000000000000000000e+00
4.493502731267226409e+03 0.000000000000000000e+00 1.113762505400624618e-10 0.000000000000000000e+00
5.001605863702974602e+03 0.000000000000000000e+00 9.372034207730381925e-11 0.000000000000000000e+00
5.567162793016338583e+03 0.000000000000000000e+00 7.851950988451685477e-11 0.000000000000000000e+00
6.196670111266974345e+03 0.000000000000000000e+00 6.549688331672285255e-11 0.000000000000000000e+00
6.897359013111165041e+03 0.000000000000000000e+00 5.439644512933411917e-11 0.000000000000000000e+00
7.677278361042189317e+03 0.000000000000000000e+00 4.498317632647859189e-11 0.000000000000000000e+00
8.545387143236317570e+03 0.000000000000000000e+00 3.704140825770363562e-11 0.000000000000000000e+00
9.511657386079081334e+03 0.000000000000000000e+00 3.037559173055147729e-11 0.000000000000000000e+00
1.058718870352829254e+04 0.000000000000000000e+00 2.480307568196788523e-11 0.000000000000000000e+00
1.178433579916051713e+04 0.000000000000000000e+00 2.017572174247706272e-11 0.000000000000000000e+00
1.311685038551288017e+04 0.000000000000000000e+00 1.635230825359680428e-11 0.000000000000000000e+00
1.460003915097147365e+04 0.000000000000000000e+00 1.320557550633854669e-11 0.000000000000000000e+00
1.625093958876844590e+04 0.000000000000000000e+00 1.062254913240211791e-11 0.000000000000000000e+00
1.808851570786662342e+04 0.000000000000000000e+00 8.517095339578007615e-12 0.000000000000000000e+00
2.013387587385212828e+04 0.000000000000000000e+00 6.810799387632722168e-12 0.000000000000000000e+00
2.241051528221264743e+04 0.000000000000000000e+00 5.426555825112448768e-12 0.000000000000000000e+00
2.494458584929090648e+04 0.000000000000000000e+00 4.311733412081580095e-12 0.000000000000000000e+00
2.776519662118276028e+04 0.000000000000000000e+00 3.417282789616904376e-12 0.000000000000000000e+00
3.090474815138586200e+04 0.000000000000000000e+00 2.698695368987415936e-12 0.000000000000000000e+00
3.439930468822552211e+04 0.000000000000000000e+00 2.128634213730219920e-12 0.000000000000000000e+00
3.828900844740607135e+04 0.000000000000000000e+00 1.672567073438235282e-12 0.000000000000000000e+00
4.261854072845193878e+04 0.000000000000000000e+00 1.310918562678805722e-12 0.000000000000000000e+00
4.743763517192281142e+04 0.000000000000000000e+00 1.024856840927116643e-12 0.000000000000000000e+00
