0.000000000000000000e+00
0.000000000000000000e+00
2.956437846773336778e-10
1.401471615328046780e-09
2.436778854033983225e-09
3.078366635016758672e-09
3.411845645158380166e-09
3.757761941350862058e-09
4.134370331099846727e-09
4.543235695917079916e-09
4.985724112854773518e-09
5.462956252614690585e-09
5.975661070166569392e-09
6.523959211084796373e-09
7.107243664867907575e-09
7.724128321745611907e-09
8.372369999800916765e-09
9.048353063553953449e-09
9.740584736887974796e-09
1.045535366189844822e-08
1.117803898250485221e-08
1.190573409594086970e-08
1.260258639682343216e-08
1.327669725977602644e-08
1.390257435764083404e-08
1.445973157300308359e-08
1.492560042233963946e-08
1.527589227345274436e-08
1.548497753642657957e-08
1.552798970532085600e-08
1.538385375007105764e-08
1.503793048171673567e-08
1.448622599558446429e-08
1.374056597852059546e-08
1.283210217818230883e-08
1.181277959189074862e-08
1.075162016256116917e-08
9.724046103805478877e-09
8.799992150025780935e-09
8.022271370045332755e-09
7.384502538901929349e-09
6.823087788724549677e-09
6.236972623614418532e-09
5.546815359277141432e-09
4.757388377300573897e-09
3.986486991078347373e-09
3.366643728546913054e-09
2.924520914355103722e-09
2.550833356240103926e-09
2.152747391195878370e-09
1.775497914864409213e-09
1.477492711884910429e-09
1.231736498701094879e-09
1.014429777598114862e-09
8.284921445629226668e-10
6.746080523944323870e-10
5.463181202137187912e-10
4.393542848181270736e-10
3.517947842116492072e-10
2.799160652751022268e-10
2.212453121667501183e-10
1.737732601718282441e-10
1.356630131451240830e-10
1.051573952039569710e-10
8.088390978631244642e-11
6.170162584706245942e-11
4.664750972289332412e-11
3.493070945775789754e-11
2.589264236923511495e-11
1.898625133984989589e-11
1.376399470379189780e-11
9.863331638641357254e-12
6.985977372102315415e-12
4.890606317416087246e-12
3.384358968217092869e-12
2.316234610490718872e-12
1.568043652271827054e-12
1.050059938321123812e-12
6.958804444602126222e-13
4.563578466312687438e-13
2.961789012926688558e-13
1.902215956041738686e-13
1.209088553797110121e-13
7.600553290661241095e-14
4.724283351241318734e-14
2.902115727742433021e-14
1.760842082575780791e-14
1.054244610692036105e-14
6.224615764668749945e-15
3.623715374142766634e-15
2.077566212285056945e-15
1.169306371608670525e-15
6.430951467416013762e-16
3.442376510228637997e-16
1.784763387453556915e-16
8.910000267141551344e-17
4.253199994974510591e-17
1.923860454325533919e-17
8.157690777932933354e-18
3.200652807351411734e-18
1.143836179648213559e-18
