2.350703148818893795e-08
2.553425872640298671e-08
2.760246161585894113e-08
2.979905132250383816e-08
3.197017476142775132e-08
3.414943968913391043e-08
3.627070894210748600e-08
3.828557616457670834e-08
4.017232512580055746e-08
4.198949866706396903e-08
4.378328143541701119e-08
4.553020822276515024e-08
4.721877590766811039e-08
4.882125625075542833e-08
5.031429358335411253e-08
5.168009937222830310e-08
5.288941480856149589e-08
5.391697146935729422e-08
5.474330848967250114e-08
5.534142124806050480e-08
5.568543652695650642e-08
5.575796071148578772e-08
5.554239618029893270e-08
5.502589050433334680e-08
5.419144922139778892e-08
5.304721535005050447e-08
5.159321838245512959e-08
4.984034092962370621e-08
4.780579417609762554e-08
4.552175137034312568e-08
4.302219513701858965e-08
4.034960637349012622e-08
3.756227925285381576e-08
3.470499232712709828e-08
3.181022310912846905e-08
2.901312325229787817e-08
2.627343448458574169e-08
2.368064122784861709e-08
2.123950370600082731e-08
1.897554993999519287e-08
1.688762852719156527e-08
1.496838554108033121e-08
1.320157921649543847e-08
1.157305761128668322e-08
1.007107890908478900e-08
8.698514377501808725e-09
7.460599349324292973e-09
6.368570569136346427e-09
5.426967398250120016e-09
4.625391614600645211e-09
3.941203922445487191e-09
3.349045938351136050e-09
2.835539822452350982e-09
2.398237437267949774e-09
2.032136752633815214e-09
1.726891176040211034e-09
1.468451894589851690e-09
1.251339992503867959e-09
1.070640070480445151e-09
9.189621948657271374e-10
7.917761196262814675e-10
6.848305054027696232e-10
5.945991505862691520e-10
5.176373241804555658e-10
4.520230723511712277e-10
3.955689798853668451e-10
3.465108507903072147e-10
3.036304705097135943e-10
2.658520885514916881e-10
2.324068209664818617e-10
2.025433189036825361e-10
1.759152206732038158e-10
1.522018499542458197e-10
1.310218218031121267e-10
1.121682151931557809e-10
9.547727611901736437e-11
8.073828307069296963e-11
6.785382511041714254e-11
5.664511846642448287e-11
4.698905109258512292e-11
3.872914029631933352e-11
3.172747886598688110e-11
2.584408515474124016e-11
2.093758871755412152e-11
1.689512647805358541e-11
1.354503574311913339e-11
1.081975419437576296e-11
8.609152575038241954e-12
6.822774307081740485e-12
5.385759789448597349e-12
4.236491309431189620e-12
3.322152770113708738e-12
2.596004805213686876e-12
2.021287259317079885e-12
1.568721828713910136e-12
1.213416874813119086e-12
9.351162437270055608e-13
7.181341228815154767e-13
5.494722939608569327e-13
4.184919200230628846e-13
3.170843021556905913e-13
