1.056032981064548126e+00 3.176132559609734896e-13 2.608199895965254176e-12 0.000000000000000000e+00
1.175443983510534363e+00 3.147395017487923375e-13 2.581638334231885477e-12 0.000000000000000000e+00
1.308357393325258133e+00 3.102160327311682608e-13 2.556175732645262932e-12 0.000000000000000000e+00
1.456299996156748877e+00 3.059393438610511498e-13 2.527693111370040472e-12 0.000000000000000000e+00
1.620971219045888478e+00 3.021997241458937169e-13 2.491791674724203106e-12 0.000000000000000000e+00
1.804262651863866251e+00 2.976909121158931880e-13 2.454869999581706336e-12 0.000000000000000000e+00
2.008279776137516404e+00 2.905044649936746197e-13 2.416425825818894314e-12 0.000000000000000000e+00
2.235366150863083323e+00 2.862357704807143588e-13 2.372427232805572956e-12 0.000000000000000000e+00
2.488130333132567262e+00 2.806669125861700555e-13 2.325618078382081455e-12 0.000000000000000000e+00
2.769475842811750965e+00 2.753250860069917944e-13 2.275889116489059724e-12 0.000000000000000000e+00
3.082634515476230241e+00 2.705028634297475198e-13 2.223299363312934429e-12 0.000000000000000000e+00
3.431203626733101864e+00 2.657473087605784455e-13 2.169793169038574355e-12 0.000000000000000000e+00
3.819187214377767425e+00 2.579960632135205339e-13 2.109989183027828545e-12 0.000000000000000000e+00
4.251042073056519932e+00 2.533887689767817732e-13 2.049017895686199071e-12 0.000000000000000000e+00
4.731728949778890581e+00 2.487281272493399809e-13 1.983907957154326117e-12 0.000000000000000000e+00
5.266769528365972342e+00 2.427817897171379002e-13 1.918862945787492107e-12 0.000000000000000000e+00
5.862309857419115922e+00 2.373741920155000236e-13 1.849522625641597593e-12 0.000000000000000000e+00
6.525190950410857837e+00 2.322292463406360034e-13 1.778015289882018072e-12 0.000000000000000000e+00
7.263027368885755841e+00 2.277263815509749076e-13 1.704635608854395509e-12 0.000000000000000000e+00
8.084294691462201143e+00 2.204785050512904445e-13 1.629801489809865947e-12 0.000000000000000000e+00
8.998426873397548320e+00 2.160600110160327530e-13 1.549719542086715406e-12 0.000000000000000000e+00
1.001592461509324039e+01 2.107245191829051232e-13 1.470046050164536971e-12 0.000000000000000000e+00
1.114847598437533449e+01 2.053775917304418198e-13 1.389142558559521730e-12 0.000000000000000000e+00
1.240909067814867583e+01 1.998006016153584121e-13 1.307299318351996377e-12 0.000000000000000000e+00
1.381224946569640366e+01 1.945306371420226402e-13 1.225079930113207489e-12 0.000000000000000000e+00
1.537407053029052229e+01 1.891730833763736888e-13 1.142860955501335696e-12 0.000000000000000000e+00
1.711249461989307719e+01 1.838751097928121627e-13 1.061171955422959266e-12 0.000000000000000000e+00
1.904749113378321468e+01 1.779603581557346022e-13 9.804040002377017688e-13 0.000000000000000000e+00
2.120128751244688203e+01 1.730760099417488493e-13 9.012655679736361887e-13 0.000000000000000000e+00
2.359862456574094125e+01 1.671464596345885527e-13 8.241673559196641296e-13 0.000000000000000000e+00
2.626704067231091244e+01 1.623789716298014299e-13 7.496567881241085011e-13 0.000000000000000000e+00
2.923718811487309566e+01 1.578295836303680719e-13 6.781747758625642498e-13 0.000000000000000000e+00
3.254318518513449021e+01 1.516254023295260959e-13 6.101945155927599789e-13 0.000000000000000000e+00
3.622300810299908846e+01 1.464914214186525266e-13 5.460894427960583313e-13 0.000000000000000000e+00
4.031892725206589034e+01 1.412157934561840968e-13 4.861600157834540895e-13 0.000000000000000000e+00
4.487799274248540371e+01 1.359946677974047694e-13 4.305516659728470376e-13 0.000000000000000000e+00
4.995257487887015913e+01 1.306444793469774973e-13 3.794131277084848088e-13 0.000000000000000000e+00
5.560096574165519456e+01 1.255285752934838546e-13 3.327574596279298950e-13 0.000000000000000000e+00
6.188804879230252709e+01 1.203697050061246579e-13 2.902049465828974472e-13 0.000000000000000000e+00
6.888604419417499969e+01 1.152216315567429416e-13 2.523665569682768073e-13 0.000000000000000000e+00
7.667533841060405564e+01 1.100904167705435820e-13 2.182074299655336264e-13 0.000000000000000000e+00
8.534540760983165342e+01 1.050184033281992251e-13 1.876829628323598046e-13 0.000000000000000000e+00
9.499584548401358575e+01 9.933265953838948884e-14 1.605119741940873236e-13 0.000000000000000000e+00
1.057375072889466310e+02 9.503191976149484237e-14 1.364234091534033802e-13 0.000000000000000000e+00
1.176937832461472624e+02 9.007294027492398517e-14 1.151762587387694491e-13 0.000000000000000000e+00
1.310020159349736844e+02 8.519243842855477429e-14 9.659180489052368072e-14 0.000000000000000000e+00
1.458150779564580262e+02 8.037324326767546735e-14 8.047548585607985673e-14 0.000000000000000000e+00
1.623031279915676635e+02 7.561575207681623798e-14 6.669193883255856994e-14 0.000000000000000000e+00
1.806555654259147161e+02 7.094028482358907198e-14 5.502438377597324201e-14 0.000000000000000000e+00
2.010832059937378347e+02 6.634270994375020610e-14 4.521351610038667302e-14 0.000000000000000000e+00
2.238207034330328042e+02 6.183609205045689539e-14 3.698183122330501701e-14 0.000000000000000000e+00
2.491292449694543905e+02 5.743511823864110295e-14 3.005278646259632625e-14 0.000000000000000000e+00
2.772995515922919481e+02 5.312817373760753058e-14 2.426047262659628990e-14 0.000000000000000000e+00
3.086552175868076802e+02 4.893920555096235698e-14 1.947133306246475276e-14 0.000000000000000000e+00
3.435564276845046834e+02 4.488589019662357447e-14 1.555225390528786591e-14 0.000000000000000000e+00
3.824040945302937757e+02 4.095794578504288212e-14 1.235902590899943795e-14 0.000000000000000000e+00
4.256444639942141634e+02 3.718150098583401474e-14 9.756793874546652503e-15 0.000000000000000000e+00
4.737742412289155709e+02 3.356004663817067782e-14 7.654227655853843483e-15 0.000000000000000000e+00
5.273462963565856398e+02 3.010640932812585441e-14 5.973689118432855637e-15 0.000000000000000000e+00
5.869760153267689020e+02 2.682362157223190436e-14 4.627449656768850923e-15 0.000000000000000000e+00
6.533483688978308237e+02 2.373269660698358748e-14 3.562115515777788854e-15 0.000000000000000000e+00
7.272257809440862957e+02 2.083271030643067340e-14 2.723068300353502181e-15 0.000000000000000000e+00
8.094568864722074295e+02 1.813287803545772952e-14 2.066709625600955499e-15 0.000000000000000000e+00
9.009862799510120794e+02 1.563491263460189207e-14 1.555820100026690801e-15 0.000000000000000000e+00
1.002865365934268880e+03 1.334555205271505464e-14 1.161967532976848546e-15 0.000000000000000000e+00
1.116264436618460877e+03 1.126377827231230958e-14 8.602825893755324571e-16 0.000000000000000000e+00
1.242486115071199492e+03 9.389845624202105180e-15 6.309726431791633801e-16 0.000000000000000000e+00
1.382980318553656389e+03 7.723263399957964929e-15 4.580746808505856344e-16 0.000000000000000000e+00
1.539360913821697523e+03 6.257561808380539885e-15 3.288812297864220798e-16 0.000000000000000000e+00
1.713424255726343517e+03 4.986205899835787726e-15 2.332772664826729121e-16 0.000000000000000000e+00
1.907169822067742189e+03 3.898410788289332281e-15 1.632164155002318828e-16 0.000000000000000000e+00
2.122823181736748211e+03 2.982044264653189785e-15 1.124257318339740205e-16 0.000000000000000000e+00
2.362861559980607581e+03 2.224774988061553346e-15 7.604389846512207529e-17 0.000000000000000000e+00
2.630042294462951304e+03 1.612833506363896506e-15 5.033986230407893886e-17 0.000000000000000000e+00
2.927434508994474982e+03 1.127850555618575689e-15 3.244415521534501936e-17 0.000000000000000000e+00
3.258454368773508122e+03 7.557737103712129694e-16 2.021910280507978020e-17 0.000000000000000000e+00
3.626904322114499791e+03 4.794854810542830695e-16 1.205699243044723991e-17 0.000000000000000000e+00
4.037016779438275080e+03 2.828730288040488999e-16 6.762517936244477832e-18 0.000000000000000000e+00
4.493502731267226409e+03 1.507447005577943281e-16 3.470137080615703659e-18 0.000000000000000000e+00
5.001605863702974602e+03 6.852312696151737681e-17 1.541912924851882066e-18 0.000000000000000000e+00
5.567162793016338583e+03 2.352276380315377723e-17 5.253447086169805500e-19 0.000000000000000000e+00
6.196670111266974345e+03 4.099402883734174599e-18 9.327438732980778429e-20 0.000000000000000000e+00
6.897359013111165041e+03 3.347260968381597271e-20 8.071944019617130667e-22 0.000000000000000000e+00
7.677278361042189317e+03 0.000000000000000000e+00 0.000000000000000000e+00 0.000000000000000000e+00
8.545387143236317570e+03 0.000000000000000000e+00 0.000000000000000000e+00 0.000000000000000000e+00
9.511657386079081334e+03 0.000000000000000000e+00 0.000000000000000000e+00 0.000000000000000000e+00
1.058718870352829254e+04 0.000000000000000000e+00 0.000000000000000000e+00 0.000000000000000000e+00
1.178433579916051713e+04 0.000000000000000000e+00 0.000000000000000000e+00 0.000000000000000000e+00
1.311685038551288017e+04 0.000000000000000000e+00 0.000000000000000000e+00 0.000000000000000000e+00
1.460003915097147365e+04 0.000000000000000000e+00 0.000000000000000000e+00 0.000000000000000000e+00
1.625093958876844590e+04 0.000000000000000000e+00 0.000000000000000000e+00 0.000000000000000000e+00
1.808851570786662342e+04 0.000000000000000000e+00 0.000000000000000000e+00 0.000000000000000000e+00
2.013387587385212828e+04 0.000000000000000000e+00 0.000000000000000000e+00 0.000000000000000000e+00
2.241051528221264743e+04 0.000000000000000000e+00 0.000000000000000000e+00 0.000000000000000000e+00
2.494458584929090648e+04 0.000000000000000000e+00 0.000000000000000000e+00 0.000000000000000000e+00
2.776519662118276028e+04 0.000000000000000000e+00 0.000000000000000000e+00 0.000000000000000000e+00
3.090474815138586200e+04 0.000000000000000000e+00 0.000000000000000000e+00 0.000000000000000000e+00
3.439930468822552211e+04 0.000000000000000000e+00 0.000000000000000000e+00 0.000000000000000000e+00
3.828900844740607135e+04 0.000000000000000000e+00 0.000000000000000000e+00 0.000000000000000000e+00
4.261854072845193878e+04 0.000000000000000000e+00 0.000000000000000000e+00 0.000000000000000000e+00
4.743763517192281142e+04 0.000000000000000000e+00 0.000000000000000000e+00 0.000000000000000000e+00
