2.297987956130311714e-08
2.498074587294226428e-08
2.702510014227117189e-08
2.920138153188836061e-08
3.135572386919320259e-08
3.352234652820871205e-08
3.563552845933136659e-08
3.764641556053897685e-08
3.953242397644385729e-08
4.134976954554697394e-08
4.314374800277113924e-08
4.489089708794822337e-08
4.657971616848521579e-08
4.818250130468825150e-08
4.967584797292494136e-08
5.104199764057788819e-08
5.225169661502427622e-08
5.327968008347433119e-08
5.410649034835173496e-08
5.470513001199141987e-08
5.504973057747263277e-08
5.512290454378662805e-08
5.490806124073600883e-08
5.439235498657227681e-08
5.355880014339959338e-08
5.241554691556246402e-08
5.096264169893515161e-08
4.921097373456394997e-08
4.717776646396185896e-08
4.489520844463225008e-08
4.239729643542913917e-08
3.972652587916045673e-08
3.694121634904176588e-08
3.408615055964600373e-08
3.119383801966369376e-08
2.839944760577010305e-08
2.566274602040859514e-08
2.307325028426042013e-08
2.063573437104904748e-08
1.837576458704647037e-08
1.629222235333429405e-08
1.437779206957463080e-08
1.261626239159744264e-08
1.099351739988693837e-08
9.497853574823189458e-09
8.132084999165202963e-09
6.901774700076897698e-09
5.817906651722137499e-09
4.885156698521612243e-09
4.093163886705305000e-09
3.419332377326401996e-09
2.838237312827693891e-09
2.336833629495045448e-09
1.912392059139231228e-09
1.560026380878798175e-09
1.269394732879242703e-09
1.026327822035744550e-09
8.255788297201357606e-10
6.621384368788763531e-10
5.283324277579549122e-10
4.198463538550555243e-10
3.322624969063983472e-10
2.619614615435331712e-10
2.054608915887468458e-10
1.605500597560192653e-10
1.249233993131644254e-10
9.675803387071023534e-11
7.460770393031394386e-11
5.724531464483644540e-11
4.374687993091433355e-11
3.319591431158135830e-11
2.506497080082159920e-11
1.883110033529694035e-11
1.405735970122314044e-11
1.042787698228249131e-11
7.686337987104195078e-12
5.625072787696262712e-12
4.082955453436096553e-12
2.950697773083047973e-12
2.114916681373303167e-12
1.503832649896063807e-12
1.062032386226228123e-12
7.448000907750396466e-13
5.187446140210071349e-13
3.589265009224544267e-13
2.467784687398455393e-13
1.686520721414033540e-13
1.145841021477180123e-13
7.776245278336965244e-14
5.206520248803834590e-14
3.483466644351861067e-14
2.320243209658490345e-14
1.538691044730201732e-14
1.015758145460201673e-14
6.668595364936643008e-15
4.352360748887923306e-15
2.822693531885178254e-15
1.818967171269273025e-15
1.164431416701117812e-15
7.399946823716506201e-16
4.669024917877093844e-16
