1.056032981064548126e+00 1.178120208359602085e-11 5.263125758460177993e-10 0.000000000000000000e+00
1.175443983510534363e+00 1.227823797771213947e-11 5.682689746482771447e-10 0.000000000000000000e+00
1.308357393325258133e+00 1.269568123326858240e-11 6.109054904111314936e-10 0.000000000000000000e+00
1.456299996156748877e+00 1.303476722879980340e-11 6.540939672884213706e-10 0.000000000000000000e+00
1.620971219045888478e+00 1.328071652462550770e-11 6.967311256488107756e-10 0.000000000000000000e+00
1.804262651863866251e+00 1.343262446495863758e-11 7.383877367517299089e-10 0.000000000000000000e+00
2.008279776137516404e+00 1.352972882249943470e-11 7.782830310437476420e-10 0.000000000000000000e+00
2.235366150863083323e+00 1.354004244820981104e-11 8.161756292538489052e-10 0.000000000000000000e+00
2.488130333132567262e+00 1.353804313553640018e-11 8.524337585161282692e-10 0.000000000000000000e+00
2.769475842811750965e+00 1.353100339147625754e-11 8.876774067244891832e-10 0.000000000000000000e+00
3.082634515476230241e+00 1.352266569264954516e-11 9.218811319280731117e-10 0.000000000000000000e+00
3.431203626733101864e+00 1.351288492724721151e-11 9.545160065463730200e-10 0.000000000000000000e+00
3.819187214377767425e+00 1.350151634631259839e-11 9.853489009075540046e-10 0.000000000000000000e+00
4.251042073056519932e+00 1.349234019658535355e-11 1.013756034522659752e-09 0.000000000000000000e+00
4.731728949778890581e+00 1.347644326678651107e-11 1.039223309779548215e-09 0.000000000000000000e+00
5.266769528365972342e+00 1.345871042370349532e-11 1.061447361773879431e-09 0.000000000000000000e+00
5.862309857419115922e+00 1.343896356631493917e-11 1.079812915289430781e-09 0.000000000000000000e+00
6.525190950410857837e+00 1.341699640424541909e-11 1.093827548932405733e-09 0.000000000000000000e+00
7.263027368885755841e+00 1.339257532936917405e-11 1.103134153863183449e-09 0.000000000000000000e+00
8.084294691462201143e+00 1.336549664169150837e-11 1.107287556613281135e-09 0.000000000000000000e+00
8.998426873397548320e+00 1.333377393932479465e-11 1.105827664888861394e-09 0.000000000000000000e+00
1.001592461509324039e+01 1.330094471154778825e-11 1.098534511247160021e-09 0.000000000000000000e+00
1.114847598437533449e+01 1.326535860430271641e-11 1.085213047571917149e-09 0.000000000000000000e+00
1.240909067814867583e+01 1.322401679975711202e-11 1.065775870386652985e-09 0.000000000000000000e+00
1.381224946569640366e+01 1.317918167117965518e-11 1.040051201425190538e-09 0.000000000000000000e+00
1.537407053029052229e+01 1.312987636415549709e-11 1.008435322023410876e-09 0.000000000000000000e+00
1.711249461989307719e+01 1.307465337324362430e-11 9.711362075152045406e-10 0.000000000000000000e+00
1.904749113378321468e+01 1.301398145103936362e-11 9.285909030855406146e-10 0.000000000000000000e+00
2.120128751244688203e+01 1.294698714441524033e-11 8.814040996203643622e-10 0.000000000000000000e+00
2.359862456574094125e+01 1.287312954127011862e-11 8.304072635776980365e-10 0.000000000000000000e+00
2.626704067231091244e+01 1.279179554757994371e-11 7.764296999943976954e-10 0.000000000000000000e+00
2.923718811487309566e+01 1.270232059394445376e-11 7.204264276857296769e-10 0.000000000000000000e+00
3.254318518513449021e+01 1.260399111273234256e-11 6.636505941801047207e-10 0.000000000000000000e+00
3.622300810299908846e+01 1.249610981635941314e-11 6.069054794391944499e-10 0.000000000000000000e+00
4.031892725206589034e+01 1.237792459688650274e-11 5.507028465424473360e-10 0.000000000000000000e+00
4.487799274248540371e+01 1.224858895604793854e-11 4.977699342295625801e-10 0.000000000000000000e+00
4.995257487887015913e+01 1.210727616005329011e-11 4.468563370723840363e-10 0.000000000000000000e+00
5.560096574165519456e+01 1.195318982851228661e-11 3.991760603836068042e-10 0.000000000000000000e+00
6.188804879230252709e+01 1.178516930776261381e-11 3.548699620930174443e-10 0.000000000000000000e+00
6.888604419417499969e+01 1.160232684568509766e-11 3.140466445196627446e-10 0.000000000000000000e+00
7.667533841060405564e+01 1.140450104178161117e-11 2.764911731152185740e-10 0.000000000000000000e+00
8.534540760983165342e+01 1.118960228013197029e-11 2.420027676813611226e-10 0.000000000000000000e+00
9.499584548401358575e+01 1.095661335309370236e-11 2.103475718447894811e-10 0.000000000000000000e+00
1.057375072889466310e+02 1.070676806397781564e-11 1.813528259689929430e-10 0.000000000000000000e+00
1.176937832461472624e+02 1.043837328137434463e-11 1.550090356109116645e-10 0.000000000000000000e+00
1.310020159349736844e+02 1.015220180398662738e-11 1.314174189937045996e-10 0.000000000000000000e+00
1.458150779564580262e+02 9.844368520786215079e-12 1.106380274521300052e-10 0.000000000000000000e+00
1.623031279915676635e+02 9.518272755185588358e-12 9.269509193423542962e-11 0.000000000000000000e+00
1.806555654259147161e+02 9.172599564080861767e-12 7.739056815773010342e-11 0.000000000000000000e+00
2.010832059937378347e+02 8.808011700614980432e-12 6.436418894265859194e-11 0.000000000000000000e+00
2.238207034330328042e+02 8.425833429260810377e-12 5.322692068390943347e-11 0.000000000000000000e+00
2.491292449694543905e+02 8.025586051005342793e-12 4.367888004786418998e-11 0.000000000000000000e+00
2.772995515922919481e+02 7.607571638244733366e-12 3.559918705096312844e-11 0.000000000000000000e+00
3.086552175868076802e+02 7.177422074725390892e-12 2.887448731230702109e-11 0.000000000000000000e+00
3.435564276845046834e+02 6.737815900163116258e-12 2.330895895257992773e-11 0.000000000000000000e+00
3.824040945302937757e+02 6.286800810717758888e-12 1.872216880452409886e-11 0.000000000000000000e+00
4.256444639942141634e+02 5.829525706603640559e-12 1.493458453613362138e-11 0.000000000000000000e+00
4.737742412289155709e+02 5.369411575085791250e-12 1.184898407813188896e-11 0.000000000000000000e+00
5.273462963565856398e+02 4.910653481017343005e-12 9.350305163593363137e-12 0.000000000000000000e+00
5.869760153267689020e+02 4.457389797345266958e-12 7.328152408851647015e-12 0.000000000000000000e+00
6.533483688978308237e+02 4.013912207976487164e-12 5.707859398329209801e-12 0.000000000000000000e+00
7.272257809440862957e+02 3.583130943432276453e-12 4.419364478468001591e-12 0.000000000000000000e+00
8.094568864722074295e+02 3.170935102807912467e-12 3.399553008638688297e-12 0.000000000000000000e+00
9.009862799510120794e+02 2.778867174736463243e-12 2.593636269613186708e-12 0.000000000000000000e+00
1.002865365934268880e+03 2.410906538230415722e-12 1.965514500959891347e-12 0.000000000000000000e+00
1.116264436618460877e+03 2.068427437829231250e-12 1.477942177535877370e-12 0.000000000000000000e+00
1.242486115071199492e+03 1.756608574190495233e-12 1.102348580499453786e-12 0.000000000000000000e+00
1.382980318553656389e+03 1.475153347260512859e-12 8.151635937504464944e-13 0.000000000000000000e+00
1.539360913821697523e+03 1.225182685923025976e-12 5.974674817832500172e-13 0.000000000000000000e+00
1.713424255726343517e+03 1.004524019140739990e-12 4.339129233542333331e-13 0.000000000000000000e+00
1.907169822067742189e+03 8.138652034464822529e-13 3.121763449888367565e-13 0.000000000000000000e+00
2.122823181736748211e+03 6.518740305686505952e-13 2.223451743886597821e-13 0.000000000000000000e+00
2.362861559980607581e+03 5.161481746310788943e-13 1.568877241956309480e-13 0.000000000000000000e+00
2.630042294462951304e+03 4.036327739599592739e-13 1.095714064908905778e-13 0.000000000000000000e+00
2.927434508994474982e+03 3.119366211409737381e-13 7.575552397658609881e-14 0.000000000000000000e+00
3.258454368773508122e+03 2.383472282880288013e-13 5.186683388027266153e-14 0.000000000000000000e+00
3.626904322114499791e+03 1.799960452931086423e-13 3.513144587783560165e-14 0.000000000000000000e+00
4.037016779438275080e+03 1.344140800420874356e-13 2.357152627219686928e-14 0.000000000000000000e+00
4.493502731267226409e+03 9.930932149231659023e-14 1.565750723470559513e-14 0.000000000000000000e+00
5.001605863702974602e+03 7.260311211399266894e-14 1.030020814232826274e-14 0.000000000000000000e+00
5.567162793016338583e+03 5.254037461250375281e-14 6.705914343345196368e-15 0.000000000000000000e+00
6.196670111266974345e+03 3.764635760291833912e-14 4.323422050836467062e-15 0.000000000000000000e+00
6.897359013111165041e+03 2.671837182365001996e-14 2.759192129729404326e-15 0.000000000000000000e+00
7.677278361042189317e+03 1.879417527232364867e-14 1.742640399270665138e-15 0.000000000000000000e+00
8.545387143236317570e+03 1.312969368141841914e-14 1.088941884948058397e-15 0.000000000000000000e+00
9.511657386079081334e+03 9.069181686392324582e-15 6.729225583320892305e-16 0.000000000000000000e+00
1.058718870352829254e+04 6.229037297631376931e-15 4.110155165652946775e-16 0.000000000000000000e+00
1.178433579916051713e+04 4.250415532122428063e-15 2.480615343241781308e-16 0.000000000000000000e+00
1.311685038551288017e+04 2.880722260517107776e-15 1.476435507706187145e-16 0.000000000000000000e+00
1.460003915097147365e+04 1.942348668991691343e-15 8.667916604724017865e-17 0.000000000000000000e+00
1.625093958876844590e+04 1.301993095764660937e-15 5.011009674201235892e-17 0.000000000000000000e+00
1.808851570786662342e+04 8.680336032561316267e-16 2.848696179903018669e-17 0.000000000000000000e+00
2.013387587385212828e+04 5.749459148783122399e-16 1.589031431808123573e-17 0.000000000000000000e+00
2.241051528221264743e+04 3.783523638784616036e-16 8.671068749229000432e-18 0.000000000000000000e+00
2.494458584929090648e+04 2.471054742191095602e-16 4.609800548153261869e-18 0.000000000000000000e+00
2.776519662118276028e+04 1.599472187422213617e-16 2.377936103882713339e-18 0.000000000000000000e+00
3.090474815138586200e+04 1.024438601710447429e-16 1.183805134839566083e-18 0.000000000000000000e+00
3.439930468822552211e+04 6.495521016197834946e-17 5.657105736470006075e-19 0.000000000000000000e+00
3.828900844740607135e+04 4.076945383117332574e-17 2.576074296006060868e-19 0.000000000000000000e+00
4.261854072845193878e+04 2.540461796759755226e-17 1.107952892551954978e-19 0.000000000000000000e+00
4.743763517192281142e+04 1.578859940787944772e-17 4.456614245393456628e-20 0.000000000000000000e+00
