1.056032981064548126e+00 6.816046704902923071e-10 2.785845974854517511e-08 inf
1.175443983510534363e+00 7.359931646042894040e-10 3.100536685224780774e-08 inf
1.308357393325258133e+00 7.913674417300201257e-10 3.449921628526409954e-08 inf
1.456299996156748877e+00 8.464924043370383151e-10 3.834557762675793201e-08 inf
1.620971219045888478e+00 9.023942208750336358e-10 4.259380019047709638e-08 inf
1.804262651863866251e+00 9.551739871003867199e-10 4.729377316466960098e-08 inf
2.008279776137516404e+00 1.004770994425438715e-09 5.242813320457471325e-08 inf
2.235366150863083323e+00 1.049807074449931733e-09 5.804034928274069397e-08 inf
2.488130333132567262e+00 1.088707271841944587e-09 6.413155689194064778e-08 inf
2.769475842811750965e+00 1.121331658553678469e-09 7.076986492540227592e-08 inf
3.082634515476230241e+00 1.146373326634893806e-09 7.784922975656679243e-08 inf
3.431203626733101864e+00 1.164401958380162477e-09 8.537065566832587961e-08 inf
3.819187214377767425e+00 1.176155354595215329e-09 9.376848620323104929e-08 inf
4.251042073056519932e+00 1.186571468596895611e-09 1.017738593206786668e-07 inf
4.731728949778890581e+00 1.186227035141274252e-09 1.104574198960620785e-07 inf
5.266769528365972342e+00 1.185968660926678050e-09 1.194073348280241241e-07 inf
5.862309857419115922e+00 1.185942078113305974e-09 1.283747458410107394e-07 inf
6.525190950410857837e+00 1.185522067975136074e-09 1.372911265871971622e-07 inf
7.263027368885755841e+00 1.185045381009675322e-09 1.454498953156311958e-07 inf
8.084294691462201143e+00 1.184544793570882417e-09 1.530470410533134684e-07 inf
8.998426873397548320e+00 1.183919546766371532e-09 1.606717919599904096e-07 inf
1.001592461509324039e+01 1.183261439353430045e-09 1.682096035509401509e-07 inf
1.114847598437533449e+01 1.182530444889822507e-09 1.756480240346479025e-07 inf
1.240909067814867583e+01 1.181718318740974747e-09 1.829250474767701136e-07 inf
1.381224946569640366e+01 1.180817299708342351e-09 1.898129808723906659e-07 inf
1.537407053029052229e+01 1.179894701512242492e-09 1.963710059445593383e-07 inf
1.711249461989307719e+01 1.178699629372574902e-09 2.024477161942748575e-07 inf
1.904749113378321468e+01 1.177461495981609780e-09 2.079663123371938019e-07 inf
2.120128751244688203e+01 1.176086052050693650e-09 2.127298153984017254e-07 inf
2.359862456574094125e+01 1.174559319245014259e-09 2.167200440615484565e-07 inf
2.626704067231091244e+01 1.172864909435029825e-09 2.198045161930405224e-07 inf
2.923718811487309566e+01 1.170988502864694217e-09 2.218575895756543825e-07 inf
3.254318518513449021e+01 1.168901667641897251e-09 2.228029676247754718e-07 4.207277859312068577e-09
3.622300810299908846e+01 1.166592744723771644e-09 2.225464250220007738e-07 4.183845014142546650e-09
4.031892725206589034e+01 1.164034791233683427e-09 2.211825548988062739e-07 4.208057861290689226e-09
4.487799274248540371e+01 1.161202807188467886e-09 2.182218179627970772e-07 4.208774983472563345e-09
4.995257487887015913e+01 1.158069498835909923e-09 2.140752679979650122e-07 4.216601851233274458e-09
5.560096574165519456e+01 1.154602740055156123e-09 2.085877089954901762e-07 4.223481091531197004e-09
6.188804879230252709e+01 1.150775661663588976e-09 2.018522020873834837e-07 4.267842548132533893e-09
6.888604419417499969e+01 1.146521267107611364e-09 1.938604614236024953e-07 4.294344420168264793e-09
7.667533841060405564e+01 1.141831135193995118e-09 1.847836554015584031e-07 4.350854616343632593e-09
8.534540760983165342e+01 1.136653931137071763e-09 1.747591884748944519e-07 4.388961152718327731e-09
9.499584548401358575e+01 1.130949104202869775e-09 1.639560412447718810e-07 4.469975083173213214e-09
1.057375072889466310e+02 1.124655808086330960e-09 1.526141495206977321e-07 4.555760139057614837e-09
1.176937832461472624e+02 1.117727700191816688e-09 1.409089199190525642e-07 4.668728748994274811e-09
1.310020159349736844e+02 1.110116078475589056e-09 1.291372070820953167e-07 4.800076200638669730e-09
1.458150779564580262e+02 1.101764272516354690e-09 1.174780113043915880e-07 4.953040145331177697e-09
1.623031279915676635e+02 1.092601455896482734e-09 1.062272097320436911e-07 5.132508623328649796e-09
1.806555654259147161e+02 1.082560067513047299e-09 9.545613454547258272e-08 5.371244174888780852e-09
2.010832059937378347e+02 1.071573825282537633e-09 8.542774365022539437e-08 5.647149227812193273e-09
2.238207034330328042e+02 1.060812273542457387e-09 7.610301941090209439e-08 5.963291457348707756e-09
2.491292449694543905e+02 1.046480130519267230e-09 6.752424825451455680e-08 6.310863354952615388e-09
2.772995515922919481e+02 1.032235087689122470e-09 5.966442578291239822e-08 6.640335858929833851e-09
3.086552175868076802e+02 1.016769557435227766e-09 5.241828476418717375e-08 6.931273339220903998e-09
3.435564276845046834e+02 1.000013130206563365e-09 4.572259914410142036e-08 7.163168480156113424e-09
3.824040945302937757e+02 9.819404435142492441e-10 3.951860526303264292e-08 7.330759254138403417e-09
4.256444639942141634e+02 9.624482523071192055e-10 3.380315084285686622e-08 7.447288092961393246e-09
4.737742412289155709e+02 9.415065803698471904e-10 2.863468561851366896e-08 7.555675806311613910e-09
5.273462963565856398e+02 9.201087007456591087e-10 2.409845416840176114e-08 7.761174331418288475e-09
5.869760153267689020e+02 8.961392917125168924e-10 2.023896203586475265e-08 8.109828151885272140e-09
6.533483688978308237e+02 8.706266512960571775e-10 1.699496687993951557e-08 8.578691650204439741e-09
7.272257809440862957e+02 8.435733912315184061e-10 1.422861245064027512e-08 9.014548341320771802e-09
8.094568864722074295e+02 8.150053799047441107e-10 1.180465319402529176e-08 9.440902900469691798e-09
9.009862799510120794e+02 7.840142208301099130e-10 9.692150082502454846e-09 1.004328441667841854e-08
1.002865365934268880e+03 7.526358645675657786e-10 7.928116770910280420e-09 1.093054983462321535e-08
1.116264436618460877e+03 7.199722708036232597e-10 6.491656496865424730e-09 1.171691918048267247e-08
1.242486115071199492e+03 6.861795981840243085e-10 5.284353139456839073e-09 1.273814771812174423e-08
1.382980318553656389e+03 6.521450084272508632e-10 4.266384663336072331e-09 1.391411383255674160e-08
1.539360913821697523e+03 6.164285326073370634e-10 3.442030493578779409e-09 1.520436920812912434e-08
1.713424255726343517e+03 5.801400520193213142e-10 2.763004770706547924e-09 1.679247929252688441e-08
1.907169822067742189e+03 5.434981205870998514e-10 2.208533840764385369e-09 1.856881104669890667e-08
2.122823181736748211e+03 5.068093403410943227e-10 1.761713816994181130e-09 2.057962746231458273e-08
2.362861559980607581e+03 4.699137112418424976e-10 1.396723021123802123e-09 2.346208974227805713e-08
2.630042294462951304e+03 4.337036418690146393e-10 1.104439947103757312e-09 2.700890179448859714e-08
2.927434508994474982e+03 3.983510635050234125e-10 8.705283803703040608e-10 3.208861185866809167e-08
3.258454368773508122e+03 3.638442739409580508e-10 6.838859782964110684e-10 3.809024718466495653e-08
3.626904322114499791e+03 3.303732811293392460e-10 5.356039701856322491e-10 5.081836681487390844e-08
4.037016779438275080e+03 2.983831971868387086e-10 4.179863681882125337e-10 7.516652874493975753e-08
4.493502731267226409e+03 2.681575637055990244e-10 3.251741120409765327e-10 1.095151953997203577e-07
5.001605863702974602e+03 2.393599870810205446e-10 2.523453405612378948e-10 inf
5.567162793016338583e+03 2.123998770341757536e-10 1.947187044472691222e-10 inf
6.196670111266974345e+03 1.874811328331455049e-10 1.505372136612045396e-10 inf
6.897359013111165041e+03 1.645437050555183927e-10 1.157311019539013669e-10 inf
7.677278361042189317e+03 1.435771448379830123e-10 8.871520663332684560e-11 inf
8.545387143236317570e+03 1.246438368987161353e-10 6.781526638498356917e-11 inf
9.511657386079081334e+03 1.076080872409373864e-10 5.167403552966784810e-11 inf
1.058718870352829254e+04 9.239722357220126308e-11 3.926631286419281640e-11 inf
1.178433579916051713e+04 7.892021880687956508e-11 2.980062713158229212e-11 inf
1.311685038551288017e+04 6.707403871005564947e-11 2.246585924410871318e-11 inf
1.460003915097147365e+04 5.671948949361090056e-11 1.691600463836482628e-11 inf
1.625093958876844590e+04 4.773704710301241688e-11 1.269686922512719695e-11 inf
1.808851570786662342e+04 3.999590842188667642e-11 9.502685305467864470e-12 inf
2.013387587385212828e+04 3.335599346210436079e-11 7.083519110565365896e-12 inf
2.241051528221264743e+04 2.769322981041142209e-11 5.264702548268623162e-12 inf
2.494458584929090648e+04 2.290326236124078437e-11 3.898781451871544707e-12 inf
2.776519662118276028e+04 1.886488495459813619e-11 2.869779465048969183e-12 inf
3.090474815138586200e+04 1.547633503606651441e-11 2.109213901361991134e-12 inf
3.439930468822552211e+04 1.264608294144559563e-11 1.550776393810433581e-12 inf
3.828900844740607135e+04 1.029536609268743556e-11 1.131721745499782391e-12 inf
4.261854072845193878e+04 8.350832443662527941e-12 8.226403659026084835e-13 inf
4.743763517192281142e+04 6.747548382453618004e-12 5.955125198703259636e-13 inf
