0.000000000000000000e+00
0.000000000000000000e+00
5.647497484895337306e-10
2.844767471605260187e-09
5.231159028401426708e-09
6.847146123667176992e-09
7.589474694264902148e-09
8.341056128873361051e-09
9.159562407069423105e-09
1.004846691918900036e-08
1.101082654617355043e-08
1.204916617307519258e-08
1.316518735362697863e-08
1.435932548123041587e-08
1.563044739269459098e-08
1.697570360709213483e-08
1.839041401986177533e-08
1.986699544102979654e-08
2.139506308915178362e-08
2.296073970636033831e-08
2.454606198064252790e-08
2.612828104005953751e-08
2.767993175137537731e-08
2.916866104341176779e-08
3.055612000770473509e-08
3.179803189039326978e-08
3.284533454024373611e-08
3.364510587033447116e-08
3.414120337177679911e-08
3.427886772818366932e-08
3.401045284231301163e-08
3.330234822215462767e-08
3.214244227021120577e-08
3.055291436213216277e-08
2.859675616062813806e-08
2.638293866009887261e-08
2.405889425159627407e-08
2.178932012971734219e-08
1.973005247603394442e-08
1.798297369671779317e-08
1.654829654333402747e-08
1.530102283846913932e-08
1.402727492621088903e-08
1.254067259479724517e-08
1.083280328988941137e-08
9.125653676563115087e-09
7.718447581844433197e-09
6.702323171459533234e-09
5.871848500420187984e-09
5.010788640084924114e-09
4.172894752615597121e-09
3.492100632974166854e-09
2.940708801379828564e-09
2.458507783524852810e-09
2.039037456916081541e-09
1.690835775493382860e-09
1.401310971987821276e-09
1.157867941271295930e-09
9.572411430806983338e-10
7.912999677505946325e-10
6.541128849404943409e-10
5.410652841885477722e-10
4.481520381744566807e-10
3.713919263215058043e-10
3.077005354128749887e-10
2.546131572632199282e-10
2.101198431176687043e-10
1.726671019839173640e-10
1.410401089885675270e-10
1.143407825912734728e-10
9.183902769392183221e-11
7.301968274673777060e-11
5.743300439839541648e-11
4.467906251452289351e-11
3.437755007092643629e-11
2.621695672100657670e-11
1.971682297087528618e-11
1.470140801093996455e-11
1.084984909913728954e-11
7.925009884680203401e-12
5.729656130075306627e-12
4.099859439290694908e-12
2.904124831744376641e-12
2.037109413540233798e-12
1.416005616503181402e-12
9.754158690326281232e-13
6.722297853157338011e-13
4.561410113892878763e-13
3.048979518880120523e-13
2.044784942002521354e-13
1.364730083484664552e-13
9.065854211142073312e-14
6.043389486681095906e-14
3.938010156720604794e-14
2.567712727161695550e-14
1.656326988596236757e-14
1.055356303035147747e-14
6.613594108458902930e-15
4.074682045046542601e-15
2.474040543800919360e-15
1.494016769795470216e-15
