6.237945900780165205e-10
6.669258785015000145e-10
7.100499234082657776e-10
7.500717186600900229e-10
7.896633076134759869e-10
8.242530643315278713e-10
8.552884383488535395e-10
8.803366267190145317e-10
8.996841472653421550e-10
9.129151503412314330e-10
9.211158330909452896e-10
9.248928850532029413e-10
9.255298812811754771e-10
9.252492524744223496e-10
9.249371766415017119e-10
9.245895601031223461e-10
9.242262191523623185e-10
9.237735426497058542e-10
9.232965726700509525e-10
9.227667018977935432e-10
9.221779772799927569e-10
9.215242723153752472e-10
9.207959249918007877e-10
9.199878958133881777e-10
9.190894967607625031e-10
9.180917894881750607e-10
9.169841778731607365e-10
9.157555517817885822e-10
9.143971700535293117e-10
9.129189546778085863e-10
9.112063159374868261e-10
9.093521886580031672e-10
9.072981015969558978e-10
9.050223380616674895e-10
9.025049909814812651e-10
8.997166108371904968e-10
8.966319552598008425e-10
8.932225499890362680e-10
8.894566717143001807e-10
8.853010667321804350e-10
8.807195474547357826e-10
8.756315261770105703e-10
8.701320892790423827e-10
8.640396590811354964e-10
8.573478925495930056e-10
8.500046945501115491e-10
8.419607669174421435e-10
8.324068388657358319e-10
8.234987078039474967e-10
8.130199457130737496e-10
8.016178476962144224e-10
7.892373920459851417e-10
7.758332676349880439e-10
7.613709381898177771e-10
7.457841372784644458e-10
7.282772431839089616e-10
7.103298352195287258e-10
6.911525174537735624e-10
6.707387011631521170e-10
6.497535276425768855e-10
6.268747029732566400e-10
6.028313530932811833e-10
5.776971408539045009e-10
5.515246557087291028e-10
5.244350998694092639e-10
4.965368306918917765e-10
4.679821934533084578e-10
4.389288494036665731e-10
4.095667137159264970e-10
3.801015193612278760e-10
3.507542357844754481e-10
3.217661959712963857e-10
2.934977665636723902e-10
2.659673609214645601e-10
2.394399683649449875e-10
2.141039794815093492e-10
1.901587713830975989e-10
1.675044645152249106e-10
1.467411877393023100e-10
1.276296026401172512e-10
1.102051102249187526e-10
9.443454907606482742e-11
8.040833281265899493e-11
6.796002218546841119e-11
5.703838249290302075e-11
4.756517180540699693e-11
3.939395059764372929e-11
3.242017365128876483e-11
2.652679329150507946e-11
2.154956748794230615e-11
1.747113352022972666e-11
1.406507606241872812e-11
1.126909401954433340e-11
8.986667522675081965e-12
7.136395740069657301e-12
5.642160100184873978e-12
4.445908136770825064e-12
3.488385307203642068e-12
2.727292342733153622e-12
2.123927902357624505e-12
1.648493837287099109e-12
