0.000000000000000000e+00
0.000000000000000000e+00
4.531365945385498805e-10
1.946925847397413450e-09
3.063389198558877520e-09
3.497210343049604430e-09
3.515114011247860839e-09
3.515113206050469314e-09
3.515112208399401373e-09
3.515110972311118904e-09
3.515109440796243500e-09
3.515107543420714511e-09
3.515105192818811653e-09
3.515102280726535286e-09
3.515098673000559684e-09
3.515094203437510545e-09
3.515088666134049582e-09
3.515081805952964076e-09
3.515073306786100574e-09
3.515062776999291523e-09
3.515049731434314238e-09
3.515033568737300513e-09
3.515013543774010609e-09
3.514988733802683699e-09
3.514957994319762120e-09
3.514919909227363583e-09
3.514872723117561839e-09
3.514814265938643261e-09
3.514741849475228734e-09
3.514652138406894060e-09
3.514541007674785678e-09
3.514403345370630365e-09
3.514232820917172819e-09
3.514021592763271779e-09
3.513759954856300094e-09
3.513435891546475274e-09
3.513034527222662028e-09
3.512537460031538544e-09
3.511921912162852346e-09
3.511159743713174253e-09
3.510216127926979743e-09
3.509048110421092062e-09
3.507602599603657823e-09
3.505814192912116815e-09
3.503602530251668956e-09
3.500868635901841881e-09
3.497490947874535406e-09
3.493320523429808384e-09
3.488175366064488985e-09
3.481833784933940082e-09
3.474027001794001432e-09
3.464430327005196542e-09
3.452654602558086528e-09
3.438236352549341266e-09
3.420629125462037174e-09
3.399196348562506591e-09
3.373206258246537641e-09
3.341834660162488779e-09
3.304172119528066277e-09
3.259243965847036865e-09
3.206043520515409818e-09
3.143575303739715981e-09
3.070917181006572337e-09
2.987288381331125667e-09
2.892124324726126983e-09
2.785142990156089025e-09
2.666394431207395854e-09
2.536285761616570103e-09
2.395580208300949534e-09
2.245379695289665768e-09
2.085997258843833351e-09
1.921522987536901064e-09
1.752763696078705840e-09
1.582082989823127136e-09
1.412146921247278617e-09
1.245831480489110867e-09
1.086058882140612985e-09
9.355664141527223739e-10
7.967015038269750009e-10
6.713500614357558160e-10
5.599247927754353898e-10
4.631041594184940000e-10
3.801699636800939429e-10
3.100713942142713782e-10
2.514653536928346529e-10
2.029020518771126141e-10
1.629561655548682069e-10
1.303043051275888117e-10
1.037646913155505069e-10
8.230401885519177434e-11
6.503267963349553153e-11
5.119615893611142025e-11
4.016039638083792445e-11
3.139728964146380667e-11
2.445895448438353390e-11
1.899383593698651658e-11
1.470332867029707892e-11
1.134737372554392141e-11
8.731490986115553455e-12
6.699346643732775827e-12
5.125724011356069785e-12
