1.056032981064548126e+00 0.000000000000000000e+00 1.910577352137285289e-08 2.200014698459562984e-10
1.175443983510534363e+00 0.000000000000000000e+00 2.045471587608572604e-08 2.200014698459562984e-10
1.308357393325258133e+00 0.000000000000000000e+00 2.180424079661077821e-08 2.200014698459562984e-10
1.456299996156748877e+00 0.000000000000000000e+00 2.315202812536345380e-08 2.200014698459562984e-10
1.620971219045888478e+00 0.000000000000000000e+00 2.448436938781357622e-08 2.200014698459562984e-10
1.804262651863866251e+00 0.000000000000000000e+00 2.577426770517227833e-08 2.200014698459562984e-10
2.008279776137516404e+00 0.000000000000000000e+00 2.704297051220622938e-08 2.200014698459562984e-10
2.235366150863083323e+00 0.000000000000000000e+00 2.825555869390964615e-08 2.200014698459562984e-10
2.488130333132567262e+00 0.000000000000000000e+00 2.940669813460921823e-08 2.200014698459562984e-10
2.769475842811750965e+00 0.000000000000000000e+00 3.050432427946957790e-08 2.200014698459562984e-10
3.082634515476230241e+00 0.000000000000000000e+00 3.153397304094907760e-08 2.200014698459562984e-10
3.431203626733101864e+00 0.000000000000000000e+00 3.248989097787910271e-08 2.200014698459562984e-10
3.819187214377767425e+00 0.000000000000000000e+00 3.336489098464713375e-08 2.200014698459562984e-10
4.251042073056519932e+00 0.000000000000000000e+00 3.414554005692879233e-08 2.200014698459562984e-10
4.731728949778890581e+00 0.000000000000000000e+00 3.481878516846078776e-08 2.200014698459562984e-10
5.266769528365972342e+00 0.000000000000000000e+00 3.532672853224250478e-08 2.200014698459562984e-10
5.862309857419115922e+00 0.000000000000000000e+00 3.578952675366030933e-08 2.200014698459562984e-10
6.525190950410857837e+00 0.000000000000000000e+00 3.606186579002722845e-08 2.200014698459562984e-10
7.263027368885755841e+00 0.000000000000000000e+00 3.617728252679999607e-08 2.200014698459562984e-10
8.084294691462201143e+00 0.000000000000000000e+00 3.614143767807510279e-08 2.200014698459562984e-10
8.998426873397548320e+00 0.000000000000000000e+00 3.590171808628120022e-08 2.200014698459562984e-10
1.001592461509324039e+01 0.000000000000000000e+00 3.549891019199259415e-08 2.200014698459562984e-10
1.114847598437533449e+01 0.000000000000000000e+00 3.491630818979545867e-08 2.200014698459562984e-10
1.240909067814867583e+01 0.000000000000000000e+00 3.415501039811251988e-08 2.200014698459562984e-10
1.381224946569640366e+01 0.000000000000000000e+00 3.322017826052183707e-08 2.200014698459562984e-10
1.537407053029052229e+01 0.000000000000000000e+00 3.212079935225486950e-08 2.200014698459562984e-10
1.711249461989307719e+01 0.000000000000000000e+00 3.086960400043306939e-08 2.200014698459562984e-10
1.904749113378321468e+01 0.000000000000000000e+00 2.948252049125938203e-08 2.200014698459562984e-10
2.120128751244688203e+01 0.000000000000000000e+00 2.797988638798845731e-08 2.200014698459562984e-10
2.359862456574094125e+01 0.000000000000000000e+00 2.638408462325089265e-08 2.200014698459562984e-10
2.626704067231091244e+01 0.000000000000000000e+00 2.471969117209740775e-08 2.200014698459562984e-10
2.923718811487309566e+01 0.000000000000000000e+00 2.301370669025315974e-08 2.200014698459562984e-10
3.254318518513449021e+01 0.000000000000000000e+00 2.129229554347238403e-08 2.200014698459562984e-10
3.622300810299908846e+01 0.000000000000000000e+00 1.958103207323575775e-08 2.200014698459562984e-10
4.031892725206589034e+01 0.000000000000000000e+00 1.790520819094776622e-08 2.200014698459562984e-10
4.487799274248540371e+01 0.000000000000000000e+00 1.628456371509291096e-08 2.200014698459562984e-10
4.995257487887015913e+01 0.000000000000000000e+00 1.473672230361554925e-08 2.200014698459562984e-10
5.560096574165519456e+01 0.000000000000000000e+00 1.327487263937471087e-08 2.200014698459562984e-10
6.188804879230252709e+01 0.000000000000000000e+00 1.190720092693324215e-08 2.200014698459562984e-10
6.888604419417499969e+01 0.000000000000000000e+00 1.063805669008542533e-08 2.200014698459562984e-10
7.667533841060405564e+01 0.000000000000000000e+00 9.468647060984698244e-09 2.200014698459562984e-10
8.534540760983165342e+01 0.000000000000000000e+00 8.396719871817811672e-09 2.200014698459562984e-10
9.499584548401358575e+01 0.000000000000000000e+00 7.418926022482566088e-09 2.200014698459562984e-10
1.057375072889466310e+02 0.000000000000000000e+00 6.531059621174817688e-09 2.200014698459562984e-10
1.176937832461472624e+02 0.000000000000000000e+00 5.728939538357837504e-09 2.200014698459562984e-10
1.310020159349736844e+02 0.000000000000000000e+00 5.008590990347332348e-09 2.200014698459562984e-10
1.458150779564580262e+02 0.000000000000000000e+00 4.366278948202655248e-09 2.200014698459562984e-10
1.623031279915676635e+02 0.000000000000000000e+00 3.798128700698077564e-09 2.200014698459562984e-10
1.806555654259147161e+02 0.000000000000000000e+00 3.299383666765213276e-09 2.200014698459562984e-10
2.010832059937378347e+02 0.000000000000000000e+00 2.864727386965362240e-09 2.200014698459562984e-10
2.238207034330328042e+02 0.000000000000000000e+00 2.487870146110474397e-09 2.200014698459562984e-10
2.491292449694543905e+02 0.000000000000000000e+00 2.162050521183691150e-09 2.200014698459562984e-10
2.772995515922919481e+02 0.000000000000000000e+00 1.880730910495797685e-09 2.200014698459562984e-10
3.086552175868076802e+02 0.000000000000000000e+00 1.637924557873421538e-09 2.200014698459562984e-10
3.435564276845046834e+02 0.000000000000000000e+00 1.428404862131021249e-09 2.200014698459562984e-10
3.824040945302937757e+02 0.000000000000000000e+00 1.247648378573257113e-09 2.200014698459562984e-10
4.256444639942141634e+02 0.000000000000000000e+00 1.091592051068966729e-09 2.200014698459562984e-10
4.737742412289155709e+02 0.000000000000000000e+00 9.566761418232020425e-10 2.200014698459562984e-10
5.273462963565856398e+02 0.000000000000000000e+00 8.395924629527648068e-10 2.200014698459562984e-10
5.869760153267689020e+02 0.000000000000000000e+00 7.375728910789950898e-10 2.200014698459562984e-10
6.533483688978308237e+02 0.000000000000000000e+00 6.483532721995607519e-10 2.200014698459562984e-10
7.272257809440862957e+02 0.000000000000000000e+00 5.700312738381708957e-10 2.200014698459562984e-10
8.094568864722074295e+02 0.000000000000000000e+00 5.010583279599345156e-10 2.200014698459562984e-10
9.009862799510120794e+02 0.000000000000000000e+00 4.401275079979853942e-10 2.200014698459562984e-10
1.002865365934268880e+03 0.000000000000000000e+00 3.861444744805296468e-10 2.200014698459562984e-10
1.116264436618460877e+03 0.000000000000000000e+00 3.382083019214136314e-10 2.200014698459562984e-10
1.242486115071199492e+03 0.000000000000000000e+00 2.955743253692576412e-10 2.200014698459562984e-10
1.382980318553656389e+03 0.000000000000000000e+00 2.576325323352702167e-10 2.200014698459562984e-10
1.539360913821697523e+03 0.000000000000000000e+00 2.238756443787006287e-10 2.200014698459562984e-10
1.713424255726343517e+03 0.000000000000000000e+00 1.938742336095613932e-10 2.200014698459562984e-10
1.907169822067742189e+03 0.000000000000000000e+00 1.672651230164308994e-10 2.200014698459562984e-10
2.122823181736748211e+03 0.000000000000000000e+00 1.437236685270973419e-10 2.200014698459562984e-10
2.362861559980607581e+03 0.000000000000000000e+00 1.229729693192819884e-10 2.200014698459562984e-10
2.630042294462951304e+03 0.000000000000000000e+00 1.047515275469272808e-10 2.200014698459562984e-10
2.927434508994474982e+03 0.000000000000000000e+00 8.882247422015747072e-11 2.200014698459562984e-10
3.258454368773508122e+03 0.000000000000000000e+00 7.496547109117571506e-11 2.200014698459562984e-10
3.626904322114499791e+03 0.000000000000000000e+00 6.297234879159433488e-11 2.200014698459562984e-10
4.037016779438275080e+03 0.000000000000000000e+00 5.264913413710687132e-11 2.200014698459562984e-10
4.493502731267226409e+03 0.000000000000000000e+00 4.381183421915507388e-11 2.200014698459562984e-10
5.001605863702974602e+03 0.000000000000000000e+00 3.628417223281949680e-11 2.200014698459562984e-10
5.567162793016338583e+03 0.000000000000000000e+00 2.992188410261684774e-11 2.200014698459562984e-10
6.196670111266974345e+03 0.000000000000000000e+00 2.455882400288658573e-11 2.200014698459562984e-10
6.897359013111165041e+03 0.000000000000000000e+00 2.007469248225632901e-11 2.200014698459562984e-10
7.677278361042189317e+03 0.000000000000000000e+00 1.634184756292568630e-11 2.200014698459562984e-10
8.545387143236317570e+03 0.000000000000000000e+00 1.325163480687167823e-11 2.200014698459562984e-10
9.511657386079081334e+03 0.000000000000000000e+00 1.070491385598832929e-11 2.200014698459562984e-10
1.058718870352829254e+04 0.000000000000000000e+00 8.612677239094422571e-12 2.200014698459562984e-10
1.178433579916051713e+04 0.000000000000000000e+00 6.908359177654447413e-12 2.200014698459562984e-10
1.311685038551288017e+04 0.000000000000000000e+00 5.523926417977326089e-12 2.200014698459562984e-10
1.460003915097147365e+04 0.000000000000000000e+00 4.402893078814391723e-12 2.200014698459562984e-10
1.625093958876844590e+04 0.000000000000000000e+00 3.500183756118140709e-12 2.200014698459562984e-10
1.808851570786662342e+04 0.000000000000000000e+00 2.775159229191038223e-12 2.200014698459562984e-10
2.013387587385212828e+04 0.000000000000000000e+00 2.194258842333928912e-12 2.200014698459562984e-10
2.241051528221264743e+04 0.000000000000000000e+00 1.731070072092787563e-12 2.200014698459562984e-10
2.494458584929090648e+04 0.000000000000000000e+00 1.362150627113509841e-12 2.200014698459562984e-10
2.776519662118276028e+04 0.000000000000000000e+00 1.069688981291701410e-12 2.200014698459562984e-10
3.090474815138586200e+04 0.000000000000000000e+00 8.374157109067321307e-13 2.200014698459562984e-10
3.439930468822552211e+04 0.000000000000000000e+00 6.541203130475493614e-13 2.200014698459562984e-10
3.828900844740607135e+04 0.000000000000000000e+00 5.095752060484886196e-13 2.200014698459562984e-10
4.261854072845193878e+04 0.000000000000000000e+00 3.952379349239099754e-13 2.200014698459562984e-10
4.743763517192281142e+04 0.000000000000000000e+00 3.064069460578849583e-13 2.200014698459562984e-10
