1.056032981064548126e+00 0.000000000000000000e+00 0.000000000000000000e+00 4.366615111693875111e-06
1.175443983510534363e+00 0.000000000000000000e+00 0.000000000000000000e+00 4.366615111693875111e-06
1.308357393325258133e+00 6.782503274129156357e-10 1.820959789122142148e-08 4.366615111693875111e-06
1.456299996156748877e+00 4.565187287865543307e-09 1.352613890470424274e-07 4.366615111693875111e-06
1.620971219045888478e+00 7.518863986408030246e-09 2.461608110576737379e-07 4.366615111693875111e-06
1.804262651863866251e+00 8.220045865605080599e-09 2.975048663667991804e-07 4.366615111693875111e-06
2.008279776137516404e+00 8.234740178592726739e-09 3.285870719952436181e-07 4.366615111693875111e-06
2.235366150863083323e+00 8.234736512581332084e-09 3.619020502797335868e-07 4.366615111693875111e-06
2.488130333132567262e+00 8.234731970553683315e-09 3.981733946823031455e-07 4.366615111693875111e-06
2.769475842811750965e+00 8.234726343341978821e-09 4.375514367856929570e-07 4.366615111693875111e-06
3.082634515476230241e+00 8.234719371524989515e-09 4.801675637347260581e-07 4.366615111693875111e-06
3.431203626733101864e+00 8.234710734135769614e-09 5.261289457178038815e-07 4.366615111693875111e-06
3.819187214377767425e+00 8.234700033288771306e-09 5.755065507914546440e-07 4.366615111693875111e-06
4.251042073056519932e+00 8.234686775972443073e-09 6.283115716372486419e-07 4.366615111693875111e-06
4.731728949778890581e+00 8.234670351343558622e-09 6.844833242756093137e-07 4.366615111693875111e-06
5.266769528365972342e+00 8.234650002485515503e-09 7.438864567027446777e-07 4.366615111693875111e-06
5.862309857419115922e+00 8.234624791698977984e-09 8.063062882477730782e-07 4.366615111693875111e-06
6.525190950410857837e+00 8.234593557066901024e-09 8.713950501406077584e-07 4.366615111693875111e-06
7.263027368885755841e+00 8.234554859153820705e-09 9.386727117906363433e-07 4.366615111693875111e-06
8.084294691462201143e+00 8.234506914593895203e-09 1.007518882285460671e-06 4.366615111693875111e-06
8.998426873397548320e+00 8.234447514472618208e-09 1.077117969202100887e-06 4.366615111693875111e-06
1.001592461509324039e+01 8.234373921420655466e-09 1.146443475369101165e-06 4.366615111693875111e-06
1.114847598437533449e+01 8.234282743826480881e-09 1.214303591908111187e-06 4.366615111693875111e-06
1.240909067814867583e+01 8.234169782953315370e-09 1.279177121671260570e-06 4.366615111693875111e-06
1.381224946569640366e+01 8.234029830146063777e-09 1.339389711820198191e-06 4.366615111693875111e-06
1.537407053029052229e+01 8.233856443290523858e-09 1.392952449763558941e-06 4.366615111693875111e-06
1.711249461989307719e+01 8.233641636579353788e-09 1.437689257037171945e-06 4.366615111693875111e-06
1.904749113378321468e+01 8.233375525361368095e-09 1.471252197158389150e-06 4.366615111693875111e-06
2.120128751244688203e+01 8.233045862660107366e-09 1.491107004301828121e-06 4.366615111693875111e-06
2.359862456574094125e+01 8.232637458457891396e-09 1.494982318642094280e-06 4.366615111693875111e-06
2.626704067231091244e+01 8.232131529330530240e-09 1.480696007087295518e-06 4.366615111693875111e-06
2.923718811487309566e+01 8.231504795263970618e-09 1.446890418095402421e-06 4.366615111693875111e-06
3.254318518513449021e+01 8.230728427630051451e-09 1.393160166257619971e-06 4.366615111693875111e-06
3.622300810299908846e+01 8.229766712207620803e-09 1.320662640252626004e-06 4.366615111693875111e-06
4.031892725206589034e+01 8.228575449528927186e-09 1.232449607262340826e-06 4.366615111693875111e-06
4.487799274248540371e+01 8.227099924595476245e-09 1.133582581108911770e-06 4.366615111693875111e-06
4.995257487887015913e+01 8.225272402628564931e-09 1.030826210381530893e-06 4.366615111693875111e-06
5.560096574165519456e+01 8.223009103756554562e-09 9.315649325703705550e-07 4.366615111693875111e-06
6.188804879230252709e+01 8.220206341210437297e-09 8.425820883821017726e-07 4.366615111693875111e-06
6.888604419417499969e+01 8.216736061337358447e-09 7.681317066874586414e-07 4.366615111693875111e-06
7.667533841060405564e+01 8.212439744229682084e-09 7.076909488775080319e-07 4.366615111693875111e-06
8.534540760983165342e+01 8.207121973877958342e-09 6.547521134948369639e-07 4.366615111693875111e-06
9.499584548401358575e+01 8.200541194078600561e-09 5.991460608614546523e-07 4.366615111693875111e-06
1.057375072889466310e+02 8.192399788882042297e-09 5.324191775806927326e-07 4.366615111693875111e-06
1.176937832461472624e+02 8.182331531019473019e-09 4.553541384841997006e-07 4.366615111693875111e-06
1.310020159349736844e+02 8.169885686069020835e-09 3.797661899343146216e-07 4.366615111693875111e-06
1.458150779564580262e+02 8.154508781370193399e-09 3.202658552099284809e-07 4.366615111693875111e-06
1.623031279915676635e+02 8.135522737134661506e-09 2.793462128965470988e-07 4.366615111693875111e-06
1.806555654259147161e+02 8.112099104101572027e-09 2.447488266875744893e-07 4.366615111693875111e-06
2.010832059937378347e+02 8.083229185720068997e-09 2.060500765426335853e-07 4.366615111693875111e-06
2.238207034330328042e+02 8.047690817860585732e-09 1.687490253986536305e-07 4.366615111693875111e-06
2.491292449694543905e+02 8.004008905667285291e-09 1.406471460897004208e-07 4.366615111693875111e-06
2.772995515922919481e+02 7.950418370144935186e-09 1.178711510056748848e-07 4.366615111693875111e-06
3.086552175868076802e+02 7.884821661364744638e-09 9.660239552279216014e-08 4.366615111693875111e-06
3.435564276845046834e+02 7.804755144447449167e-09 7.887060289279755918e-08 4.366615111693875111e-06
3.824040945302937757e+02 7.707365799089227757e-09 6.430591257969925616e-08 4.366615111693875111e-06
4.256444639942141634e+02 7.589402060312271381e-09 5.200797506874756987e-08 4.366615111693875111e-06
4.737742412289155709e+02 7.447254546809597160e-09 4.179688726936453135e-08 4.366615111693875111e-06
5.273462963565856398e+02 7.277030444240664186e-09 3.346633897278169695e-08 4.366615111693875111e-06
5.869760153267689020e+02 7.074714390970477844e-09 2.662086247552759171e-08 4.366615111693875111e-06
6.533483688978308237e+02 6.836422462150900844e-09 2.101959601638818423e-08 4.366615111693875111e-06
7.272257809440862957e+02 6.558756584843373134e-09 1.650293892007748101e-08 4.366615111693875111e-06
8.094568864722074295e+02 6.239307525083599497e-09 1.287751604567991524e-08 4.366615111693875111e-06
9.009862799510120794e+02 5.877221296737571228e-09 9.974097633814116268e-09 4.366615111693875111e-06
1.002865365934268880e+03 5.474015452520784818e-09 7.666420217874711855e-09 4.366615111693875111e-06
1.116264436618460877e+03 5.033341372820230541e-09 5.844803993713972408e-09 4.366615111693875111e-06
1.242486115071199492e+03 4.562515433208917928e-09 4.415098242116499798e-09 4.366615111693875111e-06
1.382980318553656389e+03 4.071660829253692583e-09 3.302930757013902352e-09 4.366615111693875111e-06
1.539360913821697523e+03 3.573369325209840655e-09 2.445834626372132418e-09 4.366615111693875111e-06
1.713424255726343517e+03 3.081656018823904202e-09 1.791387326680505643e-09 4.366615111693875111e-06
1.907169822067742189e+03 2.610529649301532385e-09 1.296900462294394417e-09 4.366615111693875111e-06
2.122823181736748211e+03 2.172272961410526102e-09 9.281404705521822333e-10 4.366615111693875111e-06
2.362861559980607581e+03 1.776686426021700086e-09 6.563690705480615142e-10 4.366615111693875111e-06
2.630042294462951304e+03 1.429561528334433337e-09 4.587534780905287629e-10 4.366615111693875111e-06
2.927434508994474982e+03 1.132455041981317046e-09 3.169754582308816466e-10 4.366615111693875111e-06
3.258454368773508122e+03 8.842482070809979154e-10 2.165936866777543320e-10 4.366615111693875111e-06
3.626904322114499791e+03 6.810010307306163369e-10 1.463915093225524720e-10 4.366615111693875111e-06
4.037016779438275080e+03 5.175288548029189846e-10 9.787652240343741166e-11 4.366615111693875111e-06
4.493502731267226409e+03 3.883508876818973596e-10 6.475721989854335326e-11 4.366615111693875111e-06
5.001605863702974602e+03 2.877476979236737353e-10 4.240672866050841427e-11 4.366615111693875111e-06
5.567162793016338583e+03 2.106308601452499488e-10 2.747980931891673023e-11 4.366615111693875111e-06
6.196670111266974345e+03 1.523288933871935832e-10 1.761916084355816771e-11 4.366615111693875111e-06
6.897359013111165041e+03 1.088976117367790037e-10 1.117895260109781572e-11 4.366615111693875111e-06
7.677278361042189317e+03 7.699561692273488351e-11 7.017044524421720319e-12 4.366615111693875111e-06
8.545387143236317570e+03 5.388262690184800552e-11 4.354803780804034484e-12 4.366615111693875111e-06
9.511657386079081334e+03 3.734609476415984087e-11 2.670960501232672431e-12 4.366615111693875111e-06
1.058718870352829254e+04 2.566268893330378724e-11 1.618025550629445651e-12 4.366615111693875111e-06
1.178433579916051713e+04 1.750414550987241325e-11 9.670880823742272845e-13 4.366615111693875111e-06
1.311685038551288017e+04 1.185988435273857795e-11 5.698587227464458083e-13 4.366615111693875111e-06
1.460003915097147365e+04 7.989910284587783017e-12 3.323129704370921338e-13 4.366615111693875111e-06
1.625093958876844590e+04 5.354713234071833317e-12 1.894764137459433124e-13 4.366615111693875111e-06
1.808851570786662342e+04 3.570629286332164455e-12 1.063401238975673401e-13 4.366615111693875111e-06
2.013387587385212828e+04 2.367981788014583077e-12 5.828654656902116116e-14 4.366615111693875111e-06
2.241051528221264743e+04 1.560788247688398397e-12 3.106714542607662710e-14 4.366615111693875111e-06
2.494458584929090648e+04 1.019488358902784573e-12 1.602599141735928305e-14 4.366615111693875111e-06
2.776519662118276028e+04 6.586510311941152407e-13 7.952185562163666746e-15 4.366615111693875111e-06
3.090474815138586200e+04 4.194551347209853359e-13 3.767262338821560903e-15 4.366615111693875111e-06
3.439930468822552211e+04 2.625458883482667772e-13 1.689098580545930039e-15 4.366615111693875111e-06
3.828900844740607135e+04 1.615167832578921173e-13 7.074342330607596710e-16 4.366615111693875111e-06
4.261854072845193878e+04 9.798817724803401265e-14 2.735950560686685386e-16 4.366615111693875111e-06
4.743763517192281142e+04 5.926307112689818531e-14 9.598210451313517688e-17 4.366615111693875111e-06
