1.056032981064548126e+00 4.850884976504315870e-10 2.166556367055427119e-08 0.000000000000000000e+00
1.175443983510534363e+00 5.048038011211575268e-10 2.339277104486563740e-08 0.000000000000000000e+00
1.308357393325258133e+00 5.228494040934720307e-10 2.514794844086519853e-08 0.000000000000000000e+00
1.456299996156748877e+00 5.368751239830271469e-10 2.692588660084737965e-08 0.000000000000000000e+00
1.620971219045888478e+00 5.470470620306877909e-10 2.868112606393671137e-08 0.000000000000000000e+00
1.804262651863866251e+00 5.532573099980009329e-10 3.039602435365486113e-08 0.000000000000000000e+00
2.008279776137516404e+00 5.575014479064579149e-10 3.203845023359482884e-08 0.000000000000000000e+00
2.235366150863083323e+00 5.578300989353926576e-10 3.359727563606462623e-08 0.000000000000000000e+00
2.488130333132567262e+00 5.585371260602025923e-10 3.508753235810596824e-08 0.000000000000000000e+00
2.769475842811750965e+00 5.581921368931938185e-10 3.654222358243652275e-08 0.000000000000000000e+00
3.082634515476230241e+00 5.575083490575460433e-10 3.795044815727587614e-08 0.000000000000000000e+00
3.431203626733101864e+00 5.572815043791688420e-10 3.929409252223735354e-08 0.000000000000000000e+00
3.819187214377767425e+00 5.570150808435500091e-10 4.056364647131567917e-08 0.000000000000000000e+00
4.251042073056519932e+00 5.567040460816944481e-10 4.173343513404587251e-08 0.000000000000000000e+00
4.731728949778890581e+00 5.563430356551852990e-10 4.278214701257273114e-08 0.000000000000000000e+00
5.266769528365972342e+00 5.559261402875771282e-10 4.369749070668307015e-08 0.000000000000000000e+00
5.862309857419115922e+00 5.554471401294371790e-10 4.445400459276792056e-08 0.000000000000000000e+00
6.525190950410857837e+00 5.548993441584356418e-10 4.503146274608451655e-08 0.000000000000000000e+00
7.263027368885755841e+00 5.542762136802457052e-10 4.541517199923110114e-08 0.000000000000000000e+00
8.084294691462201143e+00 5.535707396004026639e-10 4.558682243471011926e-08 0.000000000000000000e+00
8.998426873397548320e+00 5.527750903102621861e-10 4.552744407338197533e-08 0.000000000000000000e+00
1.001592461509324039e+01 5.519918403424586680e-10 4.522800942164648226e-08 0.000000000000000000e+00
1.114847598437533449e+01 5.509702636563844258e-10 4.468048225287607665e-08 0.000000000000000000e+00
1.240909067814867583e+01 5.498377625751322421e-10 4.388128368802216046e-08 0.000000000000000000e+00
1.381224946569640366e+01 5.485823936616915625e-10 4.282327927749295526e-08 0.000000000000000000e+00
1.537407053029052229e+01 5.471915990747132261e-10 4.152284072974752694e-08 0.000000000000000000e+00
1.711249461989307719e+01 5.456518974821384798e-10 3.998850713634081866e-08 0.000000000000000000e+00
1.904749113378321468e+01 5.439488347813362001e-10 3.823826131916269132e-08 0.000000000000000000e+00
2.120128751244688203e+01 5.420666053641867828e-10 3.629699013060951005e-08 0.000000000000000000e+00
2.359862456574094125e+01 5.399353120202187565e-10 3.419891280073513133e-08 0.000000000000000000e+00
2.626704067231091244e+01 5.376549564447577390e-10 3.197815865206733809e-08 0.000000000000000000e+00
2.923718811487309566e+01 5.353730232708900980e-10 2.967402124471809036e-08 0.000000000000000000e+00
3.254318518513449021e+01 5.323921565729030047e-10 2.733810178732143784e-08 0.000000000000000000e+00
3.622300810299908846e+01 5.293134791109189787e-10 2.500342631397669961e-08 0.000000000000000000e+00
4.031892725206589034e+01 5.259618378629445995e-10 2.269092295255176178e-08 0.000000000000000000e+00
4.487799274248540371e+01 5.222844309610469377e-10 2.051327318356134458e-08 0.000000000000000000e+00
4.995257487887015913e+01 5.182535091293333304e-10 1.841855255265315518e-08 0.000000000000000000e+00
5.560096574165519456e+01 5.138645874537753236e-10 1.645688286413316785e-08 0.000000000000000000e+00
6.188804879230252709e+01 5.090186976035382019e-10 1.463403448084683636e-08 0.000000000000000000e+00
6.888604419417499969e+01 5.037515367418063711e-10 1.295446938460746959e-08 0.000000000000000000e+00
7.667533841060405564e+01 4.980105446474300504e-10 1.140931955201185371e-08 0.000000000000000000e+00
8.534540760983165342e+01 4.917642345500372297e-10 9.990312807607514820e-09 0.000000000000000000e+00
9.499584548401358575e+01 4.849863217990298851e-10 8.687807180871796934e-09 0.000000000000000000e+00
1.057375072889466310e+02 4.776478005269292719e-10 7.494687802158686646e-09 0.000000000000000000e+00
1.176937832461472624e+02 4.697168023992131931e-10 6.410553295605683411e-09 0.000000000000000000e+00
1.310020159349736844e+02 4.612256590448745754e-10 5.439571504515038119e-09 0.000000000000000000e+00
1.458150779564580262e+02 4.519745835273528762e-10 4.584216275026985700e-09 0.000000000000000000e+00
1.623031279915676635e+02 4.421204933933364410e-10 3.845486598324024003e-09 0.000000000000000000e+00
1.806555654259147161e+02 4.315823641082450798e-10 3.215227350651042690e-09 0.000000000000000000e+00
2.010832059937378347e+02 4.203493607020666434e-10 2.678605303245909527e-09 0.000000000000000000e+00
2.238207034330328042e+02 4.084227800522600293e-10 2.219539145892212504e-09 0.000000000000000000e+00
2.491292449694543905e+02 3.958530743305321566e-10 1.825880245216060674e-09 0.000000000000000000e+00
2.772995515922919481e+02 3.825392397114277864e-10 1.492474347605319631e-09 0.000000000000000000e+00
3.086552175868076802e+02 3.685554740028419628e-10 1.214743222020280449e-09 0.000000000000000000e+00
3.435564276845046834e+02 3.539296672773885895e-10 9.845936849040222178e-10 0.000000000000000000e+00
3.824040945302937757e+02 3.387005152976430015e-10 7.946477447515680137e-10 0.000000000000000000e+00
4.256444639942141634e+02 3.229203034100688257e-10 6.375113708056081622e-10 0.000000000000000000e+00
4.737742412289155709e+02 3.066111281093994634e-10 5.091993062463167152e-10 0.000000000000000000e+00
5.273462963565856398e+02 2.899755004362435554e-10 4.049876395417589980e-10 0.000000000000000000e+00
5.869760153267689020e+02 2.730489143759399237e-10 3.203462875629139001e-10 0.000000000000000000e+00
6.533483688978308237e+02 2.558706994907133571e-10 2.522841428622775307e-10 0.000000000000000000e+00
7.272257809440862957e+02 2.385744283157818147e-10 1.977344129854401542e-10 0.000000000000000000e+00
8.094568864722074295e+02 2.212731670752797703e-10 1.543159287189285634e-10 0.000000000000000000e+00
9.009862799510120794e+02 2.040892720084767752e-10 1.197164863140495904e-10 0.000000000000000000e+00
1.002865365934268880e+03 1.871429913520485217e-10 9.247321733469629527e-11 0.000000000000000000e+00
1.116264436618460877e+03 1.705603915874756165e-10 7.106651126334624958e-11 0.000000000000000000e+00
1.242486115071199492e+03 1.544747170439827569e-10 5.433079348537618082e-11 0.000000000000000000e+00
1.382980318553656389e+03 1.389776839138780407e-10 4.131141606624165157e-11 0.000000000000000000e+00
1.539360913821697523e+03 1.242161107586925930e-10 3.123804050684413432e-11 0.000000000000000000e+00
1.713424255726343517e+03 1.102126943273722670e-10 2.348738209082007117e-11 0.000000000000000000e+00
1.907169822067742189e+03 9.706276788259521237e-11 1.755733339207874459e-11 0.000000000000000000e+00
2.122823181736748211e+03 8.484623614958419630e-11 1.303958289202965044e-11 0.000000000000000000e+00
2.362861559980607581e+03 7.364140406856549202e-11 9.630833873000015295e-12 0.000000000000000000e+00
2.630042294462951304e+03 6.342095324715387683e-11 7.065494894236766119e-12 0.000000000000000000e+00
2.927434508994474982e+03 5.420227677586212021e-11 5.149396595111711856e-12 0.000000000000000000e+00
3.258454368773508122e+03 4.598316233884457508e-11 3.728798813371102516e-12 0.000000000000000000e+00
3.626904322114499791e+03 3.870728824416883364e-11 2.680439107237936708e-12 0.000000000000000000e+00
4.037016779438275080e+03 3.236396444622871345e-11 1.913887787668114737e-12 0.000000000000000000e+00
4.493502731267226409e+03 2.685181588941425409e-11 1.357214209461484940e-12 0.000000000000000000e+00
5.001605863702974602e+03 2.213949968899050004e-11 9.561307689954294210e-13 0.000000000000000000e+00
5.567162793016338583e+03 1.813760447849729614e-11 6.686140529643174727e-13 0.000000000000000000e+00
6.196670111266974345e+03 1.477299689409881514e-11 4.645788957346949677e-13 0.000000000000000000e+00
6.897359013111165041e+03 1.196543935988390761e-11 3.207142174847108960e-13 0.000000000000000000e+00
7.677278361042189317e+03 9.644693908285752280e-12 2.199951309950621811e-13 0.000000000000000000e+00
8.545387143236317570e+03 7.741718041791051866e-12 1.500167188052657270e-13 0.000000000000000000e+00
9.511657386079081334e+03 6.176370800677889378e-12 1.016968740965953925e-13 0.000000000000000000e+00
1.058718870352829254e+04 4.911418367875213442e-12 6.855352070775478905e-14 0.000000000000000000e+00
1.178433579916051713e+04 3.890345483290378603e-12 4.597718948559614578e-14 0.000000000000000000e+00
1.311685038551288017e+04 3.070316193352445821e-12 3.066146723367890149e-14 0.000000000000000000e+00
1.460003915097147365e+04 2.413481230307858282e-12 2.035953447641762141e-14 0.000000000000000000e+00
1.625093958876844590e+04 1.891159170075544730e-12 1.345444282744408007e-14 0.000000000000000000e+00
1.808851570786662342e+04 1.476466508252865252e-12 8.854279152282276495e-15 0.000000000000000000e+00
2.013387587385212828e+04 1.148958327903169312e-12 5.798008539315280552e-15 0.000000000000000000e+00
2.241051528221264743e+04 8.909449056942547303e-13 3.777985663552276623e-15 0.000000000000000000e+00
2.494458584929090648e+04 6.885378565304609654e-13 2.447609933456793970e-15 0.000000000000000000e+00
2.776519662118276028e+04 5.302353577433959528e-13 1.576698408941063544e-15 0.000000000000000000e+00
3.090474815138586200e+04 4.066852894429245880e-13 1.008930549555166766e-15 0.000000000000000000e+00
3.439930468822552211e+04 3.108087822071821318e-13 6.417635822016165627e-16 0.000000000000000000e+00
3.828900844740607135e+04 2.365401725441002260e-13 4.055496430389873579e-16 0.000000000000000000e+00
4.261854072845193878e+04 1.790956253643421244e-13 2.546256051891591918e-16 0.000000000000000000e+00
4.743763517192281142e+04 1.346931200415329822e-13 1.587243416410547204e-16 0.000000000000000000e+00
