1.049488686966128593e-08
1.121178392374953033e-08
1.182384518893110826e-08
1.233921132172559608e-08
1.276017437788416574e-08
1.307340591992380081e-08
1.325882737049266037e-08
1.333360852862547325e-08
1.333977807927340925e-08
1.333952766479355597e-08
1.333921762583961794e-08
1.333883362066537327e-08
1.333835849869665305e-08
1.333777100685376032e-08
1.333704497993482349e-08
1.333614826628043933e-08
1.333504133328537717e-08
1.333367636583149648e-08
1.333199499263424278e-08
1.332992594028762043e-08
1.332738297242221907e-08
1.332426043294883820e-08
1.332043714576640265e-08
1.331576867174907453e-08
1.331008315670858095e-08
1.330317612569922112e-08
1.329482682826212479e-08
1.328478457657909101e-08
1.327276960980357933e-08
1.325848662983790845e-08
1.324161794858044411e-08
1.322183146447963706e-08
1.319877931550902311e-08
1.317210809780718900e-08
1.314146060759381045e-08
1.310646342574101083e-08
1.306672513620509706e-08
1.302183762444663835e-08
1.297138656292492284e-08
1.291490985561887285e-08
1.285189857975310244e-08
1.278181676270317998e-08
1.270401560600312514e-08
1.261777232612611859e-08
1.252233173768509247e-08
1.241685284874194417e-08
1.230041521444810167e-08
1.217207017664363454e-08
1.203078661176802243e-08
1.187553351137002612e-08
1.170509380823457775e-08
1.151824799597534838e-08
1.131375562555031320e-08
1.109043574857371346e-08
1.084715912302617597e-08
1.058275191843593666e-08
1.029602135673834830e-08
9.986083295385056100e-09
9.641196289906113322e-09
9.292586318045164805e-09
8.910512394007200140e-09
8.505246025317477031e-09
8.077780843779626669e-09
7.631004512983726749e-09
7.165159691251057491e-09
6.685835441045354563e-09
6.196198484161687541e-09
5.702607571966698160e-09
5.208851948808929877e-09
4.720893866254303151e-09
4.244064951903985981e-09
3.784177324642562882e-09
3.345190744270882491e-09
2.931950523607346887e-09
2.547619958255824502e-09
2.194917075652546245e-09
1.874877505262483840e-09
1.588268034908875892e-09
1.334623240639610220e-09
1.113012243219158969e-09
9.211689230172791976e-10
7.571774113633053258e-10
6.184416441974969497e-10
5.019901169351386222e-10
4.056405213676058801e-10
3.258178675559024999e-10
2.606860295146378711e-10
2.075914578269608006e-10
1.646288940943531054e-10
1.300301106450030665e-10
1.023365642658362156e-10
8.023268636257575470e-11
6.270195819247257898e-11
4.881026635099141888e-11
3.789810133341788247e-11
2.931209640820054764e-11
2.259904285556727755e-11
1.735563926342509946e-11
1.327834225518216803e-11
1.008783684333067149e-11
7.660349147779905885e-12
