5.715490402121880814e-10
6.048621018026588533e-10
6.356984316644178005e-10
6.633299002581548933e-10
6.871098720865899352e-10
7.062087194561650086e-10
7.194554868020575942e-10
7.266080078674063332e-10
7.281908018905906611e-10
7.280184886837532230e-10
7.278224519355343192e-10
7.275997304680463840e-10
7.273478197802555244e-10
7.270644169308689795e-10
7.267474377119840652e-10
7.263947874759562243e-10
7.260028645783380845e-10
7.255747077812600602e-10
7.250998283636568117e-10
7.245709425298422174e-10
7.239832582203572678e-10
7.233305756332491525e-10
7.226058394224956116e-10
7.218021793253216327e-10
7.209106210804388279e-10
7.199238010015653850e-10
7.188245973906741882e-10
7.176061218202047859e-10
7.162558160782998621e-10
7.147580004330245056e-10
7.130981010992948713e-10
7.112610634068205384e-10
7.092206860063940574e-10
7.069725935608351568e-10
7.044834180022901291e-10
7.017350956014438156e-10
6.987014489154144536e-10
6.953482426246156494e-10
6.916604671066083401e-10
6.875976827874119162e-10
6.831249233791006428e-10
6.782008618860676463e-10
6.727919798004128372e-10
6.668591398135256819e-10
6.603597460319603235e-10
6.533615531022664244e-10
6.454856519797730132e-10
6.370245839190014898e-10
6.278196316059643507e-10
6.178258094758124134e-10
6.069909677502186281e-10
5.953871066265557308e-10
5.826261071911363046e-10
5.690227282819170480e-10
5.544341466861307253e-10
5.388428309789843487e-10
5.223712926827100783e-10
5.047429401698194794e-10
4.861462745832965715e-10
4.665768817934580701e-10
4.460826666115731426e-10
4.247282856018830853e-10
4.025010757037064187e-10
3.797071081190990520e-10
3.563845532005826126e-10
3.327408213964618854e-10
3.088176376796067048e-10
2.848740165799751654e-10
2.610808342514273842e-10
2.376189796597854303e-10
2.146866501085791416e-10
1.925069891816951617e-10
1.713314187911149908e-10
1.512529577124349601e-10
1.324322944043086883e-10
1.150073415428907419e-10
9.903513588298108330e-11
8.456082824614903629e-11
7.162383867574602071e-11
6.015314921567353695e-11
5.014433675070630088e-11
4.149420067910567161e-11
3.410144572957017027e-11
2.784910446358918916e-11
2.262062118310056931e-11
1.826367907386960787e-11
1.465645083938989232e-11
1.171852623185425685e-11
9.328231526601519609e-12
7.393814661335254816e-12
5.839956149263194410e-12
4.595299345787403044e-12
3.600524118767831482e-12
2.811917727011736266e-12
2.188656546942843564e-12
1.697580626395165392e-12
1.311887796491035742e-12
1.010329913900657446e-12
7.752887133046567887e-13
5.924394393552584011e-13
4.504781731766166767e-13
