3.983894724787972316e-07
4.399025465651343863e-07
4.808229381104944987e-07
5.228540513069753058e-07
5.655297248903973949e-07
6.080725365499084594e-07
6.494017055770435470e-07
6.891762815401822821e-07
7.278441558896330091e-07
7.667050806235208656e-07
8.057364670648737333e-07
8.443792724212556376e-07
8.824022469602345677e-07
9.192839449406955445e-07
9.545872902740206540e-07
9.876578439168392105e-07
1.017865889917126470e-06
1.044660152502707709e-06
1.067252520946939703e-06
1.084967147460011028e-06
1.097174693473694971e-06
1.103214463245867122e-06
1.102341195480203786e-06
1.094619183424530470e-06
1.079341755211632600e-06
1.056520785799593890e-06
1.026412087294118153e-06
9.894520529746786302e-07
9.463620751947435898e-07
8.979831589878034891e-07
8.454626737371906775e-07
7.886489338643120010e-07
7.319796365265529200e-07
6.740355992538344819e-07
6.164069486247800171e-07
5.603338330226218906e-07
5.064347772615605779e-07
4.554771699608882577e-07
4.077094543926478077e-07
3.632903261619976822e-07
3.221880168694783192e-07
2.842457895331305228e-07
2.493912618161124926e-07
2.174481344771701998e-07
1.882055975059975296e-07
1.617116239166555562e-07
1.381592372253483769e-07
1.177011524549318256e-07
1.002043126365240927e-07
8.528190717763889182e-08
7.249240267595926526e-08
6.140678486533523733e-08
5.192993063530500509e-08
4.396592810020577276e-08
3.732123757812703192e-08
3.174316943691144540e-08
2.705396660648740337e-08
2.315005685216531194e-08
1.988088579276822904e-08
1.715402752556975725e-08
1.486642287498713002e-08
1.294819568685293930e-08
1.130630048712733123e-08
9.911933122018211049e-09
8.711881575400286341e-09
7.663018450892836208e-09
6.742745689999421529e-09
5.927583515209588088e-09
5.200728677046748081e-09
4.550961319705614956e-09
3.966248193401908927e-09
3.441005618257499186e-09
2.969375092774079414e-09
2.547411582397941591e-09
2.171878618507471911e-09
1.839868458438766223e-09
1.548191725266649258e-09
1.294157014798927329e-09
1.075120111141008573e-09
8.867572679946487579e-10
7.272221300478577482e-10
5.928616993648891562e-10
4.808720809219195481e-10
3.879785861965114745e-10
3.115548453713948391e-10
2.489728641334119993e-10
1.983239298980908577e-10
1.572930165334501114e-10
1.242870648538172011e-10
9.783439961522532526e-11
7.676221268435214950e-11
6.002000304278096545e-11
4.677981555693214587e-11
3.633626945971602219e-11
2.813163774341248323e-11
2.171501617072603523e-11
1.670015223012725737e-11
1.279472263566146966e-11
9.762673156297294340e-12
7.413692884849763137e-12
5.596982294702312035e-12
