1.056032981064548126e+00 0.000000000000000000e+00 0.000000000000000000e+00 4.366615111693875111e-06
1.175443983510534363e+00 0.000000000000000000e+00 0.000000000000000000e+00 4.366615111693875111e-06
1.308357393325258133e+00 2.791867323017872027e-08 7.495575574455973275e-07 4.366615111693875111e-06
1.456299996156748877e+00 1.879158350616412448e-07 5.567734021358708000e-06 4.366615111693875111e-06
1.620971219045888478e+00 3.094974237359231699e-07 1.013266216325379781e-05 4.366615111693875111e-06
1.804262651863866251e+00 3.383600686922888709e-07 1.224612656634836725e-05 4.366615111693875111e-06
2.008279776137516404e+00 3.389649868357090104e-07 1.352555739618378135e-05 4.366615111693875111e-06
2.235366150863083323e+00 3.389649094414200822e-07 1.489689578290729065e-05 4.366615111693875111e-06
2.488130333132567262e+00 3.389648135532620702e-07 1.638992700183498940e-05 4.366615111693875111e-06
2.769475842811750965e+00 3.389646947554288684e-07 1.801083933606016641e-05 4.366615111693875111e-06
3.082634515476230241e+00 3.389645475712566379e-07 1.976504133761489170e-05 4.366615111693875111e-06
3.431203626733101864e+00 3.389643652247812270e-07 2.165694481902059832e-05 4.366615111693875111e-06
3.819187214377767425e+00 3.389641393161391045e-07 2.368947154136710317e-05 4.366615111693875111e-06
4.251042073056519932e+00 3.389638594372430479e-07 2.586308291247400856e-05 4.366615111693875111e-06
4.731728949778890581e+00 3.389635126924179290e-07 2.817528191320372601e-05 4.366615111693875111e-06
5.266769528365972342e+00 3.389630831021841217e-07 3.062049825911746556e-05 4.366615111693875111e-06
5.862309857419115922e+00 3.389625508704539357e-07 3.318989663192650563e-05 4.366615111693875111e-06
6.525190950410857837e+00 3.389618914675804408e-07 3.586916387914781268e-05 4.366615111693875111e-06
7.263027368885755841e+00 3.389610745051008779e-07 3.863854313589809862e-05 4.366615111693875111e-06
8.084294691462201143e+00 3.389600623337256069e-07 4.147250059119568483e-05 4.366615111693875111e-06
8.998426873397548320e+00 3.389588083201436493e-07 4.433746819806579277e-05 4.366615111693875111e-06
1.001592461509324039e+01 3.389572546747473497e-07 4.719119742241859852e-05 4.366615111693875111e-06
1.114847598437533449e+01 3.389553297957519405e-07 4.998463612386116128e-05 4.366615111693875111e-06
1.240909067814867583e+01 3.389529450420333120e-07 5.265517473518099888e-05 4.366615111693875111e-06
1.381224946569640366e+01 3.389499904516078096e-07 5.513390056804400198e-05 4.366615111693875111e-06
1.537407053029052229e+01 3.389463300221805925e-07 5.733895375758550823e-05 4.366615111693875111e-06
1.711249461989307719e+01 3.389417951619193371e-07 5.918077090150956519e-05 4.366615111693875111e-06
1.904749113378321468e+01 3.389361771932966692e-07 6.056271448840663807e-05 4.366615111693875111e-06
2.120128751244688203e+01 3.389292175661189669e-07 6.138047607193989794e-05 4.366615111693875111e-06
2.359862456574094125e+01 3.389205955980550317e-07 6.154056705273707904e-05 4.366615111693875111e-06
2.626704067231091244e+01 3.389099147397362805e-07 6.095316711158938172e-05 4.366615111693875111e-06
2.923718811487309566e+01 3.388966835111467258e-07 5.956238822861672475e-05 4.366615111693875111e-06
3.254318518513449021e+01 3.388802932877643347e-07 5.735153295978887770e-05 4.366615111693875111e-06
3.622300810299908846e+01 3.388599900725471758e-07 5.436822581108757341e-05 4.366615111693875111e-06
4.031892725206589034e+01 3.388348407199792806e-07 5.073806676353049617e-05 4.366615111693875111e-06
4.487799274248540371e+01 3.388036900674710791e-07 4.666938882257032871e-05 4.366615111693875111e-06
4.995257487887015913e+01 3.387651080591590552e-07 4.244064989027917210e-05 4.366615111693875111e-06
5.560096574165519456e+01 3.387173258523660678e-07 3.835585139416275262e-05 4.366615111693875111e-06
6.188804879230252709e+01 3.386581542742989842e-07 3.469429461578975538e-05 4.366615111693875111e-06
6.888604419417499969e+01 3.385848896106848726e-07 3.163119726192596009e-05 4.366615111693875111e-06
7.667533841060405564e+01 3.384941847769188347e-07 2.914512001638415277e-05 4.366615111693875111e-06
8.534540760983165342e+01 3.383819134581062230e-07 2.696814327758660965e-05 4.366615111693875111e-06
9.499584548401358575e+01 3.382429747976566224e-07 2.468141397698549023e-05 4.366615111693875111e-06
1.057375072889466310e+02 3.380710836499235830e-07 2.193652225358526853e-05 4.366615111693875111e-06
1.176937832461472624e+02 3.378585051358472093e-07 1.876539909642037488e-05 4.366615111693875111e-06
1.310020159349736844e+02 3.375957181135030870e-07 1.565467535840124543e-05 4.366615111693875111e-06
1.458150779564580262e+02 3.372710288563496996e-07 1.320661404395582429e-05 4.366615111693875111e-06
1.623031279915676635e+02 3.368701068863292266e-07 1.152429889013343303e-05 4.366615111693875111e-06
1.806555654259147161e+02 3.363754367436964227e-07 1.010226449551974396e-05 4.366615111693875111e-06
2.010832059937378347e+02 3.357656797015655643e-07 8.510248396525794081e-06 4.366615111693875111e-06
2.238207034330328042e+02 3.350149594163078752e-07 6.975250327069872452e-06 4.366615111693875111e-06
2.491292449694543905e+02 3.340920059723782755e-07 5.819628951411481651e-06 4.366615111693875111e-06
2.772995515922919481e+02 3.329593336819765080e-07 4.883158646005500861e-06 4.366615111693875111e-06
3.086552175868076802e+02 3.315722743128865996e-07 4.008074114154115651e-06 4.366615111693875111e-06
3.435564276845046834e+02 3.298781468960863568e-07 3.278599990384818086e-06 4.366615111693875111e-06
3.824040945302937757e+02 3.278155587186575471e-07 2.679385022976237031e-06 4.366615111693875111e-06
4.256444639942141634e+02 3.253138584453318717e-07 2.173212687782797538e-06 4.366615111693875111e-06
4.737742412289155709e+02 3.222934156412916713e-07 1.752765540671851193e-06 4.366615111693875111e-06
5.273462963565856398e+02 3.186662350666011766e-07 1.409612100538550194e-06 4.366615111693875111e-06
5.869760153267689020e+02 3.143378661137241083e-07 1.127360923606737765e-06 4.366615111693875111e-06
6.533483688978308237e+02 3.092105176932491626e-07 8.961204524555902812e-07 4.366615111693875111e-06
7.272257809440862957e+02 3.031872748982742203e-07 7.093747572357146079e-07 4.366615111693875111e-06
8.094568864722074295e+02 2.961783651758357225e-07 5.591459068929048100e-07 4.366615111693875111e-06
9.009862799510120794e+02 2.881076941609991024e-07 4.384441590707889781e-07 4.366615111693875111e-06
1.002865365934268880e+03 2.789201878541551730e-07 3.421508428477223397e-07 4.366615111693875111e-06
1.116264436618460877e+03 2.685883451940438432e-07 2.656049293848622663e-07 4.366615111693875111e-06
1.242486115071199492e+03 2.571170925175046804e-07 2.050690425450095740e-07 4.366615111693875111e-06
1.382980318553656389e+03 2.445461890303360041e-07 1.574612896655658518e-07 4.366615111693875111e-06
1.539360913821697523e+03 2.309500044262145396e-07 1.202317184630722211e-07 4.366615111693875111e-06
1.713424255726343517e+03 2.164356354048838327e-07 9.126530266366991567e-08 4.366615111693875111e-06
1.907169822067742189e+03 2.011480793049982648e-07 6.884176479544274413e-08 4.366615111693875111e-06
2.122823181736748211e+03 1.852401660750524426e-07 5.158967140222130936e-08 4.366615111693875111e-06
2.362861559980607581e+03 1.689176848416697954e-07 3.840840039942887890e-08 4.366615111693875111e-06
2.630042294462951304e+03 1.524093781577509858e-07 2.838678788220980496e-08 4.366615111693875111e-06
2.927434508994474982e+03 1.359733859817830940e-07 2.082234436855395150e-08 4.366615111693875111e-06
3.258454368773508122e+03 1.198888671978897032e-07 1.515852866188976152e-08 4.366615111693875111e-06
3.626904322114499791e+03 1.044408009607080422e-07 1.094670324243423973e-08 4.366615111693875111e-06
4.037016779438275080e+03 8.989788436283595125e-08 7.840318825023176473e-09 4.366615111693875111e-06
4.493502731267226409e+03 7.648918859279345174e-08 5.569834928060039187e-09 4.366615111693875111e-06
5.001605863702974602e+03 6.437857545209035303e-08 3.925996047529512056e-09 4.366615111693875111e-06
5.567162793016338583e+03 5.366446777300766414e-08 2.745997854324144106e-09 4.366615111693875111e-06
6.196670111266974345e+03 4.435021992937418183e-08 1.906215021787948624e-09 4.366615111693875111e-06
6.897359013111165041e+03 3.638268396361516453e-08 1.314339613650739043e-09 4.366615111693875111e-06
7.677278361042189317e+03 2.965687690299268414e-08 9.001856910784324862e-10 4.366615111693875111e-06
8.545387143236317570e+03 2.403977959584050716e-08 6.126842611843498093e-10 4.366615111693875111e-06
9.511657386079081334e+03 1.938923572170980166e-08 4.144558233985339214e-10 4.366615111693875111e-06
1.058718870352829254e+04 1.556640805906519849e-08 2.787371854771368368e-10 4.366615111693875111e-06
1.178433579916051713e+04 1.244325740835323740e-08 1.863709144209330297e-10 4.366615111693875111e-06
1.311685038551288017e+04 9.905798233840777460e-09 1.239722192543480161e-10 4.366615111693875111e-06
1.460003915097147365e+04 7.853890048254671316e-09 8.219834565371538930e-11 4.366615111693875111e-06
1.625093958876844590e+04 6.203771339099714556e-09 5.434717913603516226e-11 4.366615111693875111e-06
1.808851570786662342e+04 4.881985399683337678e-09 3.576748833477585286e-11 4.366615111693875111e-06
2.013387587385212828e+04 3.828414054232600544e-09 2.340821426670777338e-11 4.366615111693875111e-06
2.241051528221264743e+04 2.991920111853836262e-09 1.522818202994551114e-11 4.366615111693875111e-06
2.494458584929090648e+04 2.330069007715730744e-09 9.847252104814299885e-12 4.366615111693875111e-06
2.776519662118276028e+04 1.809062761962998284e-09 6.328975396767725243e-12 4.366615111693875111e-06
3.090474815138586200e+04 1.399876244444057960e-09 4.042654532425024132e-12 4.366615111693875111e-06
3.439930468822552211e+04 1.080072639671483511e-09 2.565918057623166997e-12 4.366615111693875111e-06
3.828900844740607135e+04 8.308853264686907870e-10 1.618274546801368434e-12 4.366615111693875111e-06
4.261854072845193878e+04 6.373627894953686234e-10 1.014036594089861616e-12 4.366615111693875111e-06
4.743763517192281142e+04 4.875444990969369824e-10 6.312099147082447190e-13 4.366615111693875111e-06
