1.047376681114152053e+00 3.446480869243977581e-07 1.243081211100866605e-05 8.461594994075237343e-08
1.147378904865844262e+00 3.446471802670847284e-07 1.321992272943933483e-05 8.461594994075237343e-08
1.256929216650817027e+00 3.446460923628133983e-07 1.404357279732814141e-05 8.461594994075237343e-08
1.376939256047382987e+00 3.446447870153659139e-07 1.490110191614190778e-05 8.461594994075237343e-08
1.508407704847735342e+00 3.446432208158419401e-07 1.579057345115795767e-05 8.461594994075237343e-08
1.652428597740346783e+00 3.446413417124140953e-07 1.671291010841582068e-05 8.461594994075237343e-08
1.810200426485989444e+00 3.446390872995434257e-07 1.766584851010476984e-05 8.461594994075237343e-08
1.983036113349190055e+00 3.446363827729762205e-07 1.864701497775706783e-05 8.461594994075237343e-08
2.172373936780469084e+00 3.446331384871629369e-07 1.965324684579939892e-05 8.461594994075237343e-08
2.379789500269210656e+00 3.446292470405866998e-07 2.063428009627239453e-05 8.461594994075237343e-08
2.607008843967693057e+00 3.446245798017413134e-07 2.167030924566493806e-05 8.461594994075237343e-08
2.855922808196662110e+00 3.446189827741321414e-07 2.271180224339931563e-05 8.461594994075237343e-08
3.128602768360589703e+00 3.446122716827228420e-07 2.383989535235652918e-05 8.461594994075237343e-08
3.427317872213148320e+00 3.446042261469458490e-07 2.489545366582065705e-05 8.461594994075237343e-08
3.754553922915217612e+00 3.445945827871940288e-07 2.594094220407274011e-05 8.461594994075237343e-08
4.113034065023922992e+00 3.445830270934420819e-07 2.696544441261596400e-05 8.461594994075237343e-08
4.505741445554233060e+00 3.445691838676773855e-07 2.795821949783275042e-05 8.461594994075237343e-08
4.935944038690323943e+00 3.445526060382433011e-07 2.890897118143392658e-05 8.461594994075237343e-08
5.407221840729851792e+00 3.445327616371135515e-07 2.979899369452805119e-05 8.461594994075237343e-08
5.923496661567464905e+00 3.445090187349359623e-07 3.062083158175972594e-05 8.461594994075237343e-08
6.489064760632228257e+00 3.444806281494577194e-07 3.135407886220172681e-05 8.461594994075237343e-08
7.108632598863702690e+00 3.444467037886429380e-07 3.198657278840886159e-05 8.461594994075237343e-08
7.787356004242504071e+00 3.444062005704833914e-07 3.250073445652599646e-05 8.461594994075237343e-08
8.530883076796710540e+00 3.443578899890596333e-07 3.288086862315889146e-05 8.461594994075237343e-08
9.345401190125155466e+00 3.443003335836831740e-07 3.311107481017318814e-05 8.461594994075237343e-08
1.023768848056787562e+01 3.442318548266706538e-07 3.317788179516199901e-05 8.461594994075237343e-08
1.121517025249811894e+01 3.441505102823088469e-07 3.306898546696850858e-05 8.461594994075237343e-08
1.228598076912194514e+01 3.440540613007307641e-07 3.277628479867047235e-05 8.461594994075237343e-08
1.345903094298667391e+01 3.439399479718829710e-07 3.229507729484206444e-05 8.461594994075237343e-08
1.474408248949403344e+01 3.438052675222480530e-07 3.162802599117851832e-05 8.461594994075237343e-08
1.615182916049993622e+01 3.436467596954359461e-07 3.077566233660448985e-05 8.461594994075237343e-08
1.769398573399677943e+01 3.434608017767605267e-07 2.975614674292680815e-05 8.461594994075237343e-08
1.938338550041915553e+01 3.422145582172104379e-07 2.858590921563345470e-05 8.461594994075237343e-08
2.123408705682203390e+01 3.419614029825725950e-07 2.728779493961811745e-05 8.461594994075237343e-08
2.326149129763491885e+01 3.416679592771722317e-07 2.588843632225669292e-05 8.461594994075237343e-08
2.548246957554494685e+01 3.413293890562687762e-07 2.441624004793311798e-05 8.461594994075237343e-08
2.791550409902576035e+01 3.409406498280974259e-07 2.289937776114155338e-05 8.461594994075237343e-08
3.058084173484374801e+01 3.404965359991945702e-07 2.136510107508398458e-05 8.461594994075237343e-08
3.350066249544163099e+01 3.399917066208493260e-07 1.983743421982480314e-05 8.461594994075237343e-08
3.669926411328104621e+01 3.394206930957258177e-07 1.833732057167816162e-05 8.461594994075237343e-08
4.020326423812159788e+01 3.387778843791198974e-07 1.688123720989027993e-05 8.461594994075237343e-08
4.404182193983774596e+01 3.380574913317598316e-07 1.548012332353642198e-05 8.461594994075237343e-08
4.824688036005658631e+01 3.382779003744719834e-07 1.414120304501411343e-05 8.461594994075237343e-08
5.285343253186462675e+01 3.373835431166342220e-07 1.286756758845337015e-05 8.461594994075237343e-08
5.789981257965639116e+01 3.363928499028476753e-07 1.166142122063503094e-05 8.461594994075237343e-08
6.342801472237731275e+01 3.352986317706087132e-07 1.052188308271073459e-05 8.461594994075237343e-08
6.948404273480723248e+01 3.340930393362293662e-07 9.447733574217514048e-06 8.461594994075237343e-08
7.611829277496100588e+01 3.327674613520257638e-07 8.438406953543012163e-06 8.461594994075237343e-08
8.338597276338916231e+01 3.313124373520052069e-07 7.496315868053891711e-06 8.461594994075237343e-08
9.134756180427312700e+01 3.297175850181152205e-07 6.626270114266292963e-06 8.461594994075237343e-08
1.000693134715016583e+02 3.279715314480019591e-07 5.826980864727364457e-06 8.461594994075237343e-08
1.096238071478445875e+02 3.260618498683335824e-07 5.098185898211216178e-06 8.461594994075237343e-08
1.200905520053401574e+02 3.239749961770116480e-07 4.434791344336429020e-06 8.461594994075237343e-08
1.315566486529429255e+02 3.216962453781668718e-07 3.837413432945022282e-06 8.461594994075237343e-08
1.441175139575057074e+02 3.192096332059573877e-07 3.307789876571446995e-06 8.461594994075237343e-08
1.578776750697290652e+02 3.164978969799857792e-07 2.843378235292071033e-06 8.461594994075237343e-08
1.729516392627509163e+02 3.135424325703991548e-07 2.437941706030917840e-06 8.461594994075237343e-08
1.894648468218269102e+02 3.093186502915261282e-07 2.084173304835068635e-06 8.461594994075237343e-08
2.075547149147497805e+02 3.058183170008259144e-07 1.774924352217782519e-06 8.461594994075237343e-08
2.273717811296867524e+02 3.020112413528496176e-07 1.503383516184130142e-06 8.461594994075237343e-08
2.490809561966414378e+02 2.978735711189934548e-07 1.267330370942891638e-06 8.461594994075237343e-08
2.728628963171397004e+02 2.933801649218788530e-07 1.065525164946636630e-06 8.461594994075237343e-08
2.989155065223001202e+02 2.885049380983274905e-07 8.937418540552623451e-07 8.461594994075237343e-08
3.274555875696430576e+02 2.841858462348253511e-07 7.469997182808922601e-07 8.461594994075237343e-08
3.587206400835506770e+02 2.784569698857826234e-07 6.220592632675305650e-07 8.461594994075237343e-08
3.929708409528589073e+02 2.722664957252900994e-07 5.163675922536382035e-07 8.461594994075237343e-08
4.304912084323515842e+02 2.655904140001648050e-07 4.272227270701397038e-07 8.461594994075237343e-08
4.715939739655653398e+02 2.584076258412305166e-07 3.524724254623772214e-07 8.461594994075237343e-08
5.166211804661829774e+02 2.507014165815589941e-07 2.898684777968416611e-07 8.461594994075237343e-08
5.659475286801639413e+02 2.424611191156586411e-07 2.376120426226404900e-07 8.461594994075237343e-08
6.199834953149968442e+02 2.336840513897006052e-07 1.942100223886212213e-07 8.461594994075237343e-08
6.791787488840413971e+02 2.243774005762666828e-07 1.582182373601197174e-07 8.461594994075237343e-08
7.440258916913708163e+02 2.145601363207745805e-07 1.284990847915546500e-07 8.461594994075237343e-08
8.150645590969156729e+02 2.042646392232596708e-07 1.040177613067654809e-07 8.461594994075237343e-08
8.928859101739425341e+02 1.935378659462845182e-07 8.392897451528253584e-08 8.461594994075237343e-08
9.781375471293952160e+02 1.824419034835131728e-07 6.748314620658237223e-08 8.461594994075237343e-08
1.071528904423998938e+03 1.710537259903993874e-07 5.407513480872627514e-08 8.461594994075237343e-08
1.173837152439038618e+03 1.594634280814119570e-07 4.316994198696145986e-08 8.461594994075237343e-08
1.285913664817961262e+03 1.477730596585356229e-07 3.433555118539645029e-08 8.461594994075237343e-08
1.408691103301366638e+03 1.360923309891603952e-07 2.720127489969925678e-08 8.461594994075237343e-08
1.543191179013896317e+03 1.245354040662276329e-07 2.146096356950128937e-08 8.461594994075237343e-08
1.690533154788281536e+03 1.132162717042035814e-07 1.686065151042801881e-08 8.461594994075237343e-08
1.851943159281576072e+03 1.022443702789108279e-07 1.318702182630009795e-08 8.461594994075237343e-08
2.028764390390979997e+03 9.171989002010164173e-08 1.026751127334748404e-08 8.461594994075237343e-08
2.222468292879554156e+03 8.173066037136669646e-08 7.955761661971569469e-09 8.461594994075237343e-08
2.434666803227443324e+03 7.234845550548932110e-08 6.135151182222780447e-09 8.461594994075237343e-08
2.667125763606631153e+03 6.362742209741752407e-08 4.707313761756365158e-09 8.461594994075237343e-08
2.921779616604781040e+03 5.560288988272592901e-08 3.593544776788141407e-09 8.461594994075237343e-08
3.200747502983503637e+03 4.829207522526164334e-08 2.729256566800122489e-09 8.461594994075237343e-08
3.506350896430803459e+03 4.169461650081265100e-08 2.062016739896835103e-09 8.461594994075237343e-08
3.841132922056807729e+03 3.579514712264736093e-08 1.549922206887063219e-09 8.461594994075237343e-08
4.207879519396391515e+03 3.056539165954904513e-08 1.158891512301455749e-09 8.461594994075237343e-08
4.609642626029024541e+03 2.596737998994988018e-08 8.621704671512434853e-10 8.461594994075237343e-08
5.049765574740205011e+03 2.195550936723258071e-08 6.381432302079832394e-10 8.461594994075237343e-08
5.531910915575709623e+03 1.848000125073196744e-08 4.700264513633277404e-10 8.461594994075237343e-08
6.060090894306204063e+03 1.548930628146567897e-08 3.445215348681922628e-10 8.461594994075237343e-08
6.638700840942902687e+03 1.293149069431798490e-08 2.513341291248481778e-10 8.461594994075237343e-08
7.272555746143336364e+03 1.075620782729590033e-08 1.825175968907141988e-10 8.461594994075237343e-08
7.966930329887627522e+03 8.915798029727273461e-09 1.319347682655261040e-10 8.461594994075237343e-08
8.727602935865841573e+03 7.366082824341474829e-09 9.495183559974916285e-11 8.461594994075237343e-08
9.560903616839295864e+03 6.066909480459359296e-09 6.802494702260067535e-11 8.461594994075237343e-08
