0.000000000000000000e+00
0.000000000000000000e+00
8.345383500058270595e-10
3.822858415934495553e-09
6.380195315931289427e-09
7.561466181226678129e-09
7.617986574890558441e-09
7.617985876311083756e-09
7.617985010772268203e-09
7.617983938361489175e-09
7.617982609676001663e-09
7.617980963585783627e-09
7.617978924246431287e-09
7.617976397742915154e-09
7.617973267696743085e-09
7.617969389872582216e-09
7.617964585700519904e-09
7.617958633613254290e-09
7.617951259593760818e-09
7.617942123654513925e-09
7.617930804893028326e-09
7.617916781518190154e-09
7.617899406928593999e-09
7.617877880275146978e-09
7.617851208875619521e-09
7.617818163281299487e-09
7.617777219605003634e-09
7.617726494895573945e-09
7.617663653632458052e-09
7.617585800122599190e-09
7.617489352276678282e-09
7.617369862665706082e-09
7.617221836941112785e-09
7.617038449937079178e-09
7.616811261331451124e-09
7.616529811099286786e-09
7.616181135573203333e-09
7.615749187497310256e-09
7.615214087485737824e-09
7.614551201903026507e-09
7.613730033948578769e-09
7.612712850785577095e-09
7.611452879043933297e-09
7.609892305315072581e-09
7.607959750946770024e-09
7.605566724067181827e-09
7.602603989979788647e-09
7.598936348447230924e-09
7.594396973948693584e-09
7.588779916575998335e-09
7.581831304309727281e-09
7.573238507426878494e-09
7.562617253416466903e-09
7.549495512260594547e-09
7.533295452339489519e-09
7.513311568907984015e-09
7.488684606279591718e-09
7.458374986415037545e-09
7.421129556298015723e-09
7.375448121779047229e-09
7.319557292831597256e-09
7.251371955304337197e-09
7.168484691916935699e-09
7.068156733014074754e-09
6.947351601830535492e-09
6.802806977066603093e-09
6.631163543222775213e-09
6.429176088954559590e-09
6.194015768631167104e-09
5.923654277859627928e-09
5.617312718563845744e-09
5.275930994981059203e-09
4.902569300652430583e-09
4.502615852314530586e-09
4.083741624626433142e-09
3.655491620155863511e-09
3.228529797431434372e-09
2.813625150487892670e-09
2.420668585629263465e-09
2.057637781933446975e-09
1.730070879187655900e-09
1.440649883575019669e-09
1.189638765060819507e-09
9.752481251905569151e-10
7.944469464672099777e-10
6.435277687013836608e-10
5.186108626617656087e-10
4.159598081666634224e-10
3.321377476175266468e-10
2.640879259885947506e-10
2.091292635603412980e-10
1.649631679122815914e-10
1.296427731299464511e-10
1.015155769444724526e-10
7.921711770433237047e-11
6.160958312572918423e-11
4.776031676895306209e-11
3.691034321400897843e-11
2.843741792661268455e-11
2.184546315660887976e-11
1.673323646352229211e-11
