9.553061912784186670e-09
1.012334921895539417e-08
1.060010655635505561e-08
1.097502901119528243e-08
1.127150591778846244e-08
1.147976849754670130e-08
1.159429187374264521e-08
1.163685280669920969e-08
1.164032341550006521e-08
1.164007587448517697e-08
1.163976939442092943e-08
1.163938979810897517e-08
1.163892013544922571e-08
1.163833940342217561e-08
1.163762174257319435e-08
1.163673538220957703e-08
1.163564126120187976e-08
1.163429213726492893e-08
1.163263035075969538e-08
1.163058550889532357e-08
1.162807245413138076e-08
1.162498688386638875e-08
1.162120921835756390e-08
1.161659699449101151e-08
1.161098077157926964e-08
1.160415904521965322e-08
1.159591457043754361e-08
1.158600092181936253e-08
1.157414347068270014e-08
1.156005304394289071e-08
1.154341927097258210e-08
1.152391871525514118e-08
1.150121402005352681e-08
1.147496398232809714e-08
1.144482603779981642e-08
1.141044421210263034e-08
1.137144769985072218e-08
1.132745304971806288e-08
1.127807479796399666e-08
1.122288492740749836e-08
1.116141493112494337e-08
1.109317644780532735e-08
1.101757650077954043e-08
1.093395763841976862e-08
1.084164217842030423e-08
1.073987803452001022e-08
1.062785000715258553e-08
1.050472835274034749e-08
1.036962032977934671e-08
1.022165351212849193e-08
1.005978751536818083e-08
9.883008000212094857e-09
9.690302429706839949e-09
9.480738570170120154e-09
9.253467710624652295e-09
9.007601108233812620e-09
8.742272004096703450e-09
8.456924426223051424e-09
8.140900482157515287e-09
7.814712763008072991e-09
7.477087524074498955e-09
7.112604172943348286e-09
6.730090736656740131e-09
6.332567194357996792e-09
5.921019287382490589e-09
5.500245181966620603e-09
5.073860065146431103e-09
4.646753633961311442e-09
4.222912686560612418e-09
3.807357285044278746e-09
3.404388141315958797e-09
3.018986472073208188e-09
2.654224216363784071e-09
2.313614307633568415e-09
1.999561322809449216e-09
1.713729896984044691e-09
1.456499835240114686e-09
1.227964194895077661e-09
1.027685831407447429e-09
8.530171112114827965e-10
7.033874916875750848e-10
5.761444231667666564e-10
4.692254365043133240e-10
3.799146954120494876e-10
3.060076729856585034e-10
2.451802637703064946e-10
1.957449152860717176e-10
1.555493454227353810e-10
1.231135326845951722e-10
9.704870646402363069e-11
7.623848494533849406e-11
5.967253654583270742e-11
4.655021486704455714e-11
3.618531907026758321e-11
2.803293941228640400e-11
2.165087695056495930e-11
1.665874365765497561e-11
1.276815715844209624e-11
9.745743057262127352e-12
7.402978782900665094e-12
5.590252697657821817e-12
