5.707184353622338957e-10
6.038015915226044578e-10
6.345770299257821491e-10
6.621147659750329750e-10
6.861450758690961652e-10
7.043003244394397973e-10
7.182483473453585915e-10
7.253840834450200078e-10
7.269408209976601659e-10
7.267334506217536115e-10
7.263637686405532764e-10
7.260965955982995667e-10
7.254032492345216837e-10
7.250900107895689877e-10
7.247262627150916571e-10
7.243059688974814551e-10
7.238227631314323947e-10
7.232697704341650122e-10
7.226402403106359254e-10
7.219268816540147047e-10
7.211215575172969130e-10
7.203316584042526742e-10
7.192955805016295636e-10
7.181456305747652278e-10
7.168692785824211121e-10
7.154532693865707508e-10
7.138832977304536316e-10
7.121439311682294696e-10
7.102182048396719459e-10
7.080348055475688387e-10
7.056922280848887787e-10
7.033557471786984083e-10
7.002665518464230907e-10
6.970823431365117364e-10
6.936052441003785909e-10
6.897788999996723653e-10
6.855741652446378239e-10
6.809767090962859337e-10
6.758806320074631849e-10
6.703222162546755769e-10
6.642383893828911449e-10
6.575894175015198836e-10
6.503399267776380476e-10
6.424504628178877138e-10
6.338772917727132051e-10
6.246575804965202971e-10
6.145233834485181716e-10
6.036713451241599542e-10
5.919819207443128614e-10
5.794277393055595389e-10
5.659801058104461244e-10
5.517146853850728770e-10
5.364511095195038367e-10
5.201700595398991190e-10
5.030616943511925325e-10
4.851765420718546523e-10
4.663232789303059859e-10
4.466592834118597588e-10
4.262792469480718616e-10
4.052500632318627716e-10
3.836546674080520741e-10
3.615994192021109112e-10
3.392071996563513785e-10
3.166175996936045449e-10
2.939774029974727911e-10
2.714454944683585811e-10
2.491988374296199780e-10
2.273971418671603796e-10
2.061821284846220565e-10
1.856917384663709844e-10
1.660655290851272237e-10
1.474253296306823201e-10
1.300086511286994567e-10
1.137528932580306598e-10
9.876565141055180238e-11
8.510363888986699794e-11
7.275121844033344274e-11
6.170250743741896005e-11
5.195328920148460603e-11
4.340938648410308777e-11
3.599550508693039604e-11
2.965342853493682695e-11
2.427364105985440030e-11
1.975326206684084530e-11
1.599331112000409939e-11
1.287652905447582393e-11
1.030772031167818294e-11
8.223191460058200251e-12
6.532646606419122789e-12
5.168714663331478843e-12
4.075898341927072940e-12
3.202512434638184137e-12
2.505998547611749026e-12
1.954774369241443085e-12
1.519815304386032901e-12
1.177624246067154040e-12
9.091963967053253274e-13
6.995881078487524818e-13
5.363966474595622376e-13
4.095767157677311455e-13
3.112161842197233753e-13
