0.000000000000000000e+00
0.000000000000000000e+00
1.767678138675241450e-08
8.698015557787594142e-08
1.566451937082922553e-07
2.023398603447802008e-07
2.240366982225501506e-07
2.462142399004218082e-07
2.703642869620136233e-07
2.965885600468906340e-07
3.249765327772305588e-07
3.556018097164570270e-07
3.885133868616476837e-07
4.237225068193804150e-07
4.611939381701518796e-07
5.008420707824171132e-07
5.425270699515372620e-07
5.860222286100166492e-07
6.310189759970211833e-07
6.771052881331548099e-07
7.237476323933448873e-07
7.702717704265316361e-07
8.158647533104258600e-07
8.595696059652806096e-07
9.002515970455799554e-07
9.366018337532025957e-07
9.671727566463897838e-07
9.904029491882112286e-07
1.004643716807985848e-06
1.008281338887632093e-06
9.999334152830643633e-07
9.786198519808895107e-07
9.440248527636664064e-07
8.968299061268208376e-07
8.389431340172505737e-07
7.736190262981141743e-07
7.052341354761613585e-07
6.386421171485206725e-07
5.784059223123105036e-07
5.274473922303225427e-07
4.856353319629218811e-07
4.491490292364874630e-07
4.116145932041335667e-07
3.676269364655698791e-07
3.172079327021437087e-07
2.671495549948303267e-07
2.262639399990640164e-07
1.968768216837004931e-07
1.725948309627583572e-07
1.471879976391762467e-07
1.226641373700533022e-07
1.029383965388671662e-07
8.687129147970234707e-08
7.277441464045313238e-08
6.057963367442202816e-08
5.047332618273652834e-08
4.206858125004793088e-08
3.502779368565950371e-08
2.924742398210053278e-08
2.448678730246670836e-08
2.057745428696170170e-08
1.738634530057086401e-08
1.479465402153796999e-08
1.268483118128337921e-08
1.096445938120620235e-08
9.556966566256834595e-09
8.397306515104188065e-09
7.431999072763175508e-09
6.616529283572070080e-09
5.914703564209392264e-09
5.297552915263129494e-09
4.743336402888215643e-09
4.235917865489279701e-09
3.764487446266579561e-09
3.322812265570167411e-09
2.908506331908413111e-09
2.521717724599450561e-09
2.164204242604076547e-09
1.838357742527335912e-09
1.546110296528971936e-09
1.288420908290329037e-09
1.064854368319585197e-09
8.737588031839845650e-10
7.124495059717723244e-10
5.777147077236935172e-10
4.661444573448173596e-10
3.744112393490267404e-10
2.994485150692317469e-10
2.385262751531474797e-10
1.892652416094226752e-10
1.496158126125679390e-10
1.178424167200749686e-10
9.249145407461587355e-11
7.234370539783973290e-11
5.639791214144350034e-11
4.382512493046585579e-11
3.394878269421121701e-11
2.621907938769477341e-11
2.018942533851495876e-11
1.550179723517775391e-11
1.186897673613027404e-11
