0.000000000000000000e+00
0.000000000000000000e+00
4.531354012856924410e-10
1.946876002234983046e-09
3.063295976957857430e-09
3.497165288702524753e-09
3.515065182523599811e-09
3.515064851060493060e-09
3.515064440372818147e-09
3.515063931531103445e-09
3.515063301075019099e-09
3.515062520009373730e-09
3.515061552368825799e-09
3.515060353584683723e-09
3.515058868434224225e-09
3.515057028495933215e-09
3.515054749004038188e-09
3.515051924922874888e-09
3.515048426113934032e-09
3.515044091341957973e-09
3.515038720862995856e-09
3.515032067085831874e-09
3.515023823209915089e-09
3.515013609287382244e-09
3.515000954028486891e-09
3.514985274260804750e-09
3.514965847008983388e-09
3.514941778411413211e-09
3.514911961009761148e-09
3.514875020511920068e-09
3.514829256846125308e-09
3.514772562638746357e-09
3.514702327227620332e-09
3.514615315463720268e-09
3.514507520856802168e-09
3.514373980312858403e-09
3.514208544436531223e-09
3.514003598494130903e-09
3.513749705213262898e-09
3.513435187704148314e-09
3.513045566650595046e-09
3.512562941183142055e-09
3.511965120760262939e-09
3.511224669399913676e-09
3.510307724642238748e-09
3.509172348069267926e-09
3.507766675660577701e-09
3.506026618479190784e-09
3.503873035888800393e-09
3.501208262240382142e-09
3.497911963662399253e-09
3.493835852731621206e-09
3.488797761911482603e-09
3.482574032887737834e-09
3.474890857550780955e-09
3.465414097639918461e-09
3.453736963203455249e-09
3.439367516549885913e-09
3.421713176201811481e-09
3.400065711844089515e-09
3.373587533641378602e-09
3.341297146543942158e-09
3.302062001501197450e-09
3.254597910442564278e-09
3.197485106502754631e-09
3.129204002086019578e-09
3.048200984914155220e-09
2.952989482537938510e-09
2.842295435369623206e-09
2.715240412903885979e-09
2.571553454048478489e-09
2.411788037076483110e-09
2.236321959202017241e-09
2.050319688557330499e-09
1.856116595756196343e-09
1.658227703907217466e-09
1.461630139836150876e-09
1.271276841570916862e-09
1.091650113137206677e-09
9.265666051313096591e-10
7.775983653461896023e-10
6.466219783978509496e-10
5.333203279766642092e-10
4.367660399389731181e-10
3.554814752345165620e-10
2.877277327572419301e-10
2.317147459515777582e-10
1.857303425594642971e-10
1.482137933391951909e-10
1.177787221464529526e-10
9.321646203341793070e-11
7.349143327239190990e-11
5.772604914749322865e-11
4.518457643105269427e-11
3.523829563568469208e-11
2.739279201978105620e-11
2.122550737781980963e-11
1.639577987199003249e-11
1.262687838238270600e-11
9.695822761012656313e-12
7.423704743600050163e-12
