3.888364105660130184e-07
4.297791973461790038e-07
4.702228315541394200e-07
5.118790222957800416e-07
5.542582189726089524e-07
5.965927680523617300e-07
6.378074137033009365e-07
6.775394287334830526e-07
7.162038324741329902e-07
7.550650047490356621e-07
7.940966976704527626e-07
8.327398826231467071e-07
8.707633268247853536e-07
9.076456055372733656e-07
9.429496685314473935e-07
9.760211085346295905e-07
1.006230248655924557e-06
1.033025860365442727e-06
1.055619890596179955e-06
1.073336561951115635e-06
1.085546621019563550e-06
1.091589476362000707e-06
1.090719986261846118e-06
1.083002586430039375e-06
1.067730774440053304e-06
1.044916626754374219e-06
1.014816172723680613e-06
9.778660520528591767e-07
9.347879317240608962e-07
8.864231059438606249e-07
8.339192544662180905e-07
7.771250151490568813e-07
7.204784225064994412e-07
6.625606352715064046e-07
6.049621225869802338e-07
5.489233888105192388e-07
4.950633295617098921e-07
4.441497169111702213e-07
3.964313795946838160e-07
3.520674412345902054e-07
3.110266019383533741e-07
2.731526130853252120e-07
2.383736853153329588e-07
2.065141768387504427e-07
1.773639553275772287e-07
1.509717458821355394e-07
1.275313872181957996e-07
1.071964241021914731e-07
8.983469230674474098e-08
7.506025366551040154e-08
6.243261516059108774e-08
5.152377686512313585e-08
4.223962820559816349e-08
3.448518953003565591e-08
2.806776986750237797e-08
2.273556832867763279e-08
1.831169460239069827e-08
1.469313242594226052e-08
1.173998531061071541e-08
9.339314762561685909e-09
7.389335350912631895e-09
5.835591513909591010e-09
4.576209750470591097e-09
3.579365927660213429e-09
2.790862288017795338e-09
2.162773268926216432e-09
1.668885624852990426e-09
1.280829881248276233e-09
9.778159904861352496e-10
7.436040346613364173e-10
5.618600520859500271e-10
4.220191461842911020e-10
3.151508764102951874e-10
2.337972747643730210e-10
1.723172956980224878e-10
1.261385614547215583e-10
9.169189002653463672e-11
6.619281990384977189e-11
4.743427973356121508e-11
3.374015678316592261e-11
2.383463836028267307e-11
1.671727619812249333e-11
1.164664441760619669e-11
8.063890784461962645e-12
5.547172385736351823e-12
3.792600363105515215e-12
2.579014612019137222e-12
1.743671110714720294e-12
1.173532169222021639e-12
7.856931512017008301e-13
5.237277390136512976e-13
3.474664969482576677e-13
2.296006898875855444e-13
1.509503894484383465e-13
9.869833112607932419e-14
6.413922016107548261e-14
4.140857247228085901e-14
2.656547721937303310e-14
1.693009903516663790e-14
1.071410194909787360e-14
6.729597044490402240e-15
