3.315109229712409937e-13
3.287242955063521216e-13
3.268217182765335581e-13
3.238835446259202058e-13
3.181923238770500739e-13
3.151891618281660311e-13
3.108713457272939553e-13
3.064651198528593172e-13
3.024627729662833074e-13
2.982328336226103714e-13
2.907169591747384417e-13
2.863249007539392694e-13
2.816527636493094977e-13
2.752291197446658809e-13
2.707298457189618917e-13
2.660039871075077543e-13
2.606150721140911305e-13
2.534717064520048917e-13
2.489914756116078488e-13
2.436064847432425416e-13
2.377012438657624202e-13
2.326659340431287999e-13
2.279647666682507954e-13
2.204219013875029045e-13
2.160796533127838839e-13
2.104868458042252661e-13
2.057101543334294407e-13
1.997434504862174229e-13
1.949129232397706593e-13
1.894796509174084694e-13
1.838860836739540290e-13
1.783967744823286818e-13
1.733402147664102478e-13
1.679721059088230044e-13
1.625997580348028412e-13
1.579940743599953765e-13
1.519460093979408500e-13
1.466327602085416635e-13
1.412554624661289651e-13
1.360449385078206133e-13
1.302828438619857621e-13
1.255089230963308072e-13
1.203200940099436934e-13
1.151286251526652335e-13
1.101232740253638148e-13
1.048431871423794334e-13
9.974948855748417263e-14
9.462009026631382609e-14
8.970919874891073870e-14
8.476332989868695045e-14
7.988707223622628926e-14
7.506852546503750116e-14
7.031780200320793927e-14
6.566738486939486011e-14
6.110169768981066242e-14
5.663438041252011339e-14
5.228153639998934110e-14
4.804808237798973228e-14
4.396205402845721583e-14
3.999234993673899883e-14
3.620032625436759720e-14
3.257791565091826550e-14
2.911453049821636351e-14
2.584943811178869809e-14
2.276934440458016598e-14
1.990988831990559079e-14
1.722838203445356684e-14
1.480847326408635235e-14
1.258208210527089005e-14
1.057791137723460520e-14
8.779004748474462127e-15
7.192451854959965323e-15
5.808767234609919745e-15
4.618078318050494158e-15
3.606071312398135971e-15
2.761812354644259403e-15
2.068509206366701031e-15
1.510730482992797768e-15
1.072292195090748306e-15
7.359114875062840554e-16
4.853950821514373290e-16
3.055072329840041428e-16
1.815172047568589923e-16
1.004561626074095852e-16
5.085446621118862893e-17
2.297409341302069985e-17
8.958574583554688352e-18
2.878499269661733786e-18
6.515892086901564419e-19
3.482876254294668797e-20
0.000000000000000000e+00
0.000000000000000000e+00
0.000000000000000000e+00
0.000000000000000000e+00
0.000000000000000000e+00
0.000000000000000000e+00
0.000000000000000000e+00
0.000000000000000000e+00
0.000000000000000000e+00
0.000000000000000000e+00
0.000000000000000000e+00
