2.499291764122900551e-08
2.732422817468679787e-08
2.977168936881524170e-08
3.234524468611453566e-08
3.498634566434492143e-08
3.766869875362053358e-08
4.031423783717353568e-08
4.283151719895071902e-08
4.514511601429089058e-08
4.737004773451433967e-08
4.958825206813905060e-08
5.177866977285221744e-08
5.392890483315519439e-08
5.600819174769961905e-08
5.799131397743894040e-08
5.979183004699782398e-08
6.156036060535636750e-08
6.308392532675693895e-08
6.439708493856791128e-08
6.546514363638742072e-08
6.625234671804325060e-08
6.673422763402807327e-08
6.688378445435628401e-08
6.667812928455733182e-08
6.608914963286195189e-08
6.511644507005671711e-08
6.375024742275408549e-08
6.199341100313040875e-08
5.985575005858970222e-08
5.736580841569513416e-08
5.455888948637991061e-08
5.148012211961950250e-08
4.819477542670647268e-08
4.475750374151857568e-08
4.122440097458672644e-08
3.774589806214236692e-08
3.430155962793724130e-08
3.100810300615493699e-08
2.788679332194074948e-08
2.498035312388380893e-08
2.229634739383665889e-08
1.982843971732226066e-08
1.755284912180134589e-08
1.544813255490423357e-08
1.349073681500982449e-08
1.168025850580849937e-08
1.002624733831962098e-08
8.547936221785147443e-09
7.274178713604812621e-09
6.188981049350008700e-09
5.265862501191047254e-09
4.465110292435890929e-09
3.764285570880176781e-09
3.163601270890024197e-09
2.661167943062603698e-09
2.243173540813642841e-09
1.888758293160914821e-09
1.590531410360106423e-09
1.343604183599857560e-09
1.136651288484592045e-09
9.641181557727644607e-10
8.202156328843393595e-10
7.000164022507197949e-10
5.988596011644380866e-10
5.138277412550136622e-10
4.418876501378646280e-10
3.806707424175478655e-10
3.283002778542299531e-10
2.832162198149425275e-10
2.441876026725936981e-10
2.102396701428219022e-10
1.805828307098656998e-10
1.547644972097188184e-10
1.321170834979967543e-10
1.123028868264935627e-10
9.501928850034243809e-11
7.996333744830885527e-11
6.691278576010799082e-11
5.567872305256524198e-11
4.606120138181361600e-11
3.787928051225066525e-11
3.097194913463694233e-11
2.519653787620798740e-11
2.039261340523161024e-11
1.643332881263493902e-11
1.317743203791564482e-11
1.051223713682802603e-11
8.361370184120864256e-12
6.625486650319454445e-12
5.230761978687950579e-12
4.117155021950434037e-12
3.229818146720726681e-12
2.523988409651656395e-12
1.966574858711918055e-12
1.527513038974525534e-12
1.182616161139586038e-12
9.124126254080521214e-13
7.016473497521060561e-13
5.377010915316212982e-13
4.104044362607087419e-13
3.117356612044403439e-13
