0.000000000000000000e+00
0.000000000000000000e+00
1.216951822658112413e-08
5.768845999543790821e-08
1.003045809620882340e-07
1.267141204536064629e-07
1.404410522201521845e-07
1.546799417911450819e-07
1.701822093362484676e-07
1.870122719906143601e-07
2.052263643203140168e-07
2.248706202955389542e-07
2.459750511184845340e-07
2.685446300236506502e-07
2.925543801443276536e-07
3.179472576087214591e-07
3.446309427481233338e-07
3.724566264735961099e-07
4.009512581004974526e-07
4.303737327275345915e-07
4.601222550324975251e-07
4.900772376976143115e-07
5.187629340886942195e-07
5.465129094454614088e-07
5.722779093104389765e-07
5.952147644085007143e-07
6.143945967055142629e-07
6.288177219901375028e-07
6.374292480829029621e-07
6.392056687302128894e-07
6.332795030583952064e-07
6.190481261509952755e-07
5.963470295820929385e-07
5.656628210208847224e-07
5.282775997817433717e-07
4.863294409769963570e-07
4.426595500036239015e-07
4.003729048247411878e-07
3.623490412373292359e-07
3.303513590874971236e-07
3.041179642862362282e-07
2.810304609408088618e-07
2.569264448319194738e-07
2.285359210203230538e-07
1.960523159206119121e-07
1.643280304046667518e-07
1.388257678238103780e-07
1.206472333346740000e-07
1.052857065175225719e-07
8.890924959599990584e-08
7.338671867706700180e-08
6.113127557956688701e-08
5.102480345287664269e-08
4.208524298449460267e-08
3.443564964713413328e-08
2.810426185449780416e-08
2.282417311226118938e-08
1.842008378690414180e-08
1.481318802200757239e-08
1.184958054045195480e-08
9.427798452056893342e-09
7.465018384310169085e-09
5.885958035947352424e-09
4.618081278452427125e-09
3.604909007734049604e-09
2.799570095008663673e-09
2.162474442116218562e-09
1.661279635354251474e-09
1.269141381449585188e-09
9.638560313941596882e-10
7.274491772168228980e-10
5.455308619813477708e-10
4.063784657395233355e-10
3.005865873925536753e-10
2.206862452654036264e-10
1.608051834186862588e-10
1.162473869169906514e-10
8.335002094905951104e-11
5.928241888124650842e-11
4.182958180292996117e-11
2.928919009666848887e-11
2.035262342537678817e-11
1.404705955559437260e-11
9.630044090164064376e-12
6.559522207318894828e-12
4.440563825230534187e-12
2.988481547204852395e-12
1.999560288948543278e-12
1.331116920516015790e-12
8.829860371186030861e-13
5.839154145627668874e-13
3.845374209041665003e-13
2.518615482265490866e-13
1.639901627033817547e-13
1.061235883134324529e-13
6.826726392978057141e-14
4.363237280499490449e-14
2.771524612182819301e-14
1.749729958274533518e-14
1.097154965561873421e-14
6.833770738458177351e-15
