0.000000000000000000e+00
0.000000000000000000e+00
1.262265482111967375e-08
5.963538584283532786e-08
1.033679701606471173e-07
1.302113307966560661e-07
1.439561662314000462e-07
1.581950549971955623e-07
1.736973215446478727e-07
1.905273829629254827e-07
2.087414737611102673e-07
2.283857278389596712e-07
2.494901563113033250e-07
2.720597323043772095e-07
2.960694788173282323e-07
3.214623518121589858e-07
3.481460314142574037e-07
3.759717082795490889e-07
4.044663314072835635e-07
4.338887955045339037e-07
4.636373047639318174e-07
4.935922712663515690e-07
5.222779476324681788e-07
5.500278981792640487e-07
5.757928673047587688e-07
5.987296843177280741e-07
6.179094694286317966e-07
6.323325362560760985e-07
6.409439899323781722e-07
6.427203208686198170e-07
6.367940440660700309e-07
6.225625294963658596e-07
5.998612624030100687e-07
5.691768426136479983e-07
5.317913597365996825e-07
4.898428768685428736e-07
4.461725845308465404e-07
4.038854422847727235e-07
3.658609631494920717e-07
3.338625188312102941e-07
3.076281804141631897e-07
2.845395090512299799e-07
2.604340474315231317e-07
2.320417352132351702e-07
1.995559184508635782e-07
1.678288990405685812e-07
1.423232587716849258e-07
1.241405538581038195e-07
1.087738818835870613e-07
9.239108338093384427e-08
7.686074567886100488e-08
6.459570590657207776e-08
5.447745805543473211e-08
4.552347933704394601e-08
3.785627877259616921e-08
3.150345820306030827e-08
2.619737937050772702e-08
2.176191844706663017e-08
1.811736014153563701e-08
1.510882450629899208e-08
1.263384197257230399e-08
1.060859368804988424e-08
8.956875216953925589e-09
7.605369659783551966e-09
6.497033332460176173e-09
5.584713085164752698e-09
4.828868873323614829e-09
4.197565396970821784e-09
3.664721589750534721e-09
3.209235726683825663e-09
2.813446436060656042e-09
2.467053849518248835e-09
2.159142161818229175e-09
1.882669577215680966e-09
1.632833166512682321e-09
1.406636663907797074e-09
1.202306269057603558e-09
1.018916435101781859e-09
8.559839227082215481e-10
7.131796432386857514e-10
5.892139828721038722e-10
4.834567828438707591e-10
3.942170232356883172e-10
3.197014383044354571e-10
2.580248759001535631e-10
2.073426157023431563e-10
1.659446471020730520e-10
1.323038654165373437e-10
1.050958082360665171e-10
8.318700489231037278e-11
6.561659504805829620e-11
5.158069635701558458e-11
4.041225792906447121e-11
3.156127980416718818e-11
2.456507807269696628e-11
1.906210320091629555e-11
1.474696104310207241e-11
1.137508897166574962e-11
8.748988285698298929e-12
6.710318193388394435e-12
5.132557782094527802e-12
