2.668854018460908442e-08
2.938499346776964296e-08
3.241476844966471315e-08
3.558573511185271575e-08
3.905666532234432328e-08
4.268832341350223327e-08
4.655906694186591039e-08
5.057748011481555854e-08
5.469653043358931574e-08
5.884825602963033827e-08
6.298555988922487006e-08
6.696663181111756399e-08
7.063834050769462396e-08
7.415057763840342603e-08
7.765340600964367289e-08
8.111748303145725797e-08
8.450496435608352203e-08
8.778305441129453925e-08
9.091275548677974932e-08
9.385294767395241166e-08
9.654554573766913560e-08
9.894963440266803324e-08
1.010155083044961665e-07
1.026904411705915224e-07
1.039488685885274626e-07
1.046753716528661671e-07
1.048990494609633478e-07
1.046018467685959326e-07
1.036266050902750132e-07
1.020746821502229115e-07
9.988091506157617402e-08
9.712033287089664346e-08
9.374760724970266974e-08
8.981465082104408533e-08
8.539691842468531355e-08
8.056324838273814147e-08
7.539930707724820138e-08
7.001284912748899469e-08
6.451706594530772694e-08
5.902112002384939196e-08
5.364235062697672297e-08
4.847729525324248537e-08
4.358661617883691346e-08
3.903180316753734170e-08
3.482234580053181107e-08
3.094464949610528553e-08
2.737372878602469129e-08
2.407211292113708186e-08
2.100971580436118696e-08
1.818145672500328183e-08
1.560387380832944219e-08
1.330115739667851085e-08
1.130254318287895976e-08
9.600575137908270968e-09
8.154679164520605110e-09
6.904895390880364550e-09
5.815397341125702380e-09
4.878282478183845676e-09
4.095116258950396421e-09
3.444212036160656106e-09
2.893562397896308087e-09
2.431058488105986119e-09
2.047919710262588741e-09
1.730119449843224095e-09
1.462609087544512343e-09
1.241392940586956048e-09
1.057090679826527245e-09
9.029924274961419362e-10
7.736823314734007820e-10
6.646848330924406037e-10
5.722895120754981944e-10
4.935259822843488363e-10
4.261661865557421691e-10
3.679856981879603268e-10
3.175464599611244273e-10
2.736375389382060983e-10
2.353239059195396127e-10
2.016016966813001808e-10
1.723557739215553508e-10
1.467664486687916736e-10
1.244245972426815886e-10
1.049413525934715550e-10
8.812471107841837704e-11
7.359281599627838351e-11
6.112400973647018884e-11
5.050940124238894028e-11
4.150163239880108986e-11
3.391885441937530546e-11
2.758101891234461416e-11
2.229200898391794915e-11
1.798840300229906418e-11
1.442301068206343009e-11
1.151514425696867937e-11
9.154709144994907615e-12
7.250491329859632879e-12
5.719162021263690600e-12
4.497585793557054285e-12
3.522877152190162217e-12
2.750169976678084677e-12
2.138990731501440464e-12
1.658338010545780394e-12
