0.000000000000000000e+00
0.000000000000000000e+00
5.444755846150444577e-10
2.751893732872193150e-09
5.076155359362339684e-09
6.663447673968347644e-09
7.404402742776376301e-09
8.155984257778117755e-09
8.974490635581226037e-09
9.863395271114724620e-09
1.082575505100534800e-08
1.186409486734008546e-08
1.298011628258006279e-08
1.417425470093438176e-08
1.544537697260464308e-08
1.679063363326156136e-08
1.820534459889282592e-08
1.968192670502106104e-08
2.120999520173347390e-08
2.277567287028446448e-08
2.436099644709239919e-08
2.594321712025707499e-08
2.749486983093850761e-08
2.898360160009753325e-08
3.037106363347282454e-08
3.161297931863290663e-08
3.266028667962865880e-08
3.346006384610229635e-08
3.395616857774019312e-08
3.409384189108820919e-08
3.382543810066296458e-08
3.311734722554064023e-08
3.195745829940986129e-08
3.036795148165230727e-08
2.841181940367344813e-08
2.619803425959378557e-08
2.387402992613831891e-08
2.160450543514383545e-08
1.954529924136603857e-08
1.779829656345049214e-08
1.636371362827974493e-08
1.511655654818411594e-08
1.384295296930240452e-08
1.235652920961821451e-08
1.064888074078674567e-08
8.942004122825524157e-09
7.535135313124869245e-09
6.519427363002470328e-09
5.689466499856846800e-09
4.829039933700191054e-09
3.991925667757322520e-09
3.312089876508694561e-09
2.761873864671608727e-09
2.281112281070310933e-09
1.863399215416663194e-09
1.517335488933751394e-09
1.230401053573738643e-09
9.900805772218891554e-10
7.931947410224913444e-10
6.317022604227255204e-10
4.997583024080971068e-10
3.928251125643685796e-10
3.069535678924802742e-10
2.381854195729444336e-10
1.834123964043912339e-10
1.400870235269671431e-10
1.060498522314259067e-10
7.953102192666505320e-11
5.904352675637426580e-11
4.338228397468564620e-11
3.150625990313366291e-11
2.261905801483211822e-11
1.605030075264317447e-11
1.125724017328879505e-11
7.804474124222363107e-12
5.396251700044173308e-12
3.628686691773681612e-12
2.434319142676598437e-12
1.615786475659606169e-12
1.061407648480807957e-12
6.900520481478722749e-13
4.438570046035094382e-13
2.825042473491849069e-13
1.778678842551666202e-13
1.107386204097602407e-13
6.813339577691459449e-14
4.140682831074288164e-14
2.483463674558954472e-14
1.468852284273946088e-14
8.565936874990308334e-15
4.920653177754835812e-15
2.776452904190276734e-15
1.531750393237991821e-15
8.227423346974878246e-16
4.283025879993532971e-16
2.148560112927431048e-16
1.031579825873177340e-16
4.698443361660099959e-17
2.008310160232063573e-17
7.954431055875098138e-18
2.873130129845070316e-18
