6.071420135398057913e-10
6.637726558056883020e-10
7.226533182548228068e-10
7.857488122986849543e-10
8.498962066256548334e-10
9.150591187718293690e-10
9.793180057977333863e-10
1.040463641631760195e-09
1.096648535276841346e-09
1.150687051410981501e-09
1.204572295595466949e-09
1.257774576369502867e-09
1.310007238009372296e-09
1.360507188646836311e-09
1.408665585632445272e-09
1.452388868319727464e-09
1.495327689364765711e-09
1.532316348475635805e-09
1.564191485615338056e-09
1.590109620577211145e-09
1.609201105055932760e-09
1.620871756316055593e-09
1.624470413605655518e-09
1.619434285566309790e-09
1.605084453593773620e-09
1.581409055519530274e-09
1.548170067584522950e-09
1.505437790811388704e-09
1.453450230156731878e-09
1.392902066562508830e-09
1.324648070506221358e-09
1.249780333659976448e-09
1.169901556126012494e-09
1.086324158232153886e-09
1.000417529690031543e-09
9.158263522762417153e-10
8.320657287443128492e-10
7.519662510114119159e-10
6.760468257164394075e-10
6.053434022447821170e-10
5.400416401655738419e-10
4.799863390199640054e-10
4.245998448917974803e-10
3.733636786875138617e-10
3.257051260179600521e-10
2.816144464930375064e-10
2.413243837471069994e-10
2.053020983944532896e-10
1.742467161346451096e-10
1.477725222999702952e-10
1.252374184750681475e-10
1.056737003682859460e-10
8.854266869514603111e-11
7.385053123359947411e-11
6.154774636123621107e-11
5.130626328993100164e-11
4.260681858901130057e-11
3.528867116176542806e-11
2.922917191998327706e-11
2.415494708039747518e-11
1.993212919491018700e-11
1.642340805168303252e-11
1.351238314222722090e-11
1.108466326262082210e-11
9.071132891917712342e-12
7.397157815791749401e-12
6.008969830046996758e-12
4.859592210453548663e-12
3.907123626336588654e-12
3.120753277214044106e-12
2.476678776145454917e-12
1.948515125398368521e-12
1.521913798770702877e-12
1.177922533041712728e-12
9.034542426157042287e-13
6.866036435286623470e-13
5.167745652066204254e-13
3.850378886419444799e-13
2.845652289558111802e-13
2.083219241720887537e-13
1.509945660385158438e-13
1.085006910555395566e-13
7.728985285471501938e-14
5.457143030050885877e-14
3.821801740793978779e-14
2.655396904091735967e-14
1.831241174040451622e-14
1.257425352722348386e-14
8.532242607237498548e-15
5.773281227911419346e-15
3.881228244460163235e-15
2.596159615371751131e-15
1.726576234610920619e-15
1.141576345977662902e-15
7.498139166861192221e-16
4.884338213162788439e-16
3.151055726575989916e-16
2.010821225989356492e-16
1.267728723223904694e-16
7.898859457668037309e-17
4.873642734072098390e-17
