1.047376681114152053e+00 0.000000000000000000e+00 8.593887333563393622e+04 5.364000000000000000e+03
1.147378904865844262e+00 0.000000000000000000e+00 9.060191249409414013e+04 5.364000000000000000e+03
1.256929216650817027e+00 0.000000000000000000e+00 9.533907337324216496e+04 5.364000000000000000e+03
1.376939256047382987e+00 0.000000000000000000e+00 1.000971940479814220e+05 5.364000000000000000e+03
1.508407704847735342e+00 0.000000000000000000e+00 1.048915705980662460e+05 5.364000000000000000e+03
1.652428597740346783e+00 0.000000000000000000e+00 1.096940535753560252e+05 5.364000000000000000e+03
1.810200426485989444e+00 0.000000000000000000e+00 1.145151923494782968e+05 5.364000000000000000e+03
1.983036113349190055e+00 0.000000000000000000e+00 1.193722591690369736e+05 5.364000000000000000e+03
2.172373936780469084e+00 0.000000000000000000e+00 1.242440357880756201e+05 5.364000000000000000e+03
2.379789500269210656e+00 0.000000000000000000e+00 1.291869814889292902e+05 5.364000000000000000e+03
2.607008843967693057e+00 0.000000000000000000e+00 1.342376352255109814e+05 5.364000000000000000e+03
2.855922808196662110e+00 0.000000000000000000e+00 1.393073631516541063e+05 5.364000000000000000e+03
3.128602768360589703e+00 0.000000000000000000e+00 1.446727496605231136e+05 5.364000000000000000e+03
3.427317872213148320e+00 0.000000000000000000e+00 1.499152611237900273e+05 5.364000000000000000e+03
3.754553922915217612e+00 0.000000000000000000e+00 1.554855358726656705e+05 5.364000000000000000e+03
4.113034065023922992e+00 0.000000000000000000e+00 1.613079568661488884e+05 5.364000000000000000e+03
4.505741445554233060e+00 0.000000000000000000e+00 1.674650983159877942e+05 5.364000000000000000e+03
4.935944038690323943e+00 0.000000000000000000e+00 1.737635666673008818e+05 5.364000000000000000e+03
5.407221840729851792e+00 0.000000000000000000e+00 1.803591569530562556e+05 5.364000000000000000e+03
5.923496661567464905e+00 0.000000000000000000e+00 1.874211728079980821e+05 5.364000000000000000e+03
6.489064760632228257e+00 0.000000000000000000e+00 1.947031762612527527e+05 5.364000000000000000e+03
7.108632598863702690e+00 0.000000000000000000e+00 2.024541884537738806e+05 5.364000000000000000e+03
7.787356004242504071e+00 0.000000000000000000e+00 2.105143367214244208e+05 5.364000000000000000e+03
8.530883076796710540e+00 0.000000000000000000e+00 2.189669524930604675e+05 5.364000000000000000e+03
9.345401190125155466e+00 0.000000000000000000e+00 2.278390104518831649e+05 5.364000000000000000e+03
1.023768848056787562e+01 0.000000000000000000e+00 2.369696322765094810e+05 5.364000000000000000e+03
1.121517025249811894e+01 0.000000000000000000e+00 2.463879048823642370e+05 5.364000000000000000e+03
1.228598076912194514e+01 0.000000000000000000e+00 2.560627224251906155e+05 5.364000000000000000e+03
1.345903094298667391e+01 0.000000000000000000e+00 2.659333446580308955e+05 5.364000000000000000e+03
1.474408248949403344e+01 0.000000000000000000e+00 2.759160633576879627e+05 5.364000000000000000e+03
1.615182916049993622e+01 0.000000000000000000e+00 2.859186158226634143e+05 5.364000000000000000e+03
1.769398573399677943e+01 0.000000000000000000e+00 2.958285296856555506e+05 5.364000000000000000e+03
1.938338550041915553e+01 0.000000000000000000e+00 3.055176700190467527e+05 5.364000000000000000e+03
2.123408705682203390e+01 0.000000000000000000e+00 3.148417973214399535e+05 5.364000000000000000e+03
2.326149129763491885e+01 0.000000000000000000e+00 3.236354865926206112e+05 5.364000000000000000e+03
2.548246957554494685e+01 0.000000000000000000e+00 3.317171308472689125e+05 5.364000000000000000e+03
2.791550409902576035e+01 0.000000000000000000e+00 3.389291593755219365e+05 5.364000000000000000e+03
3.058084173484374801e+01 0.000000000000000000e+00 3.449433078759328346e+05 5.364000000000000000e+03
3.350066249544163099e+01 0.000000000000000000e+00 3.496630192520396085e+05 5.364000000000000000e+03
3.669926411328104621e+01 0.000000000000000000e+00 3.528251798106643255e+05 5.364000000000000000e+03
4.020326423812159788e+01 0.000000000000000000e+00 3.542177525723876897e+05 5.364000000000000000e+03
4.404182193983774596e+01 0.000000000000000000e+00 3.536400595877873711e+05 5.364000000000000000e+03
4.824688036005658631e+01 0.000000000000000000e+00 3.509224597410092829e+05 5.364000000000000000e+03
5.285343253186462675e+01 0.000000000000000000e+00 3.459387145299891126e+05 5.364000000000000000e+03
5.789981257965639116e+01 0.000000000000000000e+00 3.386149660669042496e+05 5.364000000000000000e+03
6.342801472237731275e+01 0.000000000000000000e+00 3.289643700045397854e+05 5.364000000000000000e+03
6.948404273480723248e+01 0.000000000000000000e+00 3.170840879854270024e+05 5.364000000000000000e+03
7.611829277496100588e+01 0.000000000000000000e+00 3.031765678557063220e+05 5.364000000000000000e+03
8.338597276338916231e+01 0.000000000000000000e+00 2.875528209080137312e+05 5.364000000000000000e+03
9.134756180427312700e+01 0.000000000000000000e+00 2.706147819693079218e+05 5.364000000000000000e+03
1.000693134715016583e+02 0.000000000000000000e+00 2.528485277153339994e+05 5.364000000000000000e+03
1.096238071478445875e+02 0.000000000000000000e+00 2.347772956963411998e+05 5.364000000000000000e+03
1.200905520053401574e+02 0.000000000000000000e+00 2.169184989509824954e+05 5.364000000000000000e+03
1.315566486529429255e+02 0.000000000000000000e+00 1.997159086890214239e+05 5.364000000000000000e+03
1.441175139575057074e+02 0.000000000000000000e+00 1.834865484950433311e+05 5.364000000000000000e+03
1.578776750697290652e+02 0.000000000000000000e+00 1.683820825627626909e+05 5.364000000000000000e+03
1.729516392627509163e+02 0.000000000000000000e+00 1.543726365956870141e+05 5.364000000000000000e+03
1.894648468218269102e+02 0.000000000000000000e+00 1.412951887935660779e+05 5.364000000000000000e+03
2.075547149147497805e+02 0.000000000000000000e+00 1.289041617003257998e+05 5.364000000000000000e+03
2.273717811296867524e+02 0.000000000000000000e+00 1.169515292686855682e+05 5.364000000000000000e+03
2.490809561966414378e+02 0.000000000000000000e+00 1.052597345442104124e+05 5.364000000000000000e+03
2.728628963171397004e+02 0.000000000000000000e+00 9.378288857502430619e+04 5.364000000000000000e+03
2.989155065223001202e+02 0.000000000000000000e+00 8.263752158030679857e+04 5.364000000000000000e+03
3.274555875696430576e+02 0.000000000000000000e+00 7.210683407629493740e+04 5.364000000000000000e+03
3.587206400835506770e+02 0.000000000000000000e+00 6.256777886110973486e+04 5.364000000000000000e+03
3.929708409528589073e+02 0.000000000000000000e+00 5.429882566605335160e+04 5.364000000000000000e+03
4.304912084323515842e+02 0.000000000000000000e+00 4.729486940308612247e+04 5.364000000000000000e+03
4.715939739655653398e+02 0.000000000000000000e+00 4.123250018549758533e+04 5.364000000000000000e+03
5.166211804661829774e+02 0.000000000000000000e+00 3.570912448794632655e+04 5.364000000000000000e+03
5.659475286801639413e+02 0.000000000000000000e+00 3.056642784084970845e+04 5.364000000000000000e+03
6.199834953149968442e+02 0.000000000000000000e+00 2.594379990927391918e+04 5.364000000000000000e+03
6.791787488840413971e+02 0.000000000000000000e+00 2.201854420033793576e+04 5.364000000000000000e+03
7.440258916913708163e+02 0.000000000000000000e+00 1.873972175659789355e+04 5.364000000000000000e+03
8.150645590969156729e+02 0.000000000000000000e+00 1.586381508531789586e+04 5.364000000000000000e+03
8.928859101739425341e+02 0.000000000000000000e+00 1.332015156757029217e+04 5.364000000000000000e+03
9.781375471293952160e+02 0.000000000000000000e+00 1.117327756561623391e+04 5.364000000000000000e+03
1.071528904423998938e+03 0.000000000000000000e+00 9.357651169138751357e+03 5.364000000000000000e+03
1.173837152439038618e+03 0.000000000000000000e+00 7.798033730659209141e+03 5.364000000000000000e+03
1.285913664817961262e+03 0.000000000000000000e+00 6.484196192313911524e+03 5.364000000000000000e+03
1.408691103301366638e+03 0.000000000000000000e+00 5.377088852173202213e+03 5.364000000000000000e+03
1.543191179013896317e+03 0.000000000000000000e+00 4.446229170516760860e+03 5.364000000000000000e+03
1.690533154788281536e+03 0.000000000000000000e+00 3.667515662357678139e+03 5.364000000000000000e+03
1.851943159281576072e+03 0.000000000000000000e+00 3.017718968868631237e+03 5.364000000000000000e+03
2.028764390390979997e+03 0.000000000000000000e+00 2.477018345162425703e+03 5.364000000000000000e+03
2.222468292879554156e+03 0.000000000000000000e+00 2.028866044523337678e+03 5.364000000000000000e+03
2.434666803227443324e+03 0.000000000000000000e+00 1.657896154923868608e+03 5.364000000000000000e+03
2.667125763606631153e+03 0.000000000000000000e+00 1.352254181586939012e+03 5.364000000000000000e+03
2.921779616604781040e+03 0.000000000000000000e+00 1.100522706784940738e+03 5.364000000000000000e+03
3.200747502983503637e+03 0.000000000000000000e+00 8.941245848803459921e+02 5.364000000000000000e+03
3.506350896430803459e+03 0.000000000000000000e+00 7.250080010254818035e+02 5.364000000000000000e+03
3.841132922056807729e+03 0.000000000000000000e+00 5.868897727875475994e+02 5.364000000000000000e+03
4.207879519396391515e+03 0.000000000000000000e+00 4.742894093161287969e+02 5.364000000000000000e+03
4.609642626029024541e+03 0.000000000000000000e+00 3.826364615704358130e+02 5.364000000000000000e+03
5.049765574740205011e+03 0.000000000000000000e+00 3.082725064967067965e+02 5.364000000000000000e+03
5.531910915575709623e+03 0.000000000000000000e+00 2.479313365166508447e+02 5.364000000000000000e+03
6.060090894306204063e+03 0.000000000000000000e+00 1.991685122376468655e+02 5.364000000000000000e+03
6.638700840942902687e+03 0.000000000000000000e+00 1.597384720418604047e+02 5.364000000000000000e+03
7.272555746143336364e+03 0.000000000000000000e+00 1.279712329935087212e+02 5.364000000000000000e+03
7.966930329887627522e+03 0.000000000000000000e+00 1.023786271437279112e+02 5.364000000000000000e+03
8.727602935865841573e+03 0.000000000000000000e+00 8.180618912917883279e+01 5.364000000000000000e+03
9.560903616839295864e+03 0.000000000000000000e+00 6.529497918590463712e+01 5.364000000000000000e+03
