0.000000000000000000e+00
0.000000000000000000e+00
1.100840430552301455e-11
4.729820145072826283e-11
7.442131892834273175e-11
8.496046665981191894e-11
8.539539963392433531e-11
8.539536150506879296e-11
8.539531426290482373e-11
8.539525572997457791e-11
8.539518320761874246e-11
8.539509336048288263e-11
8.539498205148290268e-11
8.539484415392289925e-11
8.539467331563354068e-11
8.539446166628275043e-11
8.539419945562904916e-11
8.539387460204964628e-11
8.539347213676947034e-11
8.539297351461699491e-11
8.539235576183219165e-11
8.539159040231758144e-11
8.539064215167739240e-11
8.538946731524546993e-11
8.538801169738799744e-11
8.538620824195700840e-11
8.538397382564441482e-11
8.538120568840760796e-11
8.537777653352986886e-11
8.537352842246723954e-11
8.536826602225274077e-11
8.536174726963514353e-11
8.535367239598470529e-11
8.534367008660593776e-11
8.533128074260810918e-11
8.531593540780618931e-11
8.529692971070369164e-11
8.527339232652470000e-11
8.524424474404845872e-11
8.520815460109648931e-11
8.516347298129045543e-11
8.510816624677203459e-11
8.503972095173893399e-11
8.495504106098486974e-11
8.485032278962636861e-11
8.472088191574149370e-11
8.456096643735197917e-11
8.436353073506985293e-11
8.411996907455795450e-11
8.381980485514792938e-11
8.345034695927331667e-11
8.299628323777195955e-11
8.243929518622216506e-11
8.175762631856718072e-11
8.092573232955880205e-11
7.991404638637519299e-11
7.868891585635677429e-11
7.721302388454233527e-11
7.544620850085299186e-11
7.334715160459530602e-11
7.087606245863955113e-11
6.799831757779731805e-11
6.468955272081810875e-11
6.094150632172873453e-11
5.673774175627356994e-11
5.218595309087972908e-11
4.732446763034621778e-11
4.225723248292001918e-11
3.711309298862056381e-11
3.203533155327085456e-11
2.716717596621527148e-11
2.263569133524113132e-11
1.853888072118271079e-11
1.493919589326470130e-11
1.185089640738852936e-11
9.265748329433590761e-12
7.144788241530633106e-12
5.437782905446797670e-12
4.085417281601210487e-12
3.031077832903660671e-12
2.221461048355929164e-12
1.608596662768387518e-12
1.151517817222240098e-12
8.152179514258987886e-13
5.711848112877141512e-13
3.963995460590310050e-13
2.727309246133317054e-13
1.862096430115358638e-13
1.262934985250146234e-13
8.516392162942168539e-14
5.712980004022638094e-14
3.812815266530570690e-14
2.530719679771865025e-14
1.669525683798645110e-14
1.091834764735458497e-14
7.062408298559972899e-15
4.504020945245734902e-15
2.824628036589525405e-15
1.740901766243719115e-15
1.057808732846350916e-15
6.401497437655590051e-16
