3.176132559609734896e-13
3.147395017487923375e-13
3.102160327311682608e-13
3.059393438610511498e-13
3.021997241458937169e-13
2.976909121158931880e-13
2.905044649936746197e-13
2.862357704807143588e-13
2.806669125861700555e-13
2.753250860069917944e-13
2.705028634297475198e-13
2.657473087605784455e-13
2.579960632135205339e-13
2.533887689767817732e-13
2.487281272493399809e-13
2.427817897171379002e-13
2.373741920155000236e-13
2.322292463406360034e-13
2.277263815509749076e-13
2.204785050512904445e-13
2.160600110160327530e-13
2.107245191829051232e-13
2.053775917304418198e-13
1.998006016153584121e-13
1.945306371420226402e-13
1.891730833763736888e-13
1.838751097928121627e-13
1.779603581557346022e-13
1.730760099417488493e-13
1.671464596345885527e-13
1.623789716298014299e-13
1.578295836303680719e-13
1.516254023295260959e-13
1.464914214186525266e-13
1.412157934561840968e-13
1.359946677974047694e-13
1.306444793469774973e-13
1.255285752934838546e-13
1.203697050061246579e-13
1.152216315567429416e-13
1.100904167705435820e-13
1.050184033281992251e-13
9.933265953838948884e-14
9.503191976149484237e-14
9.007294027492398517e-14
8.519243842855477429e-14
8.037324326767546735e-14
7.561575207681623798e-14
7.094028482358907198e-14
6.634270994375020610e-14
6.183609205045689539e-14
5.743511823864110295e-14
5.312817373760753058e-14
4.893920555096235698e-14
4.488589019662357447e-14
4.095794578504288212e-14
3.718150098583401474e-14
3.356004663817067782e-14
3.010640932812585441e-14
2.682362157223190436e-14
2.373269660698358748e-14
2.083271030643067340e-14
1.813287803545772952e-14
1.563491263460189207e-14
1.334555205271505464e-14
1.126377827231230958e-14
9.389845624202105180e-15
7.723263399957964929e-15
6.257561808380539885e-15
4.986205899835787726e-15
3.898410788289332281e-15
2.982044264653189785e-15
2.224774988061553346e-15
1.612833506363896506e-15
1.127850555618575689e-15
7.557737103712129694e-16
4.794854810542830695e-16
2.828730288040488999e-16
1.507447005577943281e-16
6.852312696151737681e-17
2.352276380315377723e-17
4.099402883734174599e-18
3.347260968381597271e-20
0.000000000000000000e+00
0.000000000000000000e+00
0.000000000000000000e+00
0.000000000000000000e+00
0.000000000000000000e+00
0.000000000000000000e+00
0.000000000000000000e+00
0.000000000000000000e+00
0.000000000000000000e+00
0.000000000000000000e+00
0.000000000000000000e+00
0.000000000000000000e+00
0.000000000000000000e+00
0.000000000000000000e+00
0.000000000000000000e+00
0.000000000000000000e+00
0.000000000000000000e+00
0.000000000000000000e+00
