2.442510624261115322e-08
2.672621031607104704e-08
2.911473502235878250e-08
3.170076277794239941e-08
3.430176453882125812e-08
3.696601189679189953e-08
3.959773135134080138e-08
4.210867449986682445e-08
4.442418670380066950e-08
4.664534065824007748e-08
4.886432412296601368e-08
5.105535077172971511e-08
5.320646550765278512e-08
5.528653305135962178e-08
5.726996683118114094e-08
5.907159816100314123e-08
6.084066763120320012e-08
6.236520516032636195e-08
6.367942963901051460e-08
6.474870291223452327e-08
6.553734438033753013e-08
6.602059490779685651e-08
6.617180318472849426e-08
6.596793010634226976e-08
6.538093642582168807e-08
6.441037999997936126e-08
6.304652582522879004e-08
6.129212506819211523e-08
5.915672254432418607e-08
5.667038844010481500e-08
5.386671730366211328e-08
5.079118361748013981e-08
4.750987554967425210e-08
4.407668822054876925e-08
4.057380392110255392e-08
3.707436561753466302e-08
3.363506687526093328e-08
3.034706253117684304e-08
2.723167684718731359e-08
2.433155969190087216e-08
2.165434429060910994e-08
1.919374215917850134e-08
1.692593029078826005e-08
1.482957815598852936e-08
1.288103324062007577e-08
1.107999341219367306e-08
9.436175461671372628e-09
7.968768445787683543e-09
6.706480556488942346e-09
5.633564671632209383e-09
4.723514619368926811e-09
3.936520362829298411e-09
3.250320043828404639e-09
2.665177501819902939e-09
2.179024671818335418e-09
1.778008123877692064e-09
1.441444271590690791e-09
1.161816984531712723e-09
9.341504041806891528e-10
7.470695088377836063e-10
5.949458631804764318e-10
4.719007184808049425e-10
3.728998008901767885e-10
2.931511322388846664e-10
2.296098137211223687e-10
1.790946892802209884e-10
1.390697398790409358e-10
1.075097046936108825e-10
8.271893517310690323e-11
6.333597014639404795e-11
4.824991145035686418e-11
3.654863747002197720e-11
2.754683464924873050e-11
2.063307380240889981e-11
1.535932428007226270e-11
1.135998481875571229e-11
8.344973254670026258e-12
6.087005727602033423e-12
4.394557856261424202e-12
3.157186855329258518e-12
2.254419059204446872e-12
1.597738831353056029e-12
1.127662022744788814e-12
7.876772782004731384e-13
5.464856830279299703e-13
3.766803775792721676e-13
2.580304613244027512e-13
1.756930916976054623e-13
1.189673318354631766e-13
8.013375765107048934e-14
5.370544881866915502e-14
3.583047625173727197e-14
2.379835394857435947e-14
1.573893542739621169e-14
1.035235104668214973e-14
6.769711410026924467e-15
4.398220351207792432e-15
2.839416754443436238e-15
1.813415510862892948e-15
1.159476446582132044e-15
7.329596832109665512e-16
