0.000000000000000000e+00
0.000000000000000000e+00
3.066521889828566939e-10
1.448769816778775037e-09
2.511200172962325995e-09
3.163327101676570590e-09
3.497241044792304682e-09
3.843157302855930980e-09
4.219765645362751512e-09
4.628630951647054184e-09
5.071119296062392338e-09
5.548351345975173843e-09
6.061056052218052695e-09
6.609354055238719467e-09
7.192638338183541297e-09
7.809522783411893908e-09
8.457764199256546253e-09
9.133746938156003315e-09
9.825978209024745068e-09
1.054074663541306466e-08
1.126343133826668358e-08
1.199112568634318688e-08
1.268797703897510948e-08
1.336208672709127214e-08
1.398796236933822176e-08
1.454511778124504119e-08
1.501098439616528287e-08
1.536127347914115246e-08
1.557035531296010923e-08
1.561336323374332320e-08
1.546922201609331072e-08
1.512329222898637040e-08
1.457157966798044869e-08
1.382590964860720090e-08
1.291743345892491732e-08
1.189809552729855409e-08
1.083691709227187296e-08
9.809319496132003823e-09
8.885236394769828708e-09
8.107479524646428741e-09
7.469666011883219895e-09
6.908195954971321711e-09
6.322012344566157181e-09
5.631770400338126625e-09
4.842238700090200343e-09
4.071207872994088866e-09
3.451204694984265124e-09
3.008884445090173756e-09
2.634953325314661687e-09
2.236567196051026312e-09
1.858948261823682594e-09
1.560488995122682492e-09
1.314175793887317057e-09
1.096187403916682121e-09
9.094178768924814947e-10
7.545220987808075800e-10
6.250070360700756042e-10
5.165673087026693830e-10
4.272409927125021732e-10
3.532632168796975586e-10
2.921213746253896953e-10
2.417715777496255622e-10
2.003525658659421789e-10
1.660989015256857185e-10
1.376216515425860099e-10
1.138875789379421820e-10
9.397197735323954190e-11
7.718794194067792318e-11
6.300573535785567553e-11
5.102158289312075368e-11
4.093117067000716927e-11
3.249902297388248535e-11
2.552485809328502782e-11
1.982980221068078855e-11
1.523525537560562142e-11
1.158198293992430963e-11
8.712831893802460362e-12
6.487842843767921481e-12
4.781297726061423513e-12
3.487435679534929516e-12
2.517639949648597818e-12
1.798818258372561412e-12
1.272426672601951060e-12
8.912234843325111743e-13
6.184276448001273701e-13
4.254207033364553352e-13
2.903393454390895101e-13
1.967520891184562280e-13
1.325181142896833797e-13
8.878763700356444808e-14
5.920736625251143670e-14
3.929745903691437723e-14
2.595029194446025143e-14
1.703949448900931406e-14
1.109682398609993992e-14
7.151508301231387845e-15
4.546552945195479687e-15
2.843866641132780609e-15
1.749059457021652068e-15
1.061009385653702379e-15
6.412935799452072598e-16
