0.000000000000000000e+00
0.000000000000000000e+00
2.027416387448923408e-11
9.287373873306702451e-11
1.550036690390867908e-10
1.836984496988294777e-10
1.850719514885261318e-10
1.850718710952432701e-10
1.850717714881967066e-10
1.850716480742763295e-10
1.850714951682024252e-10
1.850713057351062961e-10
1.850710710469162545e-10
1.850707802960340584e-10
1.850704200899480566e-10
1.850699738305743708e-10
1.850694209689478553e-10
1.850687360087358878e-10
1.850678874183100587e-10
1.850668360758730863e-10
1.850655335501289907e-10
1.850639198024625938e-10
1.850619204368705052e-10
1.850594433142358854e-10
1.850563742319093833e-10
1.850525717603623726e-10
1.850478606150796409e-10
1.850420242321776493e-10
1.850347940366074157e-10
1.850258370954592800e-10
1.850147416500451636e-10
1.850009966139893765e-10
1.849839708013413981e-10
1.849628804798583127e-10
1.849367569546889512e-10
1.849044005050866760e-10
1.848643254579546950e-10
1.848146945735069254e-10
1.847532346679065989e-10
1.846771332673018075e-10
1.845829150542822866e-10
1.844662902850243907e-10
1.843219569084850557e-10
1.841433851790299369e-10
1.839225491026652514e-10
1.836495537375914472e-10
1.833122687195632537e-10
1.828958084570626735e-10
1.823820005633408215e-10
1.817487063847330591e-10
1.809690848582747301e-10
1.800107564654722157e-10
1.788349367082198111e-10
1.773955024545419544e-10
1.756382414994185275e-10
1.735002865596315691e-10
1.709099184140827103e-10
1.677873640494068259e-10
1.640464020582069377e-10
1.595977073278691121e-10
1.543545825323971824e-10
1.482401716241791926e-10
1.411984702819764066e-10
1.332065067485613449e-10
1.242881390084837548e-10
1.145261337362527592e-10
1.040699908862428105e-10
9.313608005725229788e-11
8.199658223219327412e-11
7.095849861658782664e-11
6.033276779078816930e-11
5.040062473190564592e-11
4.138270364575224524e-11
3.342182234123410169e-11
2.657307594670407157e-11
2.082070502096240340e-11
1.608813627910160457e-11
1.226708886826336732e-11
9.234062623477682565e-12
6.863602236199395040e-12
5.039604081927434453e-12
3.656002434687185217e-12
2.621620584395191532e-12
1.859241529285067127e-12
1.305266996093421085e-12
9.072824732557134404e-13
6.308229570049909510e-13
4.313063746436982969e-13
2.902094290452725662e-13
1.959125573252618240e-13
1.315523551707116115e-13
8.788208920723046191e-14
5.890214447357296626e-14
3.855735923250855794e-14
2.524882468361760240e-14
1.634841387466962528e-14
1.045040504776416018e-14
6.566609674842301660e-15
4.054598943444222177e-15
2.466086112745044370e-15
1.491143639665625078e-15
