1.047376681114152053e+00 4.221338603978460213e+01 2.185935776261707417e+02 1.621740785194085888e+01
1.147378904865844262e+00 4.221254314540487229e+01 2.203902878580558991e+02 1.621740785194085888e+01
1.256929216650817027e+00 4.221153167726787103e+01 2.211865545785792619e+02 1.621740785194085888e+01
1.376939256047382987e+00 4.221031793778693952e+01 2.210828846128901262e+02 1.621740785194085888e+01
1.508407704847735342e+00 4.220886150039181928e+01 2.202662577741539849e+02 1.621740785194085888e+01
1.652428597740346783e+00 4.220711386896034867e+01 2.189667084633326510e+02 1.621740785194085888e+01
1.810200426485989444e+00 4.220501687155371684e+01 2.174223445296867965e+02 1.621740785194085888e+01
1.983036113349190055e+00 4.220250073640093547e+01 2.159168235861302492e+02 1.621740785194085888e+01
2.172373936780469084e+00 4.219948178814720308e+01 2.146309580200511675e+02 1.621740785194085888e+01
2.379789500269210656e+00 4.219585969067588138e+01 2.136805255360211220e+02 1.621740785194085888e+01
2.607008843967693057e+00 4.219151414906880859e+01 2.130494060111298040e+02 1.621740785194085888e+01
2.855922808196662110e+00 4.218630096721110334e+01 2.126239572673447356e+02 1.621740785194085888e+01
3.128602768360589703e+00 4.218004733889889479e+01 2.122768528287049037e+02 1.621740785194085888e+01
3.427317872213148320e+00 4.217254622882183668e+01 2.119669470524069084e+02 1.621740785194085888e+01
3.754553922915217612e+00 4.216354967528339870e+01 2.117953923512218637e+02 1.621740785194085888e+01
4.113034065023922992e+00 4.215276081892990589e+01 2.119900887057427497e+02 1.621740785194085888e+01
4.505741445554233060e+00 4.213982443124066890e+01 2.127565268615898049e+02 1.621740785194085888e+01
4.935944038690323943e+00 4.212431568359342293e+01 2.141743702263077580e+02 1.621740785194085888e+01
5.407221840729851792e+00 4.210572686341561877e+01 2.162357038957393343e+02 1.621740785194085888e+01
5.923496661567464905e+00 4.208345171014460107e+01 2.189673299412771712e+02 1.621740785194085888e+01
6.489064760632228257e+00 4.205676701355478286e+01 2.225278363212626687e+02 1.621740785194085888e+01
7.108632598863702690e+00 4.202481109534039661e+01 2.267573999020002304e+02 1.621740785194085888e+01
7.787356004242504071e+00 4.198655878905056227e+01 2.315550405844658144e+02 1.621740785194085888e+01
8.530883076796710540e+00 4.194079255442300536e+01 2.371482666760276743e+02 1.621740785194085888e+01
9.345401190125155466e+00 4.188606942544438283e+01 2.434005792537414266e+02 1.621740785194085888e+01
1.023768848056787562e+01 4.182068361891181496e+01 2.503851230173668512e+02 1.621740785194085888e+01
1.121517025249811894e+01 4.174262485167789549e+01 2.580486017130911591e+02 1.621740785194085888e+01
1.228598076912194514e+01 4.164953276961444573e+01 2.662914938310198067e+02 1.621740785194085888e+01
1.345903094298667391e+01 4.153864843006450513e+01 2.750058522260177938e+02 1.621740785194085888e+01
1.474408248949403344e+01 4.140676456352802859e+01 2.842695006650644132e+02 1.621740785194085888e+01
1.615182916049993622e+01 4.125017743898118994e+01 2.938913271796092772e+02 1.621740785194085888e+01
1.769398573399677943e+01 4.106464464004265125e+01 3.037814700398843115e+02 1.621740785194085888e+01
1.938338550041915553e+01 4.084535497890728095e+01 3.139094749646776563e+02 1.621740785194085888e+01
2.123408705682203390e+01 4.058691913733826340e+01 3.238669762018062670e+02 1.621740785194085888e+01
2.326149129763491885e+01 4.028339233895403737e+01 3.337614875958043399e+02 1.621740785194085888e+01
2.548246957554494685e+01 3.992834316729964428e+01 3.433127430890868936e+02 1.621740785194085888e+01
2.791550409902576035e+01 3.951498503367282211e+01 3.523411740317959584e+02 1.621740785194085888e+01
3.058084173484374801e+01 3.903638789646632290e+01 3.606433503619158500e+02 1.621740785194085888e+01
3.350066249544163099e+01 3.848578635487179866e+01 3.679775925005178010e+02 1.621740785194085888e+01
3.669926411328104621e+01 3.785699454091169258e+01 3.741293249360697928e+02 1.621740785194085888e+01
4.020326423812159788e+01 3.714492660072141916e+01 3.788215996716765517e+02 1.621740785194085888e+01
4.404182193983774596e+01 3.634620284634239340e+01 3.818891248773605867e+02 1.621740785194085888e+01
4.824688036005658631e+01 3.545979633888847360e+01 3.829788440114111836e+02 1.621740785194085888e+01
5.285343253186462675e+01 3.448764602711925420e+01 3.819497874205279118e+02 1.621740785194085888e+01
5.789981257965639116e+01 3.343513750726747702e+01 3.786066805728938220e+02 1.621740785194085888e+01
6.342801472237731275e+01 3.231134079538138337e+01 3.728365637292167207e+02 1.621740785194085888e+01
6.948404273480723248e+01 3.112890593065935718e+01 3.645822325928325540e+02 1.621740785194085888e+01
7.611829277496100588e+01 2.990355670585666559e+01 3.537558963251344721e+02 1.621740785194085888e+01
8.338597276338916231e+01 2.865299504246852536e+01 3.405866557607101868e+02 1.621740785194085888e+01
9.134756180427312700e+01 2.739643507252915100e+01 3.252629020433286655e+02 1.621740785194085888e+01
1.000693134715016583e+02 2.615206319230853182e+01 3.081045804594118067e+02 1.621740785194085888e+01
1.096238071478445875e+02 2.493642239942427352e+01 2.895485122949132801e+02 1.621740785194085888e+01
1.200905520053401574e+02 2.376309109996953595e+01 2.701131876522537141e+02 1.621740785194085888e+01
1.315566486529429255e+02 2.264198552401507314e+01 2.503559427557700587e+02 1.621740785194085888e+01
1.441175139575057074e+02 2.157920058882345415e+01 2.308470708130450646e+02 1.621740785194085888e+01
1.578776750697290652e+02 2.057736172979684497e+01 2.120866819831969678e+02 1.621740785194085888e+01
1.729516392627509163e+02 1.963584566689980448e+01 1.944661048809360011e+02 1.621740785194085888e+01
1.894648468218269102e+02 1.876141895766324197e+01 1.782184489249014234e+02 1.621740785194085888e+01
2.075547149147497805e+02 1.793370576700382912e+01 1.633896087994212110e+02 1.621740785194085888e+01
2.273717811296867524e+02 1.715800247033235237e+01 1.497931135363349142e+02 1.621740785194085888e+01
2.490809561966414378e+02 1.643056460936361773e+01 1.370294166251395040e+02 1.621740785194085888e+01
2.728628963171397004e+02 1.574757026720328668e+01 1.245929374749807010e+02 1.621740785194085888e+01
2.989155065223001202e+02 1.510534678553362475e+01 1.120504735667548175e+02 1.621740785194085888e+01
3.274555875696430576e+02 1.450035883858071806e+01 9.931070704922733228e+01 1.621740785194085888e+01
3.587206400835506770e+02 1.392915789275367899e+01 8.675928379960130599e+01 1.621740785194085888e+01
3.929708409528589073e+02 1.338838474021832248e+01 7.515030095396198817e+01 1.621740785194085888e+01
4.304912084323515842e+02 1.287496092869859510e+01 6.515511283427242972e+01 1.621740785194085888e+01
4.715939739655653398e+02 1.238567523015913530e+01 5.691645311940432350e+01 1.621740785194085888e+01
5.166211804661829774e+02 1.191792779430595850e+01 4.992617334259415429e+01 1.621740785194085888e+01
5.659475286801639413e+02 1.146905027463230198e+01 4.347185751447087654e+01 1.621740785194085888e+01
6.199834953149968442e+02 1.103651465049901859e+01 3.728535580512100012e+01 1.621740785194085888e+01
6.791787488840413971e+02 1.061791013393362348e+01 3.168859792184492363e+01 1.621740785194085888e+01
7.440258916913708163e+02 1.021141609404830497e+01 2.698954668640459786e+01 1.621740785194085888e+01
8.150645590969156729e+02 9.814937362799275533e+00 2.301664664295544682e+01 1.621740785194085888e+01
8.928859101739425341e+02 9.426988219503463995e+00 1.949748020314585872e+01 1.621740785194085888e+01
9.781375471293952160e+02 9.045515832303207659e+00 1.643034184365604133e+01 1.621740785194085888e+01
1.071528904423998938e+03 8.669611361983250220e+00 1.381670272319977499e+01 1.621740785194085888e+01
1.173837152439038618e+03 8.298233909789569651e+00 1.157009607254748396e+01 1.621740785194085888e+01
1.285913664817961262e+03 7.930343561336487213e+00 9.667517613512838892e+00 1.621740785194085888e+01
1.408691103301366638e+03 7.565004764474325682e+00 8.049162910058939246e+00 1.621740785194085888e+01
1.543191179013896317e+03 7.201774070587272369e+00 6.680672128402632026e+00 1.621740785194085888e+01
1.690533154788281536e+03 6.840468327308146357e+00 5.530624547078121900e+00 1.621740785194085888e+01
1.851943159281576072e+03 6.480509406757015256e+00 4.565086505823376939e+00 1.621740785194085888e+01
2.028764390390979997e+03 6.122655306543403064e+00 3.758085778005136213e+00 1.621740785194085888e+01
2.222468292879554156e+03 5.766758051999197221e+00 3.085512740409485755e+00 1.621740785194085888e+01
2.434666803227443324e+03 5.413991638717490673e+00 2.527174805853833028e+00 1.621740785194085888e+01
2.667125763606631153e+03 5.064325545713546539e+00 2.064720091761619969e+00 1.621740785194085888e+01
2.921779616604781040e+03 4.719293047039231581e+00 1.682723573898255554e+00 1.621740785194085888e+01
3.200747502983503637e+03 4.380146945190702468e+00 1.368261707617675738e+00 1.621740785194085888e+01
3.506350896430803459e+03 4.048309506197735885e+00 1.109936515999489837e+00 1.621740785194085888e+01
3.841132922056807729e+03 3.725344655293538310e+00 8.983636772507204160e-01 1.621740785194085888e+01
4.207879519396391515e+03 3.412865764288000925e+00 7.254228840428179614e-01 1.621740785194085888e+01
4.609642626029024541e+03 3.112497238021167956e+00 5.845544425599300542e-01 1.621740785194085888e+01
5.049765574740205011e+03 2.825788485664784577e+00 4.699375543519240250e-01 1.621740785194085888e+01
5.531910915575709623e+03 2.554265434047566341e+00 3.769944129606713767e-01 1.621740785194085888e+01
6.060090894306204063e+03 2.298808955489944683e+00 3.017274094121245032e-01 1.621740785194085888e+01
6.638700840942902687e+03 2.060411160702618982e+00 2.409476232425464826e-01 1.621740785194085888e+01
7.272555746143336364e+03 1.839588073627697051e+00 1.919954116962045432e-01 1.621740785194085888e+01
7.966930329887627522e+03 1.636710596191054412e+00 1.526023202394418687e-01 1.621740785194085888e+01
8.727602935865841573e+03 1.451107450330630044e+00 1.210185341545689797e-01 1.621740785194085888e+01
9.560903616839295864e+03 1.282490073825231836e+00 9.572069501354513177e-02 1.621740785194085888e+01
