1.047376681114152053e+00 1.056200419950541345e+03 3.311852732566234408e+03 0.000000000000000000e+00
1.147378904865844262e+00 9.663143866477450956e+02 3.135486023485496389e+03 0.000000000000000000e+00
1.256929216650817027e+00 8.839289323115916659e+02 2.980872069308361006e+03 0.000000000000000000e+00
1.376939256047382987e+00 8.085763124853051522e+02 2.850724712275218735e+03 0.000000000000000000e+00
1.508407704847735342e+00 7.392861210258686242e+02 2.752534745183403174e+03 0.000000000000000000e+00
1.652428597740346783e+00 6.760121680343169146e+02 2.649854831937096606e+03 0.000000000000000000e+00
1.810200426485989444e+00 6.180628612879781940e+02 2.583378563574777672e+03 0.000000000000000000e+00
1.983036113349190055e+00 5.650542380932810147e+02 2.525229300407274877e+03 0.000000000000000000e+00
2.172373936780469084e+00 5.166037271526207633e+02 2.493137445166290945e+03 0.000000000000000000e+00
2.379789500269210656e+00 4.722820267557235638e+02 2.488333342989332323e+03 0.000000000000000000e+00
2.607008843967693057e+00 4.317723199277419326e+02 2.496429574153348312e+03 0.000000000000000000e+00
2.855922808196662110e+00 3.947416092571567106e+02 2.517517022710790570e+03 0.000000000000000000e+00
3.128602768360589703e+00 3.608995985655282084e+02 2.558091726295190711e+03 0.000000000000000000e+00
3.427317872213148320e+00 3.299765621206072979e+02 2.614041330156622280e+03 0.000000000000000000e+00
3.754553922915217612e+00 3.016026647957950786e+02 2.690269971788528892e+03 0.000000000000000000e+00
4.113034065023922992e+00 2.759101191011491778e+02 2.779285320565706570e+03 0.000000000000000000e+00
4.505741445554233060e+00 2.523301840555773197e+02 2.890440706239035535e+03 0.000000000000000000e+00
4.935944038690323943e+00 2.307909369403172377e+02 3.021090066235010454e+03 0.000000000000000000e+00
5.407221840729851792e+00 2.111152449486789067e+02 3.169625760160017762e+03 0.000000000000000000e+00
5.923496661567464905e+00 1.931463236016749931e+02 3.339944575855286985e+03 0.000000000000000000e+00
6.489064760632228257e+00 1.767337027441287773e+02 3.529789342457222574e+03 0.000000000000000000e+00
7.108632598863702690e+00 1.616661505142338626e+02 3.741892411391776022e+03 0.000000000000000000e+00
7.787356004242504071e+00 1.480522068629844625e+02 3.974996693824131398e+03 0.000000000000000000e+00
8.530883076796710540e+00 1.355477030427709337e+02 4.231339852909316505e+03 0.000000000000000000e+00
9.345401190125155466e+00 1.241268761058416601e+02 4.511869769222772447e+03 0.000000000000000000e+00
1.023768848056787562e+01 1.137105509489801136e+02 4.816150803216615714e+03 0.000000000000000000e+00
1.121517025249811894e+01 1.041677418460323992e+02 5.145633868157807228e+03 0.000000000000000000e+00
1.228598076912194514e+01 9.546750593092458814e+01 5.499188972757803640e+03 0.000000000000000000e+00
1.345903094298667391e+01 8.753312185875364548e+01 5.879387463874566492e+03 0.000000000000000000e+00
1.474408248949403344e+01 8.016097910564411677e+01 6.285694788907871953e+03 0.000000000000000000e+00
1.615182916049993622e+01 7.362702404801387956e+01 6.714365123673528615e+03 0.000000000000000000e+00
1.769398573399677943e+01 6.756658289520515837e+01 7.172032095819784445e+03 0.000000000000000000e+00
1.938338550041915553e+01 6.201903546591986327e+01 7.652599827580414967e+03 0.000000000000000000e+00
2.123408705682203390e+01 5.697328791346831167e+01 8.155500941585029068e+03 0.000000000000000000e+00
2.326149129763491885e+01 5.234833043831643806e+01 8.680410644159672302e+03 0.000000000000000000e+00
2.548246957554494685e+01 4.813675166411837836e+01 9.223954155283227010e+03 0.000000000000000000e+00
2.791550409902576035e+01 4.427370721754619609e+01 9.776993853859088631e+03 0.000000000000000000e+00
3.058084173484374801e+01 4.074400006577193523e+01 1.034552930845244737e+04 0.000000000000000000e+00
3.350066249544163099e+01 3.752170245771392132e+01 1.091977865984454911e+04 0.000000000000000000e+00
3.669926411328104621e+01 3.457432510289727645e+01 1.149505679249634886e+04 0.000000000000000000e+00
4.020326423812159788e+01 3.187932800265646449e+01 1.206858909990432767e+04 0.000000000000000000e+00
4.404182193983774596e+01 2.941464064717564852e+01 1.262385859628275466e+04 0.000000000000000000e+00
4.824688036005658631e+01 2.716147401710597720e+01 1.315635020261593672e+04 0.000000000000000000e+00
5.285343253186462675e+01 2.509926869006550731e+01 1.365602864531742489e+04 0.000000000000000000e+00
5.789981257965639116e+01 2.321230323494703285e+01 1.411267633262009986e+04 0.000000000000000000e+00
6.342801472237731275e+01 2.148582891621776270e+01 1.451327729339387224e+04 0.000000000000000000e+00
6.948404273480723248e+01 1.990536589737826745e+01 1.484332678428912368e+04 0.000000000000000000e+00
7.611829277496100588e+01 1.845816333892880579e+01 1.509058189155328182e+04 0.000000000000000000e+00
8.338597276338916231e+01 1.713239739434211018e+01 1.524216150727799140e+04 0.000000000000000000e+00
9.134756180427312700e+01 1.591783862745291245e+01 1.528421354754668937e+04 0.000000000000000000e+00
1.000693134715016583e+02 1.480653005069167882e+01 1.520462275564364245e+04 0.000000000000000000e+00
1.096238071478445875e+02 1.378306584032409532e+01 1.499456148868687342e+04 0.000000000000000000e+00
1.200905520053401574e+02 1.288365385765994020e+01 1.464677727622619932e+04 0.000000000000000000e+00
1.315566486529429255e+02 1.198779443346012386e+01 1.417151474798798336e+04 0.000000000000000000e+00
1.441175139575057074e+02 1.119856690876642347e+01 1.356596234402244045e+04 0.000000000000000000e+00
1.578776750697290652e+02 1.047341615132323334e+01 1.284994940274307737e+04 0.000000000000000000e+00
1.729516392627509163e+02 9.806763470919092285e+00 1.204878804244557796e+04 0.000000000000000000e+00
1.894648468218269102e+02 9.193457233379621840e+00 1.119163074938102545e+04 0.000000000000000000e+00
2.075547149147497805e+02 8.628836941809588268e+00 1.032344880313126305e+04 0.000000000000000000e+00
2.273717811296867524e+02 8.108668143160857156e+00 9.480678948803897583e+03 0.000000000000000000e+00
2.490809561966414378e+02 7.628892499846569919e+00 8.701701176834301805e+03 0.000000000000000000e+00
2.728628963171397004e+02 7.186072782062705500e+00 8.005520241988913767e+03 0.000000000000000000e+00
2.989155065223001202e+02 6.776955084040474198e+00 7.401368994978787669e+03 0.000000000000000000e+00
3.274555875696430576e+02 6.398521185340644735e+00 6.879931122919838344e+03 0.000000000000000000e+00
3.587206400835506770e+02 6.048065826163156800e+00 6.400513201912893237e+03 0.000000000000000000e+00
3.929708409528589073e+02 5.723446775044178203e+00 5.913054015545050788e+03 0.000000000000000000e+00
4.304912084323515842e+02 5.421382540392910343e+00 5.373040457156025695e+03 0.000000000000000000e+00
4.715939739655653398e+02 5.140776110200194537e+00 4.769436624026285244e+03 0.000000000000000000e+00
5.166211804661829774e+02 4.879429603535684556e+00 4.136186512512325862e+03 0.000000000000000000e+00
5.659475286801639413e+02 4.635601915183598543e+00 3.542947012332665508e+03 0.000000000000000000e+00
6.199834953149968442e+02 4.407706931882557022e+00 3.059173297440847819e+03 0.000000000000000000e+00
6.791787488840413971e+02 4.194306863361763504e+00 2.704801563606072250e+03 0.000000000000000000e+00
7.440258916913708163e+02 3.994085931325082939e+00 2.424580906995932310e+03 0.000000000000000000e+00
8.150645590969156729e+02 3.805838722944407948e+00 2.137940174000003481e+03 0.000000000000000000e+00
8.928859101739425341e+02 3.628472100478545848e+00 1.818223512664400459e+03 0.000000000000000000e+00
9.781375471293952160e+02 3.460994506449866837e+00 1.520594934796227335e+03 0.000000000000000000e+00
1.071528904423998938e+03 3.302505149183803113e+00 1.301964077074913803e+03 0.000000000000000000e+00
1.173837152439038618e+03 3.152157805111971189e+00 1.134028152952043001e+03 0.000000000000000000e+00
1.285913664817961262e+03 3.009305346712723317e+00 9.613780232773475518e+02 0.000000000000000000e+00
1.408691103301366638e+03 2.873086869340254701e+00 7.996227482230137866e+02 0.000000000000000000e+00
1.543191179013896317e+03 2.743113565293858525e+00 6.788951272255415006e+02 0.000000000000000000e+00
1.690533154788281536e+03 2.618631612111808948e+00 5.727941806983059223e+02 0.000000000000000000e+00
1.851943159281576072e+03 2.499364149839655269e+00 4.753766870581201260e+02 0.000000000000000000e+00
2.028764390390979997e+03 2.384678432640331636e+00 3.988092165083048712e+02 0.000000000000000000e+00
2.222468292879554156e+03 2.274219793622546337e+00 3.307592522252694494e+02 0.000000000000000000e+00
2.434666803227443324e+03 2.167842981559811477e+00 2.747769970914374653e+02 0.000000000000000000e+00
2.667125763606631153e+03 2.065067406049284848e+00 2.270795092158095940e+02 0.000000000000000000e+00
2.921779616604781040e+03 1.965710313302413859e+00 1.874013742286306581e+02 0.000000000000000000e+00
3.200747502983503637e+03 1.869579029973871043e+00 1.541760261137086729e+02 0.000000000000000000e+00
3.506350896430803459e+03 1.776404057751399757e+00 1.265388405292940917e+02 0.000000000000000000e+00
3.841132922056807729e+03 1.686047989068967468e+00 1.036413885146720162e+02 0.000000000000000000e+00
4.207879519396391515e+03 1.598574916860417305e+00 8.467816866520503538e+01 0.000000000000000000e+00
4.609642626029024541e+03 1.513782980251601407e+00 6.905229594471349230e+01 0.000000000000000000e+00
5.049765574740205011e+03 1.431600416109585217e+00 5.618372513282319147e+01 0.000000000000000000e+00
5.531910915575709623e+03 1.351981913835724081e+00 4.562911224285758749e+01 0.000000000000000000e+00
6.060090894306204063e+03 1.274893695347421030e+00 3.698409985834653213e+01 0.000000000000000000e+00
6.638700840942902687e+03 1.200322918312509923e+00 2.992231758262363073e+01 0.000000000000000000e+00
7.272555746143336364e+03 1.128263357268027844e+00 2.416615410491088412e+01 0.000000000000000000e+00
7.966930329887627522e+03 1.058718063910197626e+00 1.948345526038982101e+01 0.000000000000000000e+00
8.727602935865841573e+03 9.916950536551225603e-01 1.568229883206241482e+01 0.000000000000000000e+00
9.560903616839295864e+03 9.272054044211173185e-01 1.259970369447087535e+01 0.000000000000000000e+00
