1.047376681114152053e+00 0.000000000000000000e+00 6.440253585912539580e-06 1.318672149599703987e-07
1.147378904865844262e+00 0.000000000000000000e+00 7.008984094046462557e-06 1.318672149599703987e-07
1.256929216650817027e+00 0.000000000000000000e+00 7.575314592625268409e-06 1.318672149599703987e-07
1.376939256047382987e+00 0.000000000000000000e+00 8.138986719647848194e-06 1.318672149599703987e-07
1.508407704847735342e+00 0.000000000000000000e+00 8.706844923332897310e-06 1.318672149599703987e-07
1.652428597740346783e+00 0.000000000000000000e+00 9.272590956877263313e-06 1.318672149599703987e-07
1.810200426485989444e+00 0.000000000000000000e+00 9.831055522215434363e-06 1.318672149599703987e-07
1.983036113349190055e+00 0.000000000000000000e+00 1.038964490758815593e-05 1.318672149599703987e-07
2.172373936780469084e+00 0.000000000000000000e+00 1.095046750010866657e-05 1.318672149599703987e-07
2.379789500269210656e+00 0.000000000000000000e+00 1.149507569444806220e-05 1.318672149599703987e-07
2.607008843967693057e+00 0.000000000000000000e+00 1.207027255226584959e-05 1.318672149599703987e-07
2.855922808196662110e+00 0.000000000000000000e+00 1.264933922559930508e-05 1.318672149599703987e-07
3.128602768360589703e+00 0.000000000000000000e+00 1.327539581110262072e-05 1.318672149599703987e-07
3.427317872213148320e+00 0.000000000000000000e+00 1.386113681869412877e-05 1.318672149599703987e-07
3.754553922915217612e+00 0.000000000000000000e+00 1.444067109251633967e-05 1.318672149599703987e-07
4.113034065023922992e+00 0.000000000000000000e+00 1.500815002000416158e-05 1.318672149599703987e-07
4.505741445554233060e+00 0.000000000000000000e+00 1.555747747314669048e-05 1.318672149599703987e-07
4.935944038690323943e+00 0.000000000000000000e+00 1.608308207178729858e-05 1.318672149599703987e-07
5.407221840729851792e+00 0.000000000000000000e+00 1.657435841056850796e-05 1.318672149599703987e-07
5.923496661567464905e+00 0.000000000000000000e+00 1.702754753382590750e-05 1.318672149599703987e-07
6.489064760632228257e+00 0.000000000000000000e+00 1.743056687504869660e-05 1.318672149599703987e-07
7.108632598863702690e+00 0.000000000000000000e+00 1.777725757578407551e-05 1.318672149599703987e-07
7.787356004242504071e+00 0.000000000000000000e+00 1.805786866828047865e-05 1.318672149599703987e-07
8.530883076796710540e+00 0.000000000000000000e+00 1.826350963643406832e-05 1.318672149599703987e-07
9.345401190125155466e+00 0.000000000000000000e+00 1.838630806410466201e-05 1.318672149599703987e-07
1.023768848056787562e+01 0.000000000000000000e+00 1.841691222961501539e-05 1.318672149599703987e-07
1.121517025249811894e+01 0.000000000000000000e+00 1.835122892542715231e-05 1.318672149599703987e-07
1.228598076912194514e+01 0.000000000000000000e+00 1.818245615825967359e-05 1.318672149599703987e-07
1.345903094298667391e+01 0.000000000000000000e+00 1.791008113632115172e-05 1.318672149599703987e-07
1.474408248949403344e+01 0.000000000000000000e+00 1.753403868775721994e-05 1.318672149599703987e-07
1.615182916049993622e+01 0.000000000000000000e+00 1.705820394776313224e-05 1.318672149599703987e-07
1.769398573399677943e+01 0.000000000000000000e+00 1.649012693177845574e-05 1.318672149599703987e-07
1.938338550041915553e+01 0.000000000000000000e+00 1.583883379197730508e-05 1.318672149599703987e-07
2.123408705682203390e+01 0.000000000000000000e+00 1.511864841780869725e-05 1.318672149599703987e-07
2.326149129763491885e+01 0.000000000000000000e+00 1.434394703995337715e-05 1.318672149599703987e-07
2.548246957554494685e+01 0.000000000000000000e+00 1.353084293035660404e-05 1.318672149599703987e-07
2.791550409902576035e+01 0.000000000000000000e+00 1.269438110841007113e-05 1.318672149599703987e-07
3.058084173484374801e+01 0.000000000000000000e+00 1.185048019850874730e-05 1.318672149599703987e-07
3.350066249544163099e+01 0.000000000000000000e+00 1.101243766781130527e-05 1.318672149599703987e-07
3.669926411328104621e+01 0.000000000000000000e+00 1.019158549531665604e-05 1.318672149599703987e-07
4.020326423812159788e+01 0.000000000000000000e+00 9.396762166373077090e-06 1.318672149599703987e-07
4.404182193983774596e+01 0.000000000000000000e+00 8.634422736094656957e-06 1.318672149599703987e-07
4.824688036005658631e+01 0.000000000000000000e+00 7.908580295542495128e-06 1.318672149599703987e-07
5.285343253186462675e+01 0.000000000000000000e+00 7.220742552655605563e-06 1.318672149599703987e-07
5.789981257965639116e+01 0.000000000000000000e+00 6.570966123163513247e-06 1.318672149599703987e-07
6.342801472237731275e+01 0.000000000000000000e+00 5.958945871998080822e-06 1.318672149599703987e-07
6.948404273480723248e+01 0.000000000000000000e+00 5.384209025674932865e-06 1.318672149599703987e-07
7.611829277496100588e+01 0.000000000000000000e+00 4.846260738530330892e-06 1.318672149599703987e-07
8.338597276338916231e+01 0.000000000000000000e+00 4.345488405657181015e-06 1.318672149599703987e-07
9.134756180427312700e+01 0.000000000000000000e+00 3.882994568793904200e-06 1.318672149599703987e-07
1.000693134715016583e+02 0.000000000000000000e+00 3.459061331310937817e-06 1.318672149599703987e-07
1.096238071478445875e+02 0.000000000000000000e+00 3.072492421165415953e-06 1.318672149599703987e-07
1.200905520053401574e+02 0.000000000000000000e+00 2.721750395824497298e-06 1.318672149599703987e-07
1.315566486529429255e+02 0.000000000000000000e+00 2.406054151282782742e-06 1.318672149599703987e-07
1.441175139575057074e+02 0.000000000000000000e+00 2.124976054763758749e-06 1.318672149599703987e-07
1.578776750697290652e+02 0.000000000000000000e+00 1.877345322018067090e-06 1.318672149599703987e-07
1.729516392627509163e+02 0.000000000000000000e+00 1.660582394212026442e-06 1.318672149599703987e-07
1.894648468218269102e+02 0.000000000000000000e+00 1.470833889345821710e-06 1.318672149599703987e-07
2.075547149147497805e+02 0.000000000000000000e+00 1.303814550897779076e-06 1.318672149599703987e-07
2.273717811296867524e+02 0.000000000000000000e+00 1.156135087358227327e-06 1.318672149599703987e-07
2.490809561966414378e+02 0.000000000000000000e+00 1.025904755070512302e-06 1.318672149599703987e-07
2.728628963171397004e+02 0.000000000000000000e+00 9.119929558334953240e-07 1.318672149599703987e-07
2.989155065223001202e+02 0.000000000000000000e+00 8.129450176533066788e-07 1.318672149599703987e-07
3.274555875696430576e+02 0.000000000000000000e+00 7.267034207466671470e-07 1.318672149599703987e-07
3.587206400835506770e+02 0.000000000000000000e+00 6.511063222098019718e-07 1.318672149599703987e-07
3.929708409528589073e+02 0.000000000000000000e+00 5.844091969242755478e-07 1.318672149599703987e-07
4.304912084323515842e+02 0.000000000000000000e+00 5.253580691219353928e-07 1.318672149599703987e-07
4.715939739655653398e+02 0.000000000000000000e+00 4.729773383809106329e-07 1.318672149599703987e-07
5.166211804661829774e+02 0.000000000000000000e+00 4.264019863067086824e-07 1.318672149599703987e-07
5.659475286801639413e+02 0.000000000000000000e+00 3.848332207272293149e-07 1.318672149599703987e-07
6.199834953149968442e+02 0.000000000000000000e+00 3.475570448728715755e-07 1.318672149599703987e-07
6.791787488840413971e+02 0.000000000000000000e+00 3.139609642799213503e-07 1.318672149599703987e-07
7.440258916913708163e+02 0.000000000000000000e+00 2.835363557222025479e-07 1.318672149599703987e-07
8.150645590969156729e+02 0.000000000000000000e+00 2.558692691289841881e-07 1.318672149599703987e-07
8.928859101739425341e+02 0.000000000000000000e+00 2.306251198520734786e-07 1.318672149599703987e-07
9.781375471293952160e+02 0.000000000000000000e+00 2.075321967403769455e-07 1.318672149599703987e-07
1.071528904423998938e+03 0.000000000000000000e+00 1.863690501627577668e-07 1.318672149599703987e-07
1.173837152439038618e+03 0.000000000000000000e+00 1.669558319980937282e-07 1.318672149599703987e-07
1.285913664817961262e+03 0.000000000000000000e+00 1.491468483658915615e-07 1.318672149599703987e-07
1.408691103301366638e+03 0.000000000000000000e+00 1.328232796510885812e-07 1.318672149599703987e-07
1.543191179013896317e+03 0.000000000000000000e+00 1.178862656899135726e-07 1.318672149599703987e-07
1.690533154788281536e+03 0.000000000000000000e+00 1.042510047229629223e-07 1.318672149599703987e-07
1.851943159281576072e+03 0.000000000000000000e+00 9.184220389721438650e-08 1.318672149599703987e-07
2.028764390390979997e+03 0.000000000000000000e+00 8.059068756631206684e-08 1.318672149599703987e-07
2.222468292879554156e+03 0.000000000000000000e+00 7.043018592451453049e-08 1.318672149599703987e-07
2.434666803227443324e+03 0.000000000000000000e+00 6.129642494041984964e-08 1.318672149599703987e-07
2.667125763606631153e+03 0.000000000000000000e+00 5.312482858704074915e-08 1.318672149599703987e-07
2.921779616604781040e+03 0.000000000000000000e+00 4.585068319070494137e-08 1.318672149599703987e-07
3.200747502983503637e+03 0.000000000000000000e+00 3.940875770820961164e-08 1.318672149599703987e-07
3.506350896430803459e+03 0.000000000000000000e+00 3.373371440545629951e-08 1.318672149599703987e-07
3.841132922056807729e+03 0.000000000000000000e+00 2.876053566250927403e-08 1.318672149599703987e-07
4.207879519396391515e+03 0.000000000000000000e+00 2.442491847368112544e-08 1.318672149599703987e-07
4.609642626029024541e+03 0.000000000000000000e+00 2.066485940894297214e-08 1.318672149599703987e-07
5.049765574740205011e+03 0.000000000000000000e+00 1.742073741790817236e-08 1.318672149599703987e-07
5.531910915575709623e+03 0.000000000000000000e+00 1.463521252071751096e-08 1.318672149599703987e-07
6.060090894306204063e+03 0.000000000000000000e+00 1.225442790891201662e-08 1.318672149599703987e-07
6.638700840942902687e+03 0.000000000000000000e+00 1.022947465301603459e-08 1.318672149599703987e-07
7.272555746143336364e+03 0.000000000000000000e+00 8.514309528189824327e-09 1.318672149599703987e-07
7.966930329887627522e+03 0.000000000000000000e+00 7.067223376503123827e-09 1.318672149599703987e-07
8.727602935865841573e+03 0.000000000000000000e+00 5.851137443197248170e-09 1.318672149599703987e-07
9.560903616839295864e+03 0.000000000000000000e+00 4.833314179648819374e-09 1.318672149599703987e-07
