1.056032981064548126e+00 2.346413094335882950e-09 7.869748306994833645e-08 0.000000000000000000e+00
1.175443983510534363e+00 2.658778976039686495e-09 9.340907660501846585e-08 0.000000000000000000e+00
1.308357393325258133e+00 2.984513404301012773e-09 1.102484642296269639e-07 0.000000000000000000e+00
1.456299996156748877e+00 3.310510902643599190e-09 1.291752714625645542e-07 0.000000000000000000e+00
1.620971219045888478e+00 3.607380759667739829e-09 1.504304687080117669e-07 0.000000000000000000e+00
1.804262651863866251e+00 3.920253842091037859e-09 1.748470891090808856e-07 0.000000000000000000e+00
2.008279776137516404e+00 4.179316260941765274e-09 2.007340366574514368e-07 0.000000000000000000e+00
2.235366150863083323e+00 4.400828306700266222e-09 2.287753850760504321e-07 0.000000000000000000e+00
2.488130333132567262e+00 4.562105265513080258e-09 2.577273211543876253e-07 0.000000000000000000e+00
2.769475842811750965e+00 4.676485315691308509e-09 2.876152193921838765e-07 0.000000000000000000e+00
3.082634515476230241e+00 4.744876633963610790e-09 3.177122551389294225e-07 0.000000000000000000e+00
3.431203626733101864e+00 4.779906099350090280e-09 3.474825150195042601e-07 0.000000000000000000e+00
3.819187214377767425e+00 4.792567429432101686e-09 3.769193037760312334e-07 0.000000000000000000e+00
4.251042073056519932e+00 4.797525496546307002e-09 4.059457344032109122e-07 0.000000000000000000e+00
4.731728949778890581e+00 4.797949883879980251e-09 4.348880920352826933e-07 0.000000000000000000e+00
5.266769528365972342e+00 4.797908709820465278e-09 4.641682529416795802e-07 0.000000000000000000e+00
5.862309857419115922e+00 4.797857728557095747e-09 4.938905396534608591e-07 0.000000000000000000e+00
6.525190950410857837e+00 4.797794689776956786e-09 5.237910807645654033e-07 0.000000000000000000e+00
7.263027368885755841e+00 4.797716766563755806e-09 5.535810074370472009e-07 0.000000000000000000e+00
8.084294691462201143e+00 4.797620432770112351e-09 5.828685620905197135e-07 0.000000000000000000e+00
8.998426873397548320e+00 4.797501495967401135e-09 6.113110158435471042e-07 0.000000000000000000e+00
1.001592461509324039e+01 4.797354723255170900e-09 6.384476005453860707e-07 0.000000000000000000e+00
1.114847598437533449e+01 4.797173800913895467e-09 6.637434464963763879e-07 0.000000000000000000e+00
1.240909067814867583e+01 4.796951048797264488e-09 6.867202353400113630e-07 0.000000000000000000e+00
1.381224946569640366e+01 4.796677141418499465e-09 7.069659882687680427e-07 0.000000000000000000e+00
1.537407053029052229e+01 4.796340342692389212e-09 7.237647695384160217e-07 0.000000000000000000e+00
1.711249461989307719e+01 4.795927316126624269e-09 7.367123776424709739e-07 0.000000000000000000e+00
1.904749113378321468e+01 4.795421942014803449e-09 7.452654706499688074e-07 0.000000000000000000e+00
2.120128751244688203e+01 4.794804911904951229e-09 7.491051476164085212e-07 0.000000000000000000e+00
2.359862456574094125e+01 4.794053324663404316e-09 7.478336588273795346e-07 0.000000000000000000e+00
2.626704067231091244e+01 4.793139974724523055e-09 7.411404853641375486e-07 0.000000000000000000e+00
2.923718811487309566e+01 4.792032519248032544e-09 7.289146786224396293e-07 0.000000000000000000e+00
3.254318518513449021e+01 4.790692071830320373e-09 7.112185501371467239e-07 0.000000000000000000e+00
3.622300810299908846e+01 4.789075032738201255e-09 6.883275935207925700e-07 0.000000000000000000e+00
4.031892725206589034e+01 4.787130923787971205e-09 6.605426159541124906e-07 0.000000000000000000e+00
4.487799274248540371e+01 4.784798027106268244e-09 6.285964806624315862e-07 0.000000000000000000e+00
4.995257487887015913e+01 4.782005460476314743e-09 5.929655302035028218e-07 0.000000000000000000e+00
5.560096574165519456e+01 4.778671992906999678e-09 5.546323813659703178e-07 0.000000000000000000e+00
6.188804879230252709e+01 4.774699785341376857e-09 5.145900762786945012e-07 0.000000000000000000e+00
6.888604419417499969e+01 4.769978594979827288e-09 4.737276519001566268e-07 0.000000000000000000e+00
7.667533841060405564e+01 4.764378726712005838e-09 4.331207388183541390e-07 0.000000000000000000e+00
8.534540760983165342e+01 4.757751176270871192e-09 3.935206797182037564e-07 0.000000000000000000e+00
9.499584548401358575e+01 4.749925907617488778e-09 3.554908636824367863e-07 0.000000000000000000e+00
1.057375072889466310e+02 4.740703712938200710e-09 3.195650217271600371e-07 0.000000000000000000e+00
1.176937832461472624e+02 4.729860138026303471e-09 2.859768635346006887e-07 0.000000000000000000e+00
1.310020159349736844e+02 4.717138347340945616e-09 2.545827450955502916e-07 0.000000000000000000e+00
1.458150779564580262e+02 4.702247439273495686e-09 2.254479616494417722e-07 0.000000000000000000e+00
1.623031279915676635e+02 4.684860976487081516e-09 1.983536227989477694e-07 0.000000000000000000e+00
1.806555654259147161e+02 4.664613235850461737e-09 1.732091317458245255e-07 0.000000000000000000e+00
2.010832059937378347e+02 4.641067676623508695e-09 1.499914683611678208e-07 0.000000000000000000e+00
2.238207034330328042e+02 4.613799375843592019e-09 1.287916907346006988e-07 0.000000000000000000e+00
2.491292449694543905e+02 4.582327670578002376e-09 1.097116071184771987e-07 0.000000000000000000e+00
2.772995515922919481e+02 4.546129795819122129e-09 9.288875631572973822e-08 0.000000000000000000e+00
3.086552175868076802e+02 4.504636482264972617e-09 7.826359382009639743e-08 0.000000000000000000e+00
3.435564276845046834e+02 4.457266997874488826e-09 6.566211932113499661e-08 0.000000000000000000e+00
3.824040945302937757e+02 4.403422928399658738e-09 5.487124451141799981e-08 0.000000000000000000e+00
4.256444639942141634e+02 4.342491689228777996e-09 4.559934113950873158e-08 0.000000000000000000e+00
4.737742412289155709e+02 4.273856420200426835e-09 3.767491354695510145e-08 0.000000000000000000e+00
5.273462963565856398e+02 4.196920807420520504e-09 3.094213126302320407e-08 0.000000000000000000e+00
5.869760153267689020e+02 4.111098580297806405e-09 2.528965914698993592e-08 0.000000000000000000e+00
6.533483688978308237e+02 4.015919791487188457e-09 2.058769966638811868e-08 0.000000000000000000e+00
7.272257809440862957e+02 3.910997298010029479e-09 1.668982297849639017e-08 0.000000000000000000e+00
8.094568864722074295e+02 3.796057412963020161e-09 1.346584052514043755e-08 0.000000000000000000e+00
9.009862799510120794e+02 3.670972728470690443e-09 1.081303642678159754e-08 0.000000000000000000e+00
1.002865365934268880e+03 3.535783754600606432e-09 8.650724077644374141e-09 0.000000000000000000e+00
1.116264436618460877e+03 3.390947527037326614e-09 6.895283534642725313e-09 0.000000000000000000e+00
1.242486115071199492e+03 3.236993512565542575e-09 5.472150270750552806e-09 0.000000000000000000e+00
1.382980318553656389e+03 3.074534801200081088e-09 4.325968320294963161e-09 0.000000000000000000e+00
1.539360913821697523e+03 2.904630620368118947e-09 3.406848537379994525e-09 0.000000000000000000e+00
1.713424255726343517e+03 2.728744162711189666e-09 2.672116335608115457e-09 0.000000000000000000e+00
1.907169822067742189e+03 2.548217650987780821e-09 2.087797502516321677e-09 0.000000000000000000e+00
2.122823181736748211e+03 2.364706224525316028e-09 1.625397534305356957e-09 0.000000000000000000e+00
2.362861559980607581e+03 2.179419008186064304e-09 1.259830231449244600e-09 0.000000000000000000e+00
2.630042294462951304e+03 1.995232598473183353e-09 9.726145673784376849e-10 0.000000000000000000e+00
2.927434508994474982e+03 1.813708379537409123e-09 7.479477274757199189e-10 0.000000000000000000e+00
3.258454368773508122e+03 1.636758127849417039e-09 5.726646455542989785e-10 0.000000000000000000e+00
3.626904322114499791e+03 1.465435087387636141e-09 4.365143113901487710e-10 0.000000000000000000e+00
4.037016779438275080e+03 1.302780313755936675e-09 3.312663152127554636e-10 0.000000000000000000e+00
4.493502731267226409e+03 1.149557287610717580e-09 2.501558184726272673e-10 0.000000000000000000e+00
5.001605863702974602e+03 1.006516702323728326e-09 1.880064865590384941e-10 0.000000000000000000e+00
5.567162793016338583e+03 8.747141305992713278e-10 1.405774830204355958e-10 0.000000000000000000e+00
6.196670111266974345e+03 7.544840422420170809e-10 1.046052098678636118e-10 0.000000000000000000e+00
6.897359013111165041e+03 6.460054317331432886e-10 7.740571393559720551e-11 0.000000000000000000e+00
7.677278361042189317e+03 5.491535984184698780e-10 5.697197527028202215e-11 0.000000000000000000e+00
8.545387143236317570e+03 4.637990223212303771e-10 4.168251422912822406e-11 0.000000000000000000e+00
9.511657386079081334e+03 3.886830386770913317e-10 3.032541181017234522e-11 0.000000000000000000e+00
1.058718870352829254e+04 3.237276463857129507e-10 2.193374639730906500e-11 0.000000000000000000e+00
1.178433579916051713e+04 2.680608113721107004e-10 1.576970423399852040e-11 0.000000000000000000e+00
1.311685038551288017e+04 2.205844620580410984e-10 1.129944580611878331e-11 0.000000000000000000e+00
1.460003915097147365e+04 1.806202446471222415e-10 8.003363610330070189e-12 0.000000000000000000e+00
1.625093958876844590e+04 1.468111661235805211e-10 5.648962098234763246e-12 0.000000000000000000e+00
1.808851570786662342e+04 1.188783641666421969e-10 3.963063656842208982e-12 0.000000000000000000e+00
2.013387587385212828e+04 9.575239878355949525e-11 2.762341426661809219e-12 0.000000000000000000e+00
2.241051528221264743e+04 7.678103939093634072e-11 1.913805036857728852e-12 0.000000000000000000e+00
2.494458584929090648e+04 6.130761369709064588e-11 1.317778064709666551e-12 0.000000000000000000e+00
2.776519662118276028e+04 4.873024903038783459e-11 9.019473104311532035e-13 0.000000000000000000e+00
3.090474815138586200e+04 3.858759785644972157e-11 6.123912369738976675e-13 0.000000000000000000e+00
3.439930468822552211e+04 3.043384622979984946e-11 4.150785163246195431e-13 0.000000000000000000e+00
3.828900844740607135e+04 2.391133999848534442e-11 2.790469350700297298e-13 0.000000000000000000e+00
4.261854072845193878e+04 1.871711014665942634e-11 1.863875606814059951e-13 0.000000000000000000e+00
4.743763517192281142e+04 1.459822022287847812e-11 1.236116377504811357e-13 0.000000000000000000e+00
