1.047376681114152053e+00 1.928535093041558795e-07 6.955865504730052600e-06 1.318672149599703987e-07
1.147378904865844262e+00 1.928530019691344838e-07 7.397425338564006109e-06 1.318672149599703987e-07
1.256929216650817027e+00 1.928523932143945556e-07 7.858312289797267863e-06 1.318672149599703987e-07
1.376939256047382987e+00 1.928516627857467023e-07 8.338156821561674346e-06 1.318672149599703987e-07
1.508407704847735342e+00 1.928507863930263601e-07 8.835875258024744589e-06 1.318672149599703987e-07
1.652428597740346783e+00 1.928497349097767252e-07 9.351983914536922624e-06 1.318672149599703987e-07
1.810200426485989444e+00 1.928484734159515456e-07 9.885216280793229841e-06 1.318672149599703987e-07
1.983036113349190055e+00 1.928469600535993649e-07 1.043424412594072565e-05 1.318672149599703987e-07
2.172373936780469084e+00 1.928451446600776850e-07 1.099729772840626829e-05 1.318672149599703987e-07
2.379789500269210656e+00 1.928429671370999466e-07 1.154625102968857682e-05 1.318672149599703987e-07
2.607008843967693057e+00 1.928403555067899923e-07 1.212597819134138711e-05 1.318672149599703987e-07
2.855922808196662110e+00 1.928372235978745892e-07 1.270876273925863370e-05 1.318672149599703987e-07
3.128602768360589703e+00 1.928334682962244622e-07 1.334000580468715935e-05 1.318672149599703987e-07
3.427317872213148320e+00 1.928289662842658931e-07 1.393066083150989371e-05 1.318672149599703987e-07
3.754553922915217612e+00 1.928235701836050672e-07 1.451568114988298008e-05 1.318672149599703987e-07
4.113034065023922992e+00 1.928171040049809562e-07 1.508895822207157358e-05 1.318672149599703987e-07
4.505741445554233060e+00 1.928093578001706253e-07 1.564448186023350553e-05 1.318672149599703987e-07
4.935944038690323943e+00 1.928000814028706099e-07 1.617649061239449318e-05 1.318672149599703987e-07
5.407221840729851792e+00 1.927889771416165396e-07 1.667451735770922105e-05 1.318672149599703987e-07
5.923496661567464905e+00 1.927756914099391138e-07 1.713439027343066753e-05 1.318672149599703987e-07
6.489064760632228257e+00 1.927598049905785792e-07 1.754469085708656518e-05 1.318672149599703987e-07
7.108632598863702690e+00 1.927408220561528925e-07 1.789861324316778103e-05 1.318672149599703987e-07
7.787356004242504071e+00 1.927181578138242060e-07 1.818632086670616537e-05 1.318672149599703987e-07
8.530883076796710540e+00 1.926911248328863204e-07 1.839903119594598770e-05 1.318672149599703987e-07
9.345401190125155466e+00 1.926589181989866990e-07 1.852784685665492123e-05 1.318672149599703987e-07
1.023768848056787562e+01 1.926205997834675344e-07 1.856522980462395480e-05 1.318672149599703987e-07
1.121517025249811894e+01 1.925750821048902027e-07 1.850429507195254321e-05 1.318672149599703987e-07
1.228598076912194514e+01 1.925211124898776039e-07 1.834050959569852538e-05 1.318672149599703987e-07
1.345903094298667391e+01 1.924572584986279378e-07 1.807124201715207051e-05 1.318672149599703987e-07
1.474408248949403344e+01 1.923818958364453246e-07 1.769798248176504533e-05 1.318672149599703987e-07
1.615182916049993622e+01 1.922932001732090239e-07 1.722102837052990736e-05 1.318672149599703987e-07
1.769398573399677943e+01 1.921891443592931593e-07 1.665054164075972115e-05 1.318672149599703987e-07
1.938338550041915553e+01 1.914917882646990437e-07 1.599571597243257796e-05 1.318672149599703987e-07
2.123408705682203390e+01 1.913501310866938502e-07 1.526933476474492902e-05 1.318672149599703987e-07
2.326149129763491885e+01 1.911859298318001807e-07 1.448630061956378463e-05 1.318672149599703987e-07
2.548246957554494685e+01 1.909964772924583033e-07 1.366250896465729922e-05 1.318672149599703987e-07
2.791550409902576035e+01 1.907789518594114585e-07 1.281372370735496816e-05 1.318672149599703987e-07
3.058084173484374801e+01 1.905304406571623668e-07 1.195519393633476980e-05 1.318672149599703987e-07
3.350066249544163099e+01 1.902479550699579528e-07 1.110036280492331315e-05 1.318672149599703987e-07
3.669926411328104621e+01 1.899284350541559463e-07 1.026094952402614956e-05 1.318672149599703987e-07
4.020326423812159788e+01 1.895687408573448370e-07 9.446174114517539872e-06 1.318672149599703987e-07
4.404182193983774596e+01 1.891656330713666883e-07 8.662157779683220263e-06 1.318672149599703987e-07
4.824688036005658631e+01 1.892889665787386535e-07 7.912942901701996935e-06 1.318672149599703987e-07
5.285343253186462675e+01 1.887885142556607961e-07 7.200259220315945193e-06 1.318672149599703987e-07
5.789981257965639116e+01 1.882341555629213643e-07 6.525340169280407228e-06 1.318672149599703987e-07
6.342801472237731275e+01 1.876218677982345898e-07 5.887692849529488104e-06 1.318672149599703987e-07
6.948404273480723248e+01 1.869472587097715717e-07 5.286634813551784679e-06 1.318672149599703987e-07
7.611829277496100588e+01 1.862055097321656567e-07 4.721849491317045603e-06 1.318672149599703987e-07
8.338597276338916231e+01 1.853913271059691063e-07 4.194686919366971442e-06 1.318672149599703987e-07
9.134756180427312700e+01 1.844989012342419073e-07 3.707838498502459089e-06 1.318672149599703987e-07
1.000693134715016583e+02 1.835218682222952652e-07 3.260583044110568791e-06 1.318672149599703987e-07
1.096238071478445875e+02 1.824532744645897504e-07 2.852773825988678296e-06 1.318672149599703987e-07
1.200905520053401574e+02 1.812855411358855538e-07 2.481560485129246858e-06 1.318672149599703987e-07
1.315566486529429255e+02 1.800104286223979296e-07 2.147287843082370794e-06 1.318672149599703987e-07
1.441175139575057074e+02 1.786190038564330845e-07 1.850928265496214424e-06 1.318672149599703987e-07
1.578776750697290652e+02 1.771016072210628908e-07 1.591059088267683516e-06 1.318672149599703987e-07
1.729516392627509163e+02 1.754478284692390559e-07 1.364190405589453009e-06 1.318672149599703987e-07
1.894648468218269102e+02 1.730843415795060706e-07 1.166233474331319939e-06 1.318672149599703987e-07
2.075547149147497805e+02 1.711256724777281385e-07 9.931881332325286680e-07 1.318672149599703987e-07
2.273717811296867524e+02 1.689953606415284551e-07 8.412429893734778674e-07 1.318672149599703987e-07
2.490809561966414378e+02 1.666800591638285168e-07 7.091555669586176678e-07 1.318672149599703987e-07
2.728628963171397004e+02 1.641656997731359226e-07 5.962321426055814681e-07 1.318672149599703987e-07
2.989155065223001202e+02 1.614376863668642551e-07 5.001079637629594930e-07 1.318672149599703987e-07
3.274555875696430576e+02 1.590208674304337936e-07 4.179959865881608404e-07 1.318672149599703987e-07
3.587206400835506770e+02 1.558151803826922786e-07 3.480834986982444243e-07 1.318672149599703987e-07
3.929708409528589073e+02 1.523511986825135947e-07 2.889419846943651473e-07 1.318672149599703987e-07
4.304912084323515842e+02 1.486154872773486606e-07 2.390595082224885427e-07 1.318672149599703987e-07
4.715939739655653398e+02 1.445962399477017277e-07 1.972317467071219051e-07 1.318672149599703987e-07
5.166211804661829774e+02 1.402841037266008140e-07 1.622006774464917698e-07 1.318672149599703987e-07
5.659475286801639413e+02 1.356731096596073978e-07 1.329597291011712998e-07 1.318672149599703987e-07
6.199834953149968442e+02 1.307617569593599500e-07 1.086734143628083677e-07 1.318672149599703987e-07
6.791787488840413971e+02 1.255540673265640952e-07 8.853361869236292571e-08 1.318672149599703987e-07
7.440258916913708163e+02 1.200606555385183467e-07 7.190377775072251346e-08 1.318672149599703987e-07
8.150645590969156729e+02 1.142996406928968552e-07 5.820485027782026459e-08 1.318672149599703987e-07
8.928859101739425341e+02 1.082972981630557243e-07 4.696383900463045234e-08 1.318672149599703987e-07
9.781375471293952160e+02 1.020883697481359173e-07 3.776130510679342204e-08 1.318672149599703987e-07
1.071528904423998938e+03 9.571592760367285895e-08 3.025863165822764035e-08 1.318672149599703987e-07
1.173837152439038618e+03 8.923038565398212718e-08 2.415645153564604623e-08 1.318672149599703987e-07
1.285913664817961262e+03 8.268884760127056716e-08 1.921302276501166832e-08 1.318672149599703987e-07
1.408691103301366638e+03 7.615270363128293699e-08 1.522092105244961921e-08 1.318672149599703987e-07
1.543191179013896317e+03 6.968583496606336337e-08 1.200883537280408884e-08 1.318672149599703987e-07
1.690533154788281536e+03 6.335202816105581679e-08 9.434655047581156635e-09 1.318672149599703987e-07
1.851943159281576072e+03 5.721252014147078446e-08 7.379015096724857889e-09 1.318672149599703987e-07
2.028764390390979997e+03 5.132337399931074265e-08 5.745354917114062603e-09 1.318672149599703987e-07
2.222468292879554156e+03 4.573373614524586764e-08 4.451777374975665687e-09 1.318672149599703987e-07
2.434666803227443324e+03 4.048376899892629597e-08 3.433024817174592323e-09 1.318672149599703987e-07
2.667125763606631153e+03 3.560377122347261199e-08 2.634054889007993813e-09 1.318672149599703987e-07
2.921779616604781040e+03 3.111351215388724501e-08 2.010827122905909651e-09 1.318672149599703987e-07
3.200747502983503637e+03 2.702262548991011830e-08 1.527200430432900126e-09 1.318672149599703987e-07
3.506350896430803459e+03 2.333090887876175199e-08 1.153835403764338702e-09 1.318672149599703987e-07
3.841132922056807729e+03 2.002976369393106565e-08 8.672844796964754096e-10 1.318672149599703987e-07
4.207879519396391515e+03 1.710336795251981881e-08 6.484768189041546585e-10 1.318672149599703987e-07
4.609642626029024541e+03 1.453047484808724747e-08 4.824416746145884876e-10 1.318672149599703987e-07
5.049765574740205011e+03 1.228556661322737812e-08 3.570835471119144173e-10 1.318672149599703987e-07
5.531910915575709623e+03 1.034078884624894547e-08 2.630110366203225503e-10 1.318672149599703987e-07
6.060090894306204063e+03 8.667296254926921083e-09 1.927826950182948736e-10 1.318672149599703987e-07
6.638700840942902687e+03 7.236028446257757365e-09 1.406381484434683113e-10 1.318672149599703987e-07
7.272555746143336364e+03 6.018813116910989607e-09 1.021307252399077736e-10 1.318672149599703987e-07
7.966930329887627522e+03 4.988981524963930316e-09 7.382627098353434103e-11 1.318672149599703987e-07
8.727602935865841573e+03 4.121812876364346681e-09 5.313186234020731154e-11 1.318672149599703987e-07
9.560903616839295864e+03 3.394839049821558469e-09 3.806447867042878368e-11 1.318672149599703987e-07
