4.179389070727896717e-07
4.645160761046512247e-07
5.126075712088156565e-07
5.623036062529179539e-07
6.133525333611771779e-07
6.649045256028303654e-07
7.152098503104412761e-07
7.634086171006799150e-07
8.096210655192728254e-07
8.562867268077141893e-07
9.035403686665596749e-07
9.507689114495082652e-07
9.977130659025390752e-07
1.043791242307266135e-06
1.088495961282029466e-06
1.131095748794077815e-06
1.170825267065983807e-06
1.207012335806769242e-06
1.238780441892697331e-06
1.265423470061839122e-06
1.285478956099232999e-06
1.298776850834768806e-06
1.304196194291271234e-06
1.301486800958021079e-06
1.289824969337478643e-06
1.269012142458222213e-06
1.239148457283511499e-06
1.200610704612716808e-06
1.153924675043179957e-06
1.100055231245654143e-06
1.040185081244010071e-06
9.743894727267916135e-07
9.072760704047332995e-07
8.377913790781922709e-07
7.677842284196442043e-07
6.989354332767939432e-07
6.322309200018317016e-07
5.687725910329653103e-07
5.090885777098595490e-07
4.535047239501927833e-07
4.020305080715100656e-07
3.545440138669633106e-07
3.107732339156153499e-07
2.704769580611828313e-07
2.332635742313689885e-07
1.992171435817793047e-07
1.686818984717812599e-07
1.420481879017989403e-07
1.192621044973961228e-07
9.993162391059756204e-08
8.339809082718440995e-08
6.902779136189998566e-08
5.670431729303185662e-08
4.637695380098277077e-08
3.783408824389812256e-08
3.072227627175817699e-08
2.479170294615387983e-08
1.993216955648109545e-08
1.595983902743184056e-08
1.272100642580096829e-08
1.009666445042744964e-08
7.980717900152115077e-09
6.280655398554729648e-09
4.922014896329208969e-09
3.832086147220587282e-09
2.983345045465969237e-09
2.307400543904916641e-09
1.775383064851662559e-09
1.358493276864516944e-09
1.036150044324187110e-09
7.851365338116526984e-10
5.915406159461366872e-10
4.431191454030203158e-10
3.297734738677637192e-10
2.438397974274691697e-10
1.790878525417756420e-10
1.306178252282427720e-10
9.460060948911331566e-11
6.801393862764986754e-11
4.853410249869446261e-11
3.439000041972945042e-11
2.419711366897641239e-11
1.690438187645893797e-11
1.173081778427598140e-11
8.088910516678050909e-12
5.542886821095656019e-12
3.776835424914869135e-12
2.558415033436171390e-12
1.724789737001540493e-12
1.156647163296374498e-12
7.721687054923535417e-13
5.130772466318485796e-13
3.395806866817178354e-13
2.236317344918136331e-13
1.464778301613926081e-13
9.535677215372968937e-14
6.167532076950892813e-14
3.963757929327853827e-14
2.530632626816194644e-14
1.604441502480488296e-14
1.009691013208258825e-14
