2.606474559453106934e-08
2.871806758926814336e-08
3.170471852625644934e-08
3.483566339319262480e-08
3.826700201473084440e-08
4.186407034917070374e-08
4.570377850351705355e-08
4.969714348809654276e-08
5.379684628632397565e-08
5.793534087928910488e-08
6.206444405613392063e-08
6.604173892606435640e-08
6.971281062641344476e-08
7.322532838592901029e-08
7.672846883300216498e-08
8.019289347135413283e-08
8.358073813693116260e-08
8.685928086864482781e-08
8.998945891410970447e-08
9.293018097205461666e-08
9.562336776038914294e-08
9.802811013035266440e-08
1.000947123795043619e-07
1.017704532747781295e-07
1.030297790917666983e-07
1.037572798633779967e-07
1.039820652830901852e-07
1.036860912168141421e-07
1.027122079202214875e-07
1.011617631955451031e-07
9.896970874563868802e-08
9.621098068223864474e-08
9.284030914810570805e-08
8.890962848298241567e-08
8.449441343370383622e-08
7.966353177190095004e-08
7.450267512198840240e-08
6.911962657749996235e-08
6.362760927359343214e-08
5.813581895711721380e-08
5.276163107952198532e-08
4.760166372706547407e-08
4.271648408955787108e-08
3.816776350845620497e-08
3.396499790798221786e-08
3.009464480155517077e-08
2.653176801910724790e-08
2.323970608227134458e-08
2.018621709655723884e-08
1.736843677929020725e-08
1.480225596063322859e-08
1.251192000463252653e-08
1.052670991524397162e-08
8.839204199718453707e-09
7.408895027242141285e-09
6.176618147696455381e-09
5.105067505906173861e-09
4.187129960730072527e-09
3.424377557787244717e-09
2.794458508518079117e-09
2.266687694923051447e-09
1.828227135012704832e-09
1.470222569408684137e-09
1.178594794134494992e-09
9.381739876751030794e-10
7.448561098950643752e-10
5.891084863732187874e-10
4.640635780924753630e-10
3.641156177574742333e-10
2.845833137312126760e-10
2.215352762910227722e-10
1.717597863130524506e-10
1.326684199920697789e-10
1.020183372664957538e-10
7.810649159617943980e-11
5.953355945669676206e-11
4.516513453644199442e-11
3.409723216607527670e-11
2.561458618225304720e-11
1.913684602867443212e-11
1.421948701776284084e-11
1.050680351740672758e-11
7.716378265759383722e-12
5.632793810809977973e-12
4.085627243567171329e-12
2.944229436981943755e-12
2.107681801157363396e-12
1.498680768086542656e-12
1.054225620839534097e-12
7.424414959756433056e-13
5.172694820693387339e-13
3.579346196447023714e-13
2.460502374243464797e-13
1.680416223198259024e-13
1.140955897899758812e-13
7.700192107881673518e-14
5.167765678622884202e-14
3.449184498652035100e-14
2.287763394493111848e-14
1.506282914381592177e-14
9.844173258681381312e-15
