1.944497479651607362e-13
1.973984315669325555e-13
2.001322342550715883e-13
2.023992189889916381e-13
2.045111384438092967e-13
2.060872894038450700e-13
2.075165154042233703e-13
2.083164647130922874e-13
2.090078285138331685e-13
2.092801191808259813e-13
2.094177066673247551e-13
2.093185992469639421e-13
2.091321719906076844e-13
2.088753383776752321e-13
2.085620894006620682e-13
2.081816584589731277e-13
2.077214892977934021e-13
2.071674018145466928e-13
2.065033963080462183e-13
2.057112066253695572e-13
2.047750514379018639e-13
2.036750858854438258e-13
2.023924697298077244e-13
2.009086091357325847e-13
1.992030052695042761e-13
1.972596701602107391e-13
1.950628049939227140e-13
1.925987787690398853e-13
1.898571096738085538e-13
1.868327904327920012e-13
1.835285530425875112e-13
1.799511517437295106e-13
1.761138559252754411e-13
1.720386220754881323e-13
1.677490714728649502e-13
1.631030108727631995e-13
1.578295622803251034e-13
1.524994704491776655e-13
1.472779441636617495e-13
1.421031777020964774e-13
1.366870907661327523e-13
1.315266680691412880e-13
1.264278463545376118e-13
1.211621446989934705e-13
1.160103721313006204e-13
1.109055098262599535e-13
1.060909620979722545e-13
1.007990931471184089e-13
9.562601318680608382e-14
9.087950046467792466e-14
8.600245295751522670e-14
8.117929000276189924e-14
7.643162656405439765e-14
7.176007354105459767e-14
6.716640944713599360e-14
6.266454828850495842e-14
5.826152769240926041e-14
5.396093333432277355e-14
4.978224802201755857e-14
4.572908330349953425e-14
4.180446192053359236e-14
3.802961428635897927e-14
3.440742972558589639e-14
3.095138006720759257e-14
2.766661908682788781e-14
2.456580406587938446e-14
2.164428065941435501e-14
1.892059010790243703e-14
1.639379041219854669e-14
1.406980999954950969e-14
1.194533507311207783e-14
1.002386310716511610e-14
8.304472351363405062e-15
6.773707682595611716e-15
5.434596442564329876e-15
4.276190340730891965e-15
3.288345386365399425e-15
2.460436954112619792e-15
1.780953290812573351e-15
1.237858194788102388e-15
8.149255885458535622e-16
4.994109911428715873e-16
2.766078555677500604e-16
1.310770053233952773e-16
4.741613129715737354e-17
9.405673236203350007e-18
2.080841303593268777e-19
0.000000000000000000e+00
0.000000000000000000e+00
0.000000000000000000e+00
0.000000000000000000e+00
0.000000000000000000e+00
0.000000000000000000e+00
0.000000000000000000e+00
0.000000000000000000e+00
0.000000000000000000e+00
0.000000000000000000e+00
0.000000000000000000e+00
0.000000000000000000e+00
0.000000000000000000e+00
0.000000000000000000e+00
