0.000000000000000000e+00
0.000000000000000000e+00
6.345801462043446964e-10
2.839604920034674164e-09
4.641738042402870029e-09
5.431340753861000561e-09
5.465575610782163941e-09
5.465575104911196445e-09
5.465574478136185351e-09
5.465573701550918689e-09
5.465572739386638526e-09
5.465571547378932496e-09
5.465570070602401600e-09
5.465568241056214304e-09
5.465565974460974512e-09
5.465563166380620101e-09
5.465559687507391684e-09
5.465555377376073899e-09
5.465550037586857504e-09
5.465543421920928101e-09
5.465535225568858990e-09
5.465525070708271337e-09
5.465512489068753663e-09
5.465496900722982367e-09
5.465477586856907902e-09
5.465453657067724293e-09
5.465424007737291077e-09
5.465387275591437699e-09
5.465341769335171672e-09
5.465285392347207492e-09
5.465215550719237370e-09
5.465129023452104185e-09
5.465021832655973031e-09
5.464889035607515437e-09
5.464724520370709262e-09
5.464520712804722673e-09
5.464268224527522752e-09
5.463955435282821584e-09
5.463567951616512493e-09
5.463087931262352147e-09
5.462493293338794392e-09
5.461756712887524143e-09
5.460844318546408482e-09
5.459714247922156701e-09
5.458314823183963668e-09
5.456581958776382568e-09
5.454436574665956530e-09
5.451780775647699589e-09
5.448493772036895979e-09
5.444426466634606349e-09
5.439395026234233421e-09
5.433173152479724043e-09
5.425482662872345411e-09
5.415981830149487905e-09
5.404252459667357614e-09
5.389783966444602445e-09
5.371954578340846893e-09
5.350012201597119183e-09
5.323050413717704640e-09
5.289984308586385903e-09
5.249532367825517715e-09
5.200188289905291172e-09
5.140213927850113652e-09
5.067633512212550898e-09
4.980258625610205245e-09
4.875742130606401283e-09
4.751671494429159074e-09
4.605723657196940774e-09
4.435885133991557658e-09
4.240730028867358157e-09
4.019744764149352321e-09
3.773664476985739451e-09
3.504759257746491400e-09
3.216974395690851468e-09
2.915888881484748588e-09
2.608410463869706491e-09
2.302221595735648227e-09
2.005042146597396064e-09
1.723926314014324846e-09
1.464533255972168656e-09
1.230738172994132788e-09
1.024383755809931426e-09
8.455683828276875876e-10
6.929547424270432416e-10
5.643229636209065385e-10
4.570032386762390663e-10
3.682087855919453653e-10
2.952645728052998236e-10
2.357182846921620984e-10
1.873875059716160792e-10
1.483638695033762343e-10
1.170108840410838491e-10
9.194204816925214018e-11
7.198280203026723184e-11
5.616223685419824555e-11
4.367222893633583436e-11
3.385012498780640702e-11
2.615586422386745040e-11
2.014919689874384025e-11
1.547637675016169612e-11
1.185291101607259590e-11
