1.056032981064548126e+00 4.869677615469847796e-10 2.166845302465923478e-08 0.000000000000000000e+00
1.175443983510534363e+00 5.070190011147518802e-10 2.339432418225556140e-08 0.000000000000000000e+00
1.308357393325258133e+00 5.242863853073004736e-10 2.514912572963620161e-08 0.000000000000000000e+00
1.456299996156748877e+00 5.381504065260223876e-10 2.693352028521754705e-08 0.000000000000000000e+00
1.620971219045888478e+00 5.484661856937594125e-10 2.868267405353628875e-08 0.000000000000000000e+00
1.804262651863866251e+00 5.552574138118478666e-10 3.039772730728192178e-08 0.000000000000000000e+00
2.008279776137516404e+00 5.587452711062929413e-10 3.204017361579735318e-08 0.000000000000000000e+00
2.235366150863083323e+00 5.598307993279202666e-10 3.359729228727541302e-08 0.000000000000000000e+00
2.488130333132567262e+00 5.597913311620821758e-10 3.509357430054295944e-08 0.000000000000000000e+00
2.769475842811750965e+00 5.596049479290166833e-10 3.654435645098745331e-08 0.000000000000000000e+00
3.082634515476230241e+00 5.593986307475694927e-10 3.795282145825016636e-08 0.000000000000000000e+00
3.431203626733101864e+00 5.591712127574218299e-10 3.929680435264733276e-08 0.000000000000000000e+00
3.819187214377767425e+00 5.589199459678660771e-10 4.056651684289409922e-08 0.000000000000000000e+00
4.251042073056519932e+00 5.586417503291347375e-10 4.173646594063736378e-08 0.000000000000000000e+00
4.731728949778890581e+00 5.583331000628222272e-10 4.278553572806919221e-08 0.000000000000000000e+00
5.266769528365972342e+00 5.579906661426413645e-10 4.370113677267435908e-08 0.000000000000000000e+00
5.862309857419115922e+00 5.576075247906992523e-10 4.445795163261212298e-08 0.000000000000000000e+00
6.525190950410857837e+00 5.571819413663329977e-10 4.503585577112794638e-08 0.000000000000000000e+00
7.263027368885755841e+00 5.567101802933807069e-10 4.541987964458195831e-08 0.000000000000000000e+00
8.084294691462201143e+00 5.561850722479158194e-10 4.559204631014981921e-08 0.000000000000000000e+00
8.998426873397548320e+00 5.556339174701094161e-10 4.553313222132652998e-08 0.000000000000000000e+00
1.001592461509324039e+01 5.549548997021888636e-10 4.523419733608996784e-08 0.000000000000000000e+00
1.114847598437533449e+01 5.542373259129981364e-10 4.468719402697846659e-08 0.000000000000000000e+00
1.240909067814867583e+01 5.534411910501278429e-10 4.388852625804332443e-08 0.000000000000000000e+00
1.381224946569640366e+01 5.525593958649753178e-10 4.283111840641395139e-08 0.000000000000000000e+00
1.537407053029052229e+01 5.515843570543106350e-10 4.153127800949096354e-08 0.000000000000000000e+00
1.711249461989307719e+01 5.504993687121307584e-10 3.999756670916652214e-08 0.000000000000000000e+00
1.904749113378321468e+01 5.492980352736520155e-10 3.824796288528562408e-08 0.000000000000000000e+00
2.120128751244688203e+01 5.479683731166292934e-10 3.630736101564585797e-08 0.000000000000000000e+00
2.359862456574094125e+01 5.464954095772397243e-10 3.420987184257563011e-08 0.000000000000000000e+00
2.626704067231091244e+01 5.448654093491170389e-10 3.198979346742724472e-08 0.000000000000000000e+00
2.923718811487309566e+01 5.430642890710064479e-10 2.968631028550003001e-08 0.000000000000000000e+00
3.254318518513449021e+01 5.410673756697952990e-10 2.735107633569260590e-08 0.000000000000000000e+00
3.622300810299908846e+01 5.388706996708827604e-10 2.501710983068840424e-08 0.000000000000000000e+00
4.031892725206589034e+01 5.364435103507273534e-10 2.270536054132402560e-08 0.000000000000000000e+00
4.487799274248540371e+01 5.337693471492930466e-10 2.052817521518440877e-08 0.000000000000000000e+00
4.995257487887015913e+01 5.308243271461907886e-10 1.843406726589829615e-08 0.000000000000000000e+00
5.560096574165519456e+01 5.275773364936662645e-10 1.647289762319933753e-08 0.000000000000000000e+00
6.188804879230252709e+01 5.240157685536761380e-10 1.465048963325133984e-08 0.000000000000000000e+00
6.888604419417499969e+01 5.201032928061265456e-10 1.297139797231495506e-08 0.000000000000000000e+00
7.667533841060405564e+01 5.158090297219136874e-10 1.142661566897307422e-08 0.000000000000000000e+00
8.534540760983165342e+01 5.110973761162723927e-10 1.000789476596094429e-08 0.000000000000000000e+00
9.499584548401358575e+01 5.059407217161110998e-10 8.705613199521796419e-09 0.000000000000000000e+00
1.057375072889466310e+02 5.003058701832501899e-10 7.512625542902212731e-09 0.000000000000000000e+00
1.176937832461472624e+02 4.941584258680953356e-10 6.428519822117674672e-09 0.000000000000000000e+00
1.310020159349736844e+02 4.875459824543985442e-10 5.457476235495391372e-09 0.000000000000000000e+00
1.458150779564580262e+02 4.801873184258099750e-10 4.601969466614345098e-09 0.000000000000000000e+00
1.623031279915676635e+02 4.722991156257714390e-10 3.863030783866378469e-09 0.000000000000000000e+00
1.806555654259147161e+02 4.637650665554692814e-10 3.232463535086590458e-09 0.000000000000000000e+00
2.010832059937378347e+02 4.545549056719044177e-10 2.695445433066865948e-09 0.000000000000000000e+00
2.238207034330328042e+02 4.446330643060078210e-10 2.235900300780407059e-09 0.000000000000000000e+00
2.491292449694543905e+02 4.340610021497298706e-10 1.841686116750428987e-09 0.000000000000000000e+00
2.772995515922919481e+02 4.225561618007966397e-10 1.507655123287949586e-09 0.000000000000000000e+00
3.086552175868076802e+02 4.103691593609864658e-10 1.229233789141002125e-09 0.000000000000000000e+00
3.435564276845046834e+02 3.974086983422179436e-10 9.983392107807462956e-10 0.000000000000000000e+00
3.824040945302937757e+02 3.836816636373473638e-10 8.076094250899620836e-10 0.000000000000000000e+00
4.256444639942141634e+02 3.693066922123037291e-10 6.496457096218934080e-10 0.000000000000000000e+00
4.737742412289155709e+02 3.540920617883643184e-10 5.204821013366147784e-10 0.000000000000000000e+00
5.273462963565856398e+02 3.381421155629970072e-10 4.154001121461228978e-10 0.000000000000000000e+00
5.869760153267689020e+02 3.216432764531272563e-10 3.298853208747137941e-10 0.000000000000000000e+00
6.533483688978308237e+02 3.046424507055298481e-10 2.609517580838059666e-10 0.000000000000000000e+00
7.272257809440862957e+02 2.870888263497353443e-10 2.056147454322363988e-10 0.000000000000000000e+00
8.094568864722074295e+02 2.691539142942336951e-10 1.612945569735491228e-10 0.000000000000000000e+00
9.009862799510120794e+02 2.508931822115284234e-10 1.258927197862937633e-10 0.000000000000000000e+00
1.002865365934268880e+03 2.325698654958398448e-10 9.788881627189051820e-11 0.000000000000000000e+00
1.116264436618460877e+03 2.142995443946288913e-10 7.576983303866123375e-11 0.000000000000000000e+00
1.242486115071199492e+03 1.961566236656820442e-10 5.837329710175501354e-11 0.000000000000000000e+00
1.382980318553656389e+03 1.783202184743544974e-10 4.474901834164599053e-11 0.000000000000000000e+00
1.539360913821697523e+03 1.609911231204910443e-10 3.413009261075633792e-11 0.000000000000000000e+00
1.713424255726343517e+03 1.442338670736859650e-10 2.589319098557266556e-11 0.000000000000000000e+00
1.907169822067742189e+03 1.282059783857744265e-10 1.953571980812201754e-11 0.000000000000000000e+00
2.122823181736748211e+03 1.130503781107883433e-10 1.464675548227969779e-11 0.000000000000000000e+00
2.362861559980607581e+03 9.892787825853558882e-11 1.092217547592798762e-11 0.000000000000000000e+00
2.630042294462951304e+03 8.584999208165691914e-11 8.090471451440717989e-12 0.000000000000000000e+00
2.927434508994474982e+03 7.389083325177508835e-11 5.953126066322340873e-12 0.000000000000000000e+00
3.258454368773508122e+03 6.309441661332276049e-11 4.351751812908113614e-12 0.000000000000000000e+00
3.626904322114499791e+03 5.342540542424563353e-11 3.157534581510947408e-12 0.000000000000000000e+00
4.037016779438275080e+03 4.490578848093930157e-11 2.274957779393060267e-12 0.000000000000000000e+00
4.493502731267226409e+03 3.744418454049433999e-11 1.627521344623898429e-12 0.000000000000000000e+00
5.001605863702974602e+03 3.100688679699512177e-11 1.156040365081389966e-12 0.000000000000000000e+00
5.567162793016338583e+03 2.550237299754333722e-11 8.153927600655576784e-13 0.000000000000000000e+00
6.196670111266974345e+03 2.084434790960932015e-11 5.711525205986513145e-13 0.000000000000000000e+00
6.897359013111165041e+03 1.693549616452644961e-11 3.973888173074079782e-13 0.000000000000000000e+00
7.677278361042189317e+03 1.368840127791089103e-11 2.746943850440245987e-13 0.000000000000000000e+00
8.545387143236317570e+03 1.101511635074778858e-11 1.887381805093338228e-13 0.000000000000000000e+00
9.511657386079081334e+03 8.806952576605238513e-12 1.292122961524029058e-13 0.000000000000000000e+00
1.058718870352829254e+04 7.016867750353518821e-12 8.754714760376374917e-14 0.000000000000000000e+00
1.178433579916051713e+04 5.567719846963192520e-12 5.915551639097463284e-14 0.000000000000000000e+00
1.311685038551288017e+04 4.401040993190829101e-12 3.974850058923898391e-14 0.000000000000000000e+00
1.460003915097147365e+04 3.464384566406763567e-12 2.659554467414822567e-14 0.000000000000000000e+00
1.625093958876844590e+04 2.718023573042259186e-12 1.771162295376341312e-14 0.000000000000000000e+00
1.808851570786662342e+04 2.124432620826427874e-12 1.174731763195617683e-14 0.000000000000000000e+00
2.013387587385212828e+04 1.654919441712037262e-12 7.753660715253408672e-15 0.000000000000000000e+00
2.241051528221264743e+04 1.284509695903572572e-12 5.092744582297443753e-15 0.000000000000000000e+00
2.494458584929090648e+04 9.935722281811821941e-13 3.326045274522225744e-15 0.000000000000000000e+00
2.776519662118276028e+04 7.657625574911290965e-13 2.159812127276811426e-15 0.000000000000000000e+00
3.090474815138586200e+04 5.877784456116234404e-13 1.393088251697256367e-15 0.000000000000000000e+00
3.439930468822552211e+04 4.495227219015827628e-13 8.929978618442188506e-16 0.000000000000000000e+00
3.828900844740607135e+04 3.423292820045067630e-13 5.684980265103071664e-16 0.000000000000000000e+00
4.261854072845193878e+04 2.593462315538776985e-13 3.594058807166126936e-16 0.000000000000000000e+00
4.743763517192281142e+04 1.951500805279395615e-13 2.254555063303025788e-16 0.000000000000000000e+00
