2.721097222075798799e-12
2.754272965255884921e-12
2.781418976994804906e-12
2.800349499780608510e-12
2.813135415576061792e-12
2.818659714298226698e-12
2.820089932565772242e-12
2.813702735186387117e-12
2.802451603812722379e-12
2.784190616902031082e-12
2.761452165657669646e-12
2.732318405941848062e-12
2.698317908001411524e-12
2.659946906190738872e-12
2.609153745144334480e-12
2.570475777385463430e-12
2.519438728696180319e-12
2.464628008617751624e-12
2.405232247433698330e-12
2.342002855043735750e-12
2.274663849994531363e-12
2.203620283475196845e-12
2.128694955164208441e-12
2.050085544477218031e-12
1.963826290482506329e-12
1.882876343059276582e-12
1.795006255849684874e-12
1.704830573609367467e-12
1.612753190708654186e-12
1.519562296066884379e-12
1.425163503866272636e-12
1.330970950151097661e-12
1.237536122299815889e-12
1.145628697977909831e-12
1.055485644304901965e-12
9.681399006610115137e-13
8.837907787835524517e-13
8.036424626851539641e-13
7.281359778453535458e-13
6.576345583782354494e-13
5.919950970810996416e-13
5.317115426268646714e-13
4.764823230020392722e-13
4.259206332823123129e-13
3.800243009884599189e-13
3.383596364849221881e-13
3.009462966141285484e-13
2.666162175116937272e-13
2.358386044249648542e-13
2.086727453688245706e-13
1.843562960554964474e-13
1.628957939099007049e-13
1.440298124218398746e-13
1.274562217497257926e-13
1.128455218366310008e-13
9.991189944740718853e-14
8.845071274830640144e-14
7.830295107827987644e-14
6.932707333844514217e-14
6.135235867458114081e-14
5.422071701517905187e-14
4.784921493333393469e-14
4.213625489772821293e-14
3.700246058617042154e-14
3.239355816937799549e-14
2.821626622481084176e-14
2.445618472088495962e-14
2.107382252765559066e-14
1.803270882255300763e-14
1.530901975078914615e-14
1.287570088496241038e-14
1.071700681930942797e-14
8.816709193420663184e-15
7.148643013278705886e-15
5.706103389297746902e-15
4.470365884917120750e-15
3.425168930153895912e-15
2.555098184126144831e-15
1.844973375113219156e-15
1.279883601142051431e-15
8.414207424127618821e-16
5.151938075365654784e-16
2.852474837766766233e-16
1.352073728519570345e-16
4.895816096675105761e-17
9.731020642294782543e-18
2.160840358977667081e-19
0.000000000000000000e+00
0.000000000000000000e+00
0.000000000000000000e+00
0.000000000000000000e+00
0.000000000000000000e+00
0.000000000000000000e+00
0.000000000000000000e+00
0.000000000000000000e+00
0.000000000000000000e+00
0.000000000000000000e+00
0.000000000000000000e+00
0.000000000000000000e+00
0.000000000000000000e+00
0.000000000000000000e+00
