1.056032981064548126e+00 9.968019856368125249e-09 2.985982176115866179e-07 1.490402820265086666e-09
1.175443983510534363e+00 1.175913721130034299e-08 3.719426159892313466e-07 1.490402820265086666e-09
1.308357393325258133e+00 1.365774502108092990e-08 4.584399837711664417e-07 1.490402820265086666e-09
1.456299996156748877e+00 1.555833569911660309e-08 5.580126775743992217e-07 1.490402820265086666e-09
1.620971219045888478e+00 1.737091332722805044e-08 6.663072872480137294e-07 1.490402820265086666e-09
1.804262651863866251e+00 1.900510635705310151e-08 7.927146038216391946e-07 1.490402820265086666e-09
2.008279776137516404e+00 2.036256985047408149e-08 9.239330721038778595e-07 1.490402820265086666e-09
2.235366150863083323e+00 2.142353993174538969e-08 1.061977115307708065e-06 1.490402820265086666e-09
2.488130333132567262e+00 2.210152129429188426e-08 1.199491999562860595e-06 1.490402820265086666e-09
2.769475842811750965e+00 2.250428908718970074e-08 1.337017292963743620e-06 1.490402820265086666e-09
3.082634515476230241e+00 2.269862205276707111e-08 1.472107664669287439e-06 1.490402820265086666e-09
3.431203626733101864e+00 2.275734175645691443e-08 1.606131775918511652e-06 1.490402820265086666e-09
3.819187214377767425e+00 2.277892690284683461e-08 1.741212014908009061e-06 1.490402820265086666e-09
4.251042073056519932e+00 2.278000719284520383e-08 1.879201292633941448e-06 1.490402820265086666e-09
4.731728949778890581e+00 2.278004482483773295e-08 2.022195318918503098e-06 1.490402820265086666e-09
5.266769528365972342e+00 2.277997782152991889e-08 2.169393135540008189e-06 1.490402820265086666e-09
5.862309857419115922e+00 2.277989471078334883e-08 2.319777713848661527e-06 1.490402820265086666e-09
6.525190950410857837e+00 2.277979179902498498e-08 2.471578791192669094e-06 1.490402820265086666e-09
7.263027368885755841e+00 2.277966437058344081e-08 2.623220079515530327e-06 1.490402820265086666e-09
8.084294691462201143e+00 2.277950642314488178e-08 2.772832899241204029e-06 1.490402820265086666e-09
8.998426873397548320e+00 2.277931086381453729e-08 2.917849709563360815e-06 1.490402820265086666e-09
1.001592461509324039e+01 2.277906869138388367e-08 3.056004932766128746e-06 1.490402820265086666e-09
1.114847598437533449e+01 2.277876895847688735e-08 3.184481971543893508e-06 1.490402820265086666e-09
1.240909067814867583e+01 2.277839815425703630e-08 3.300252547172422347e-06 1.490402820265086666e-09
1.381224946569640366e+01 2.277793957562635015e-08 3.399726972194194841e-06 1.490402820265086666e-09
1.537407053029052229e+01 2.277737237110924042e-08 3.480477435570800635e-06 1.490402820265086666e-09
1.711249461989307719e+01 2.277667104212669766e-08 3.540177417450376028e-06 1.490402820265086666e-09
1.904749113378321468e+01 2.277580469277305588e-08 3.573898101722923550e-06 1.490402820265086666e-09
2.120128751244688203e+01 2.277473511252872278e-08 3.582124889751745073e-06 1.490402820265086666e-09
2.359862456574094125e+01 2.277341544329980305e-08 3.560622765493744976e-06 1.490402820265086666e-09
2.626704067231091244e+01 2.277178824103670383e-08 3.510308987091441200e-06 1.490402820265086666e-09
2.923718811487309566e+01 2.276978255110930288e-08 3.430013215443333613e-06 1.490402820265086666e-09
3.254318518513449021e+01 2.276730792762127973e-08 3.321719447879288624e-06 1.490402820265086666e-09
3.622300810299908846e+01 2.276425914038104119e-08 3.186550235526795322e-06 1.490402820265086666e-09
4.031892725206589034e+01 2.276050997635115487e-08 3.029170711963975902e-06 1.490402820265086666e-09
4.487799274248540371e+01 2.275590051923656338e-08 2.852114233354814521e-06 1.490402820265086666e-09
4.995257487887015913e+01 2.275023664900019877e-08 2.664170828873392929e-06 1.490402820265086666e-09
5.560096574165519456e+01 2.274328998665459923e-08 2.466797129295725355e-06 1.490402820265086666e-09
6.188804879230252709e+01 2.273477510147534035e-08 2.267103174961251255e-06 1.490402820265086666e-09
6.888604419417499969e+01 2.272435722608004542e-08 2.069605946910384897e-06 1.490402820265086666e-09
7.667533841060405564e+01 2.271162849815448810e-08 1.878799872317511651e-06 1.490402820265086666e-09
8.534540760983165342e+01 2.269609995717584291e-08 1.697030340837072858e-06 1.490402820265086666e-09
9.499584548401358575e+01 2.267718325584622953e-08 1.526003809729991026e-06 1.490402820265086666e-09
1.057375072889466310e+02 2.265417575835408860e-08 1.365268956914210198e-06 1.490402820265086666e-09
1.176937832461472624e+02 2.262625378032363813e-08 1.215506459285103325e-06 1.490402820265086666e-09
1.310020159349736844e+02 2.259243679646905880e-08 1.074434456127777340e-06 1.490402820265086666e-09
1.458150779564580262e+02 2.255156989500266700e-08 9.427467005343481819e-07 1.490402820265086666e-09
1.623031279915676635e+02 2.250229768504712144e-08 8.200408286679577568e-07 1.490402820265086666e-09
1.806555654259147161e+02 2.244302160261691967e-08 7.067133610564887556e-07 1.490402820265086666e-09
2.010832059937378347e+02 2.237180405244936252e-08 6.046687979108996594e-07 1.490402820265086666e-09
2.238207034330328042e+02 2.228663615148862597e-08 5.136974875603972531e-07 1.490402820265086666e-09
2.491292449694543905e+02 2.218514822656031359e-08 4.341098172307757001e-07 1.490402820265086666e-09
2.772995515922919481e+02 2.206458449017141443e-08 3.653931710635777437e-07 1.490402820265086666e-09
3.086552175868076802e+02 2.192191861830684357e-08 3.061672654451803732e-07 1.490402820265086666e-09
3.435564276845046834e+02 2.175389053782026655e-08 2.551867131818292129e-07 1.490402820265086666e-09
3.824040945302937757e+02 2.155693446577728452e-08 2.114613978825004411e-07 1.490402820265086666e-09
4.256444639942141634e+02 2.132722539795371932e-08 1.741220414612978676e-07 1.490402820265086666e-09
4.737742412289155709e+02 2.106071679196463668e-08 1.428157985498860684e-07 1.490402820265086666e-09
5.273462963565856398e+02 2.075324537436869311e-08 1.164376000431022294e-07 1.490402820265086666e-09
5.869760153267689020e+02 2.040052485128356932e-08 9.462999213490298534e-08 1.490402820265086666e-09
6.533483688978308237e+02 1.999865858896236625e-08 7.647150908519394231e-08 1.490402820265086666e-09
7.272257809440862957e+02 1.954403594042420672e-08 6.155853009386151215e-08 1.490402820265086666e-09
8.094568864722074295e+02 1.903353678865171213e-08 4.934277105560602255e-08 1.490402820265086666e-09
9.009862799510120794e+02 1.846476713115551999e-08 3.937841158350972682e-08 1.490402820265086666e-09
1.002865365934268880e+03 1.783626304580111244e-08 3.129796233129786704e-08 1.490402820265086666e-09
1.116264436618460877e+03 1.714857994641799147e-08 2.479274071053515835e-08 1.490402820265086666e-09
1.242486115071199492e+03 1.640315220764469428e-08 1.955165970933700402e-08 1.490402820265086666e-09
1.382980318553656389e+03 1.560274248218950088e-08 1.536294669362956236e-08 1.490402820265086666e-09
1.539360913821697523e+03 1.475245200064315493e-08 1.201425382193503230e-08 1.490402820265086666e-09
1.713424255726343517e+03 1.385998527688541880e-08 9.361229138005417569e-09 1.490402820265086666e-09
1.907169822067742189e+03 1.293316720584078461e-08 7.262431403277658660e-09 1.490402820265086666e-09
2.122823181736748211e+03 1.197927068229545915e-08 5.612257953785986207e-09 1.490402820265086666e-09
2.362861559980607581e+03 1.101348892860524670e-08 4.315227683365256318e-09 1.490402820265086666e-09
2.630042294462951304e+03 1.004593174013312496e-08 3.303991670719246857e-09 1.490402820265086666e-09
2.927434508994474982e+03 9.089126582617954353e-09 2.517546380289718625e-09 1.490402820265086666e-09
3.258454368773508122e+03 8.155245728028965232e-09 1.909302503563717815e-09 1.490402820265086666e-09
3.626904322114499791e+03 7.255329791434745293e-09 1.439808522886923243e-09 1.490402820265086666e-09
4.037016779438275080e+03 6.399955901758162703e-09 1.080378911635009386e-09 1.490402820265086666e-09
4.493502731267226409e+03 5.595736816754213848e-09 8.059415429981995153e-10 1.490402820265086666e-09
5.001605863702974602e+03 4.852388999955137987e-09 5.977642320329295684e-10 1.490402820265086666e-09
5.567162793016338583e+03 4.173324822299332337e-09 4.408363961481157490e-10 1.490402820265086666e-09
6.196670111266974345e+03 3.560119095839238535e-09 3.230612189878115773e-10 1.490402820265086666e-09
6.897359013111165041e+03 3.011681013608757234e-09 2.352834636708372500e-10 1.490402820265086666e-09
7.677278361042189317e+03 2.531134013017512690e-09 1.703162330445164595e-10 1.490402820265086666e-09
8.545387143236317570e+03 2.111816069806195224e-09 1.224763628663516536e-10 1.490402820265086666e-09
9.511657386079081334e+03 1.748405129354898572e-09 8.746535495277648820e-11 1.490402820265086666e-09
1.058718870352829254e+04 1.438525785869617392e-09 6.207818270972586836e-11 1.490402820265086666e-09
1.178433579916051713e+04 1.177017281548211429e-09 4.377559539040467901e-11 1.490402820265086666e-09
1.311685038551288017e+04 9.567857721201302265e-10 3.075173396643221240e-11 1.490402820265086666e-09
1.460003915097147365e+04 7.748158624918330832e-10 2.135633703444917066e-11 1.490402820265086666e-09
1.625093958876844590e+04 6.228315695629613701e-10 1.477399222304806157e-11 1.490402820265086666e-09
1.808851570786662342e+04 4.989922119450239846e-10 1.015963975258249743e-11 1.490402820265086666e-09
2.013387587385212828e+04 3.977976399074276264e-10 6.947977742065139879e-12 1.490402820265086666e-09
2.241051528221264743e+04 3.158687651322023271e-10 4.720033644077719746e-12 1.490402820265086666e-09
2.494458584929090648e+04 2.498576914854770533e-10 3.189994315363757328e-12 1.490402820265086666e-09
2.776519662118276028e+04 1.968285191514806664e-10 2.144583062488173384e-12 1.490402820265086666e-09
3.090474815138586200e+04 1.545856243809872798e-10 1.433546997329618817e-12 1.490402820265086666e-09
3.439930468822552211e+04 1.208679467839301643e-10 9.528596176716671011e-13 1.490402820265086666e-09
3.828900844740607135e+04 9.420943949442181041e-11 6.292763909566046684e-13 1.490402820265086666e-09
4.261854072845193878e+04 7.318131028922780448e-11 4.127705667247069789e-13 1.490402820265086666e-09
4.743763517192281142e+04 5.668290343315795559e-11 2.688736107095655039e-13 1.490402820265086666e-09
