1.047376681114152053e+00 0.000000000000000000e+00 8.233320352335942971e+01 2.100000000000000000e+01
1.147378904865844262e+00 0.000000000000000000e+00 8.549249709693593502e+01 2.100000000000000000e+01
1.256929216650817027e+00 0.000000000000000000e+00 8.865629920946379627e+01 2.100000000000000000e+01
1.376939256047382987e+00 0.000000000000000000e+00 9.187154811333570592e+01 2.100000000000000000e+01
1.508407704847735342e+00 0.000000000000000000e+00 9.520295575115832776e+01 2.100000000000000000e+01
1.652428597740346783e+00 0.000000000000000000e+00 9.872754481340831489e+01 2.100000000000000000e+01
1.810200426485989444e+00 0.000000000000000000e+00 1.025306487707416778e+02 2.100000000000000000e+01
1.983036113349190055e+00 0.000000000000000000e+00 1.066921990323778004e+02 2.100000000000000000e+01
2.172373936780469084e+00 0.000000000000000000e+00 1.112665829227751431e+02 2.100000000000000000e+01
2.379789500269210656e+00 0.000000000000000000e+00 1.163047765015994202e+02 2.100000000000000000e+01
2.607008843967693057e+00 0.000000000000000000e+00 1.218324711158948048e+02 2.100000000000000000e+01
2.855922808196662110e+00 0.000000000000000000e+00 1.278953510160644811e+02 2.100000000000000000e+01
3.128602768360589703e+00 0.000000000000000000e+00 1.345325719373034872e+02 2.100000000000000000e+01
3.427317872213148320e+00 0.000000000000000000e+00 1.416841451231976521e+02 2.100000000000000000e+01
3.754553922915217612e+00 0.000000000000000000e+00 1.494630047541162980e+02 2.100000000000000000e+01
4.113034065023922992e+00 0.000000000000000000e+00 1.579618882518654175e+02 2.100000000000000000e+01
4.505741445554233060e+00 0.000000000000000000e+00 1.672413090028154556e+02 2.100000000000000000e+01
4.935944038690323943e+00 0.000000000000000000e+00 1.774274301371051763e+02 2.100000000000000000e+01
5.407221840729851792e+00 0.000000000000000000e+00 1.885536294290783985e+02 2.100000000000000000e+01
5.923496661567464905e+00 0.000000000000000000e+00 2.008516326164048564e+02 2.100000000000000000e+01
6.489064760632228257e+00 0.000000000000000000e+00 2.136818579296004259e+02 2.100000000000000000e+01
7.108632598863702690e+00 0.000000000000000000e+00 2.278050875664903003e+02 2.100000000000000000e+01
7.787356004242504071e+00 0.000000000000000000e+00 2.429833748891145717e+02 2.100000000000000000e+01
8.530883076796710540e+00 0.000000000000000000e+00 2.592445202549885153e+02 2.100000000000000000e+01
9.345401190125155466e+00 0.000000000000000000e+00 2.766266796646443709e+02 2.100000000000000000e+01
1.023768848056787562e+01 0.000000000000000000e+00 2.951514408396784575e+02 2.100000000000000000e+01
1.121517025249811894e+01 0.000000000000000000e+00 3.147779303192108387e+02 2.100000000000000000e+01
1.228598076912194514e+01 0.000000000000000000e+00 3.354820935384336735e+02 2.100000000000000000e+01
1.345903094298667391e+01 0.000000000000000000e+00 3.572306783554123513e+02 2.100000000000000000e+01
1.474408248949403344e+01 0.000000000000000000e+00 3.799892164925980182e+02 2.100000000000000000e+01
1.615182916049993622e+01 0.000000000000000000e+00 4.035804481470180463e+02 2.100000000000000000e+01
1.769398573399677943e+01 0.000000000000000000e+00 4.278663002325630487e+02 2.100000000000000000e+01
1.938338550041915553e+01 0.000000000000000000e+00 4.528097141387854094e+02 2.100000000000000000e+01
2.123408705682203390e+01 0.000000000000000000e+00 4.781867073892448161e+02 2.100000000000000000e+01
2.326149129763491885e+01 0.000000000000000000e+00 5.037080376529567616e+02 2.100000000000000000e+01
2.548246957554494685e+01 0.000000000000000000e+00 5.292392804509649977e+02 2.100000000000000000e+01
2.791550409902576035e+01 0.000000000000000000e+00 5.542671292859245114e+02 2.100000000000000000e+01
3.058084173484374801e+01 0.000000000000000000e+00 5.785490545623778189e+02 2.100000000000000000e+01
3.350066249544163099e+01 0.000000000000000000e+00 6.016913354155875595e+02 2.100000000000000000e+01
3.669926411328104621e+01 0.000000000000000000e+00 6.232517101581233874e+02 2.100000000000000000e+01
4.020326423812159788e+01 0.000000000000000000e+00 6.426939394642615753e+02 2.100000000000000000e+01
4.404182193983774596e+01 0.000000000000000000e+00 6.595106081949369354e+02 2.100000000000000000e+01
4.824688036005658631e+01 0.000000000000000000e+00 6.731615709570304489e+02 2.100000000000000000e+01
5.285343253186462675e+01 0.000000000000000000e+00 6.830520220319527880e+02 2.100000000000000000e+01
5.789981257965639116e+01 0.000000000000000000e+00 6.886296590212763249e+02 2.100000000000000000e+01
6.342801472237731275e+01 0.000000000000000000e+00 6.894221068696843986e+02 2.100000000000000000e+01
6.948404273480723248e+01 0.000000000000000000e+00 6.850024521792928454e+02 2.100000000000000000e+01
7.611829277496100588e+01 0.000000000000000000e+00 6.750256998230465797e+02 2.100000000000000000e+01
8.338597276338916231e+01 0.000000000000000000e+00 6.594059782912692071e+02 2.100000000000000000e+01
9.134756180427312700e+01 0.000000000000000000e+00 6.382285427775556172e+02 2.100000000000000000e+01
1.000693134715016583e+02 0.000000000000000000e+00 6.118668810088207692e+02 2.100000000000000000e+01
1.096238071478445875e+02 0.000000000000000000e+00 5.809874406613439533e+02 2.100000000000000000e+01
1.200905520053401574e+02 0.000000000000000000e+00 5.465832920178236236e+02 2.100000000000000000e+01
1.315566486529429255e+02 0.000000000000000000e+00 5.098728025920481741e+02 2.100000000000000000e+01
1.441175139575057074e+02 0.000000000000000000e+00 4.723130245324020962e+02 2.100000000000000000e+01
1.578776750697290652e+02 0.000000000000000000e+00 4.353351351704922649e+02 2.100000000000000000e+01
1.729516392627509163e+02 0.000000000000000000e+00 4.002633370622404527e+02 2.100000000000000000e+01
1.894648468218269102e+02 0.000000000000000000e+00 3.680522694157232877e+02 2.100000000000000000e+01
2.075547149147497805e+02 0.000000000000000000e+00 3.391643601906096706e+02 2.100000000000000000e+01
2.273717811296867524e+02 0.000000000000000000e+00 3.133072901818691207e+02 2.100000000000000000e+01
2.490809561966414378e+02 0.000000000000000000e+00 2.895796215425008313e+02 2.100000000000000000e+01
2.728628963171397004e+02 0.000000000000000000e+00 2.665212829917440445e+02 2.100000000000000000e+01
2.989155065223001202e+02 0.000000000000000000e+00 2.426692298028341384e+02 2.100000000000000000e+01
3.274555875696430576e+02 0.000000000000000000e+00 2.173499939799945935e+02 2.100000000000000000e+01
3.587206400835506770e+02 0.000000000000000000e+00 1.911955381911022869e+02 2.100000000000000000e+01
3.929708409528589073e+02 0.000000000000000000e+00 1.659883332971585332e+02 2.100000000000000000e+01
4.304912084323515842e+02 0.000000000000000000e+00 1.438019270277402484e+02 2.100000000000000000e+01
4.715939739655653398e+02 0.000000000000000000e+00 1.256757791078309765e+02 2.100000000000000000e+01
5.166211804661829774e+02 0.000000000000000000e+00 1.108110812473760944e+02 2.100000000000000000e+01
5.659475286801639413e+02 0.000000000000000000e+00 9.735942295860205320e+01 2.100000000000000000e+01
6.199834953149968442e+02 0.000000000000000000e+00 8.421058014432038874e+01 2.100000000000000000e+01
6.791787488840413971e+02 0.000000000000000000e+00 7.185218900731301517e+01 2.100000000000000000e+01
7.440258916913708163e+02 0.000000000000000000e+00 6.126012577696623396e+01 2.100000000000000000e+01
8.150645590969156729e+02 0.000000000000000000e+00 5.238737683919880084e+01 2.100000000000000000e+01
8.928859101739425341e+02 0.000000000000000000e+00 4.461353299507100445e+01 2.100000000000000000e+01
9.781375471293952160e+02 0.000000000000000000e+00 3.777079078110116939e+01 2.100000000000000000e+01
1.071528904423998938e+03 0.000000000000000000e+00 3.185953704716750678e+01 2.100000000000000000e+01
1.173837152439038618e+03 0.000000000000000000e+00 2.676180782005262060e+01 2.100000000000000000e+01
1.285913664817961262e+03 0.000000000000000000e+00 2.244533829578722361e+01 2.100000000000000000e+01
1.408691103301366638e+03 0.000000000000000000e+00 1.875334119321006199e+01 2.100000000000000000e+01
1.543191179013896317e+03 0.000000000000000000e+00 1.561481412942068658e+01 2.100000000000000000e+01
1.690533154788281536e+03 0.000000000000000000e+00 1.297119020869474326e+01 2.100000000000000000e+01
1.851943159281576072e+03 0.000000000000000000e+00 1.074261144339372365e+01 2.100000000000000000e+01
2.028764390390979997e+03 0.000000000000000000e+00 8.873783144452071170e+00 2.100000000000000000e+01
2.222468292879554156e+03 0.000000000000000000e+00 7.311601833637401349e+00 2.100000000000000000e+01
2.434666803227443324e+03 0.000000000000000000e+00 6.009671228666912945e+00 2.100000000000000000e+01
2.667125763606631153e+03 0.000000000000000000e+00 4.928162509169639272e+00 2.100000000000000000e+01
2.921779616604781040e+03 0.000000000000000000e+00 4.032184529671043016e+00 2.100000000000000000e+01
3.200747502983503637e+03 0.000000000000000000e+00 3.292153278010815587e+00 2.100000000000000000e+01
3.506350896430803459e+03 0.000000000000000000e+00 2.682374750293754939e+00 2.100000000000000000e+01
3.841132922056807729e+03 0.000000000000000000e+00 2.181296352040869468e+00 2.100000000000000000e+01
4.207879519396391515e+03 0.000000000000000000e+00 1.770479722380659426e+00 2.100000000000000000e+01
4.609642626029024541e+03 0.000000000000000000e+00 1.434457125653463283e+00 2.100000000000000000e+01
5.049765574740205011e+03 0.000000000000000000e+00 1.160211987965238611e+00 2.100000000000000000e+01
5.531910915575709623e+03 0.000000000000000000e+00 9.368406225636176643e-01 2.100000000000000000e+01
6.060090894306204063e+03 0.000000000000000000e+00 7.552815350744794820e-01 2.100000000000000000e+01
6.638700840942902687e+03 0.000000000000000000e+00 6.079661368602364835e-01 2.100000000000000000e+01
7.272555746143336364e+03 0.000000000000000000e+00 4.886831696974779371e-01 2.100000000000000000e+01
7.966930329887627522e+03 0.000000000000000000e+00 3.922405684847717344e-01 2.100000000000000000e+01
8.727602935865841573e+03 0.000000000000000000e+00 3.144105173370420614e-01 2.100000000000000000e+01
9.560903616839295864e+03 0.000000000000000000e+00 2.516950614797788810e-01 2.100000000000000000e+01
