2.727806268677208038e-12
2.717372808433268472e-12
2.707437607393860787e-12
2.685066278043170674e-12
2.666806390555551018e-12
2.645697099175238999e-12
2.623752795219318135e-12
2.598741480712870732e-12
2.569793892560959903e-12
2.537119802449757062e-12
2.502215785872981988e-12
2.462874671624030208e-12
2.421078135193259999e-12
2.375880933930346804e-12
2.329390093150347256e-12
2.282633006136107425e-12
2.223373151317337478e-12
2.166635733062735116e-12
2.105528326287712670e-12
2.041968374873936042e-12
1.962613257377747994e-12
1.905797012823394611e-12
1.833711632488889367e-12
1.758679210617230786e-12
1.681399523419035315e-12
1.601931915673176623e-12
1.520671202407107203e-12
1.437933248690878205e-12
1.354230217792195029e-12
1.269625062607834676e-12
1.185208254935025930e-12
1.101263583740857255e-12
1.018050326111224736e-12
9.365474269959296775e-13
8.573320729976608240e-13
7.806409370774741133e-13
7.069680903704148445e-13
6.368964408726966772e-13
5.708344123244598186e-13
5.089650144901954934e-13
4.514821655829086529e-13
3.982116342022728448e-13
3.500643342624063023e-13
3.059650277140642704e-13
2.661769784884042176e-13
2.303489483174653311e-13
1.982934354413439475e-13
1.697814689057807167e-13
1.445255754792803178e-13
1.222976767671597414e-13
1.028639195812748948e-13
8.600649292223381237e-14
7.151024978598782542e-14
5.914260585325591647e-14
4.863628956277193159e-14
3.983363039218993181e-14
3.244141182681792916e-14
2.626571708158984117e-14
2.116794025747460512e-14
1.695595906252511190e-14
1.350158345681045841e-14
1.069186888888189629e-14
8.419777842818763421e-15
6.590854931516700362e-15
5.126311752954491511e-15
3.962967380012502914e-15
3.043151190940132025e-15
2.320894063216813637e-15
1.757461063376186398e-15
1.321008165031317855e-15
9.848279565577607149e-16
7.280453439389764789e-16
5.335036736013501282e-16
3.871527340330035940e-16
2.779862108385408495e-16
1.973443550962537486e-16
1.383345199819643187e-16
9.558910365699733464e-17
6.498467827895487686e-17
4.335574423546188817e-17
2.829911266907056582e-17
1.798026985829508112e-17
1.105267510668596445e-17
6.519660801457543565e-18
3.644950347315494697e-18
1.896465782553960766e-18
8.920932601029126053e-19
3.593383733598403899e-19
1.035204983715682859e-19
7.043139380406215493e-21
0.000000000000000000e+00
0.000000000000000000e+00
0.000000000000000000e+00
0.000000000000000000e+00
0.000000000000000000e+00
0.000000000000000000e+00
0.000000000000000000e+00
0.000000000000000000e+00
0.000000000000000000e+00
0.000000000000000000e+00
0.000000000000000000e+00
