2.526647474110637962e-12
2.556874533688952315e-12
2.581286742739733115e-12
2.597950280791616947e-12
2.608624277132252596e-12
2.612572424894381628e-12
2.612573417161548872e-12
2.605386270473294830e-12
2.593443775298889337e-12
2.574910497721204924e-12
2.552034458990344689e-12
2.522999806694883969e-12
2.489185736010803663e-12
2.451071567813063539e-12
2.400591655743672488e-12
2.362294118926490150e-12
2.311717239398386967e-12
2.257460606803205007e-12
2.198728851125652263e-12
2.136291648418366168e-12
2.069888798556629499e-12
1.999945197589753044e-12
1.926302485434400565e-12
1.849176935341485370e-12
1.764623285213002204e-12
1.685616672899065995e-12
1.599943450855762084e-12
1.512231794840327581e-12
1.422896081034845683e-12
1.332729505634092377e-12
1.241634950823685150e-12
1.151019798407368100e-12
1.061422266374540473e-12
9.735900759024216733e-13
8.877365728320370150e-13
8.050368897882482385e-13
7.259612165032273736e-13
6.511429922359762482e-13
5.808580336816917711e-13
5.155313806761390225e-13
4.553080063149668641e-13
4.001848745577233834e-13
3.500544766475016099e-13
3.047584885833188171e-13
2.640139288571592985e-13
2.274541266586622345e-13
1.948553345161562686e-13
1.658171243645752930e-13
1.402125912381587578e-13
1.177932449041466459e-13
9.835384309798122074e-14
8.171650390713879299e-14
6.759818585778547693e-14
5.569614820867118860e-14
4.567911238949500085e-14
3.724735115890223642e-14
3.018918505589713472e-14
2.434201774395709658e-14
1.954482531642758045e-14
1.562327537108160341e-14
1.241625509464546108e-14
9.819600646974952263e-15
7.728825172142318125e-15
6.051080518962829754e-15
4.726939082550109251e-15
3.650462158931457301e-15
2.811904061470605007e-15
2.153232419753155210e-15
1.638918410354461539e-15
1.239209751239637247e-15
9.303658118503319587e-16
6.931437121443117689e-16
5.122368420572586146e-16
3.749353306830949091e-16
2.715069467334171238e-16
1.941755441862287856e-16
1.368235437884964128e-16
9.466123001352496530e-17
6.402008430064576753e-17
4.202540635394911074e-17
2.649515386690830143e-17
1.578281639369392807e-17
8.639628208926584477e-18
4.130367528561764164e-18
1.542029669593684454e-18
3.253474060914319103e-19
7.999905538439824359e-21
0.000000000000000000e+00
0.000000000000000000e+00
0.000000000000000000e+00
0.000000000000000000e+00
0.000000000000000000e+00
0.000000000000000000e+00
0.000000000000000000e+00
0.000000000000000000e+00
0.000000000000000000e+00
0.000000000000000000e+00
0.000000000000000000e+00
0.000000000000000000e+00
0.000000000000000000e+00
0.000000000000000000e+00
