3.624331642846553080e-07
3.974159395603274952e-07
4.315700215265387775e-07
4.661294504535203616e-07
5.006420814187106138e-07
5.346045517665216459e-07
5.675354088479792721e-07
5.996417290473467198e-07
6.314251197738670480e-07
6.631948150884467512e-07
6.947528276021114468e-07
7.256178506958254345e-07
7.555674680784890993e-07
7.841052685801812376e-07
8.108790530064002586e-07
8.353020390727551076e-07
8.568852708455301385e-07
8.750833815745064035e-07
8.894354338884775339e-07
8.992714123664001604e-07
9.041617117253619358e-07
9.035781651614421596e-07
8.970488528796593002e-07
8.847396402301078137e-07
8.661911697993042369e-07
8.415603222826435421e-07
8.112461276363544603e-07
7.757801610805424347e-07
7.359023253193449557e-07
6.925149553150869123e-07
6.466606496472097951e-07
5.990982559064883413e-07
5.511047392179702078e-07
5.035535974364129252e-07
4.572010916811479815e-07
4.127617697860621489e-07
3.705906633989146214e-07
3.310574918878683052e-07
2.942483734227029037e-07
2.600445455692453828e-07
2.284051649224271369e-07
1.992910080372947120e-07
1.726644237953381718e-07
1.484654021273906868e-07
1.266312806051565489e-07
1.071863678442901873e-07
9.019346262741899675e-08
7.558864652941023221e-08
6.313070051656473195e-08
5.249175771228282641e-08
4.340926777703935660e-08
3.564028558159117345e-08
2.911160932923330640e-08
2.370614941215314465e-08
1.920571925795620105e-08
1.548892386097281914e-08
1.243165001729889864e-08
9.939159059761362306e-09
7.911395183987441753e-09
6.270100731338996377e-09
4.948369604347613552e-09
3.889045903863428800e-09
3.042674596153341336e-09
2.370373286857288903e-09
1.837804151510674454e-09
1.418176278458893791e-09
1.088840515142143807e-09
8.320696479533016277e-10
6.325957849256737975e-10
4.780991966529345092e-10
3.592506546510010712e-10
2.682759485183061924e-10
1.990699128983106407e-10
1.468962377386452974e-10
1.074163846374574679e-10
7.808608318645633863e-11
5.636995428306728752e-11
4.041462134941668871e-11
2.875949415973484936e-11
2.031498896933764242e-11
1.425638152191040484e-11
9.935578063110549413e-12
6.881910535178686857e-12
4.736454111043629007e-12
3.240091377299615585e-12
2.204365858082523386e-12
1.492108489211329580e-12
1.004369293576038310e-12
6.733137789465684118e-13
4.490666820854309886e-13
2.982888883021233592e-13
1.971903913257480594e-13
1.298012819234584760e-13
8.497928373142138452e-14
5.534171966728079208e-14
3.579852635184872216e-14
2.301880525854948347e-14
1.470378138806041410e-14
9.329464195792632426e-15
5.877040554714566105e-15
3.673220953340303693e-15
