5.271519268858222609e-10
5.535128534607236738e-10
5.773614735877685138e-10
5.976697906154759979e-10
6.144508922345512047e-10
6.270931609251958974e-10
6.351804827761194040e-10
6.391606040377287992e-10
6.399011493566976955e-10
6.397291215169971633e-10
6.395334326458704073e-10
6.393111348169287257e-10
6.390597391828927346e-10
6.387549460671776542e-10
6.384456104291692081e-10
6.381017316504141800e-10
6.377181935372227690e-10
6.372913858829632387e-10
6.368181413207665899e-10
6.362912360690876209e-10
6.357059494838768531e-10
6.350561676991628771e-10
6.343349395629249024e-10
6.335355177610706134e-10
6.326490779981941922e-10
6.316684344880404539e-10
6.305766835199807644e-10
6.293671950597583029e-10
6.280277121357692631e-10
6.265429257108724954e-10
6.248987015894515168e-10
6.230804943296705288e-10
6.210629038120501875e-10
6.188417674810964106e-10
6.163850894647767393e-10
6.136756465277741900e-10
6.106884641771449984e-10
6.073909435881969575e-10
6.037693349517800330e-10
5.997853529487239560e-10
5.954061738572728711e-10
5.905934715057016431e-10
5.853168248979961425e-10
5.795402113997453661e-10
5.732253342615999550e-10
5.664293783366058655e-10
5.588246492473957925e-10
5.506639174142090317e-10
5.418106997285076693e-10
5.322277278953405212e-10
5.218715451190855060e-10
5.108086255234422626e-10
4.987061929573055336e-10
4.858453781287185465e-10
4.721103717550171429e-10
4.574964431609683313e-10
4.421240725541070884e-10
4.257611627837321468e-10
4.085016336015686940e-10
3.906297671077721735e-10
3.719297657712259432e-10
3.525680084963712243e-10
3.326376890427359292e-10
3.121764325917087199e-10
2.914730125951519882e-10
2.706455805722023939e-10
2.497528169195969664e-10
2.290227665793996246e-10
2.086067739066552298e-10
1.886599410355675346e-10
1.693474045921011713e-10
1.508502498723822166e-10
1.333707496189488922e-10
1.169644621018889863e-10
1.017403382108732863e-10
8.779093813191316768e-11
7.511321028299670288e-11
6.377086965698104841e-11
5.369442069334143531e-11
4.487413441121181733e-11
3.722530764642327194e-11
3.066544647976065540e-11
2.509928506396620000e-11
2.041884410353311519e-11
1.653619997713113042e-11
1.329825727437928816e-11
1.065110212223435932e-11
8.494568472890523993e-12
6.745011854298370959e-12
5.333694586960559382e-12
4.201656642987670643e-12
3.298950338017123983e-12
2.580617894766385010e-12
2.011129677862477845e-12
1.562053233348973471e-12
1.209064514064231132e-12
9.322935501951204039e-13
7.163151557102462246e-13
5.483078625441558050e-13
4.177519253406912410e-13
3.166173996639028770e-13
