0.000000000000000000e+00
0.000000000000000000e+00
8.345410759084334539e-10
3.822942025021067317e-09
6.380383591110090353e-09
7.561541642858596190e-09
7.618080096176286328e-09
7.618078399958279624e-09
7.618076298347761611e-09
7.618073694433932552e-09
7.618070468264051225e-09
7.618066471412334103e-09
7.618061519725063573e-09
7.618055385174395804e-09
7.618047785192490439e-09
7.618038369576978456e-09
7.618026704768192674e-09
7.618012252813382436e-09
7.617994348431061526e-09
7.617972166183012139e-09
7.617944684209118497e-09
7.617910635759759444e-09
7.617868451135227017e-09
7.617816186284753278e-09
7.617751431631523228e-09
7.617671203090490894e-09
7.617571802303196678e-09
7.617448660020980011e-09
7.617296109592773598e-09
7.617107126436755946e-09
7.616873022764368324e-09
7.616583014932816045e-09
7.616223785374439637e-09
7.615778797588003340e-09
7.615227612348822651e-09
7.614544915645543461e-09
7.613699359195687958e-09
7.612652176257812123e-09
7.611355400728514767e-09
7.609749684595209916e-09
7.607761691351399378e-09
7.605300893532460976e-09
7.602255395262564113e-09
7.598487380415494271e-09
7.593827440111987639e-09
7.588066682255046484e-09
7.580948975164589142e-09
7.572159921488782098e-09
7.561315552589715070e-09
7.547947832620692050e-09
7.531488834512812430e-09
7.511252632077425252e-09
7.486416137463567753e-09
7.455997886146804325e-09
7.418839649163966370e-09
7.373589963625618030e-09
7.318692355587894147e-09
7.252389622109820083e-09
7.172736948363388051e-09
7.077640053513938505e-09
6.964928486820965772e-09
6.832436574040975253e-09
6.678142147706133988e-09
6.500305216395379814e-09
6.297633269508234286e-09
6.069425288819548442e-09
5.815683874370784714e-09
5.537179802409872055e-09
5.235454873347361019e-09
4.912791427129978485e-09
4.572175259274177760e-09
4.217266765882338069e-09
3.852425505741351770e-09
3.482688137185417548e-09
3.113754310065892271e-09
2.751801188225465641e-09
2.403151803736763678e-09
2.073823117175648483e-09
1.769042372143335742e-09
1.492685377791745441e-09
1.247077706926119640e-09
1.032730610770001585e-09
8.487079267191168720e-10
6.928514501088975915e-10
5.623441292280350759e-10
4.540631793321191553e-10
3.649008534903853369e-10
2.919568894485164048e-10
2.326208401832510215e-10
1.846091639557320644e-10
1.459445105464004299e-10
1.149494696475051299e-10
9.021555147588097126e-11
7.055572243651502133e-11
5.499573444046785063e-11
4.272710545524907358e-11
3.308994648631689178e-11
2.554912764654904819e-11
1.966710450386409088e-11
1.509593884622554713e-11
1.155470019769172235e-11
