1.056032981064548126e+00 0.000000000000000000e+00 5.344612826770058808e-07 3.254459613105861025e-09
1.175443983510534363e+00 0.000000000000000000e+00 6.087623258114718800e-07 3.254459613105861025e-09
1.308357393325258133e+00 0.000000000000000000e+00 6.903440697428416112e-07 3.254459613105861025e-09
1.456299996156748877e+00 0.000000000000000000e+00 7.796049780017390362e-07 3.254459613105861025e-09
1.620971219045888478e+00 0.000000000000000000e+00 8.754763587095020329e-07 3.254459613105861025e-09
1.804262651863866251e+00 0.000000000000000000e+00 9.782750668758041067e-07 3.254459613105861025e-09
2.008279776137516404e+00 0.000000000000000000e+00 1.085998637032137796e-06 3.254459613105861025e-09
2.235366150863083323e+00 0.000000000000000000e+00 1.197507337373150209e-06 3.254459613105861025e-09
2.488130333132567262e+00 0.000000000000000000e+00 1.310494703512327393e-06 3.254459613105861025e-09
2.769475842811750965e+00 0.000000000000000000e+00 1.423735799189892687e-06 3.254459613105861025e-09
3.082634515476230241e+00 0.000000000000000000e+00 1.536003964039338086e-06 3.254459613105861025e-09
3.431203626733101864e+00 0.000000000000000000e+00 1.646960598682937331e-06 3.254459613105861025e-09
3.819187214377767425e+00 0.000000000000000000e+00 1.756233734864795218e-06 3.254459613105861025e-09
4.251042073056519932e+00 0.000000000000000000e+00 1.864456196017652404e-06 3.254459613105861025e-09
4.731728949778890581e+00 0.000000000000000000e+00 1.972193926582746102e-06 3.254459613105861025e-09
5.266769528365972342e+00 0.000000000000000000e+00 2.079727457910524567e-06 3.254459613105861025e-09
5.862309857419115922e+00 0.000000000000000000e+00 2.186098760385490911e-06 3.254459613105861025e-09
6.525190950410857837e+00 0.000000000000000000e+00 2.290076656047309671e-06 3.254459613105861025e-09
7.263027368885755841e+00 0.000000000000000000e+00 2.390423188455738306e-06 3.254459613105861025e-09
8.084294691462201143e+00 0.000000000000000000e+00 2.485602711799170249e-06 3.254459613105861025e-09
8.998426873397548320e+00 0.000000000000000000e+00 2.574051555830754006e-06 3.254459613105861025e-09
1.001592461509324039e+01 0.000000000000000000e+00 2.654334828787549069e-06 3.254459613105861025e-09
1.114847598437533449e+01 0.000000000000000000e+00 2.724604740539159732e-06 3.254459613105861025e-09
1.240909067814867583e+01 0.000000000000000000e+00 2.783240280154339875e-06 3.254459613105861025e-09
1.381224946569640366e+01 0.000000000000000000e+00 2.828688391327713282e-06 3.254459613105861025e-09
1.537407053029052229e+01 0.000000000000000000e+00 2.859269468343366069e-06 3.254459613105861025e-09
1.711249461989307719e+01 0.000000000000000000e+00 2.873637301710068989e-06 3.254459613105861025e-09
1.904749113378321468e+01 0.000000000000000000e+00 2.871143566132007740e-06 3.254459613105861025e-09
2.120128751244688203e+01 0.000000000000000000e+00 2.850267010680198398e-06 3.254459613105861025e-09
2.359862456574094125e+01 0.000000000000000000e+00 2.811404074209874909e-06 3.254459613105861025e-09
2.626704067231091244e+01 0.000000000000000000e+00 2.752572026094855489e-06 3.254459613105861025e-09
2.923718811487309566e+01 0.000000000000000000e+00 2.676112556863356444e-06 3.254459613105861025e-09
3.254318518513449021e+01 0.000000000000000000e+00 2.582298802280758736e-06 3.254459613105861025e-09
3.622300810299908846e+01 0.000000000000000000e+00 2.472680014584406340e-06 3.254459613105861025e-09
4.031892725206589034e+01 0.000000000000000000e+00 2.349242512941830696e-06 3.254459613105861025e-09
4.487799274248540371e+01 0.000000000000000000e+00 2.214426216568286840e-06 3.254459613105861025e-09
4.995257487887015913e+01 0.000000000000000000e+00 2.070534060899099860e-06 3.254459613105861025e-09
5.560096574165519456e+01 0.000000000000000000e+00 1.922722158783164063e-06 3.254459613105861025e-09
6.188804879230252709e+01 0.000000000000000000e+00 1.772117837537323984e-06 3.254459613105861025e-09
6.888604419417499969e+01 0.000000000000000000e+00 1.622531254776412006e-06 3.254459613105861025e-09
7.667533841060405564e+01 0.000000000000000000e+00 1.476761109956372456e-06 3.254459613105861025e-09
8.534540760983165342e+01 0.000000000000000000e+00 1.337067251260166780e-06 3.254459613105861025e-09
9.499584548401358575e+01 0.000000000000000000e+00 1.205078746106670981e-06 3.254459613105861025e-09
1.057375072889466310e+02 0.000000000000000000e+00 1.081712429957063202e-06 3.254459613105861025e-09
1.176937832461472624e+02 0.000000000000000000e+00 9.672359440135537729e-07 3.254459613105861025e-09
1.310020159349736844e+02 0.000000000000000000e+00 8.614009880997232086e-07 3.254459613105861025e-09
1.458150779564580262e+02 0.000000000000000000e+00 7.636790988466245485e-07 3.254459613105861025e-09
1.623031279915676635e+02 0.000000000000000000e+00 6.735422705088971933e-07 3.254459613105861025e-09
1.806555654259147161e+02 0.000000000000000000e+00 5.906404315507820377e-07 3.254459613105861025e-09
2.010832059937378347e+02 0.000000000000000000e+00 5.149213480856857213e-07 3.254459613105861025e-09
2.238207034330328042e+02 0.000000000000000000e+00 4.465723527508878420e-07 3.254459613105861025e-09
2.491292449694543905e+02 0.000000000000000000e+00 3.857864733843957602e-07 3.254459613105861025e-09
2.772995515922919481e+02 0.000000000000000000e+00 3.325404601619909876e-07 3.254459613105861025e-09
3.086552175868076802e+02 0.000000000000000000e+00 2.864185145539737908e-07 3.254459613105861025e-09
3.435564276845046834e+02 0.000000000000000000e+00 2.466580011870050898e-07 3.254459613105861025e-09
3.824040945302937757e+02 0.000000000000000000e+00 2.123658025003077993e-07 3.254459613105861025e-09
4.256444639942141634e+02 0.000000000000000000e+00 1.827477108671445235e-07 3.254459613105861025e-09
4.737742412289155709e+02 0.000000000000000000e+00 1.572333905531079893e-07 3.254459613105861025e-09
5.273462963565856398e+02 0.000000000000000000e+00 1.353976094196188683e-07 3.254459613105861025e-09
5.869760153267689020e+02 0.000000000000000000e+00 1.168334696088349793e-07 3.254459613105861025e-09
6.533483688978308237e+02 0.000000000000000000e+00 1.010742948580756927e-07 3.254459613105861025e-09
7.272257809440862957e+02 0.000000000000000000e+00 8.763036263147380967e-08 3.254459613105861025e-09
8.094568864722074295e+02 0.000000000000000000e+00 7.610571818648976446e-08 3.254459613105861025e-09
9.009862799510120794e+02 0.000000000000000000e+00 6.619928640754966557e-08 3.254459613105861025e-09
1.002865365934268880e+03 0.000000000000000000e+00 5.767265349299009767e-08 3.254459613105861025e-09
1.116264436618460877e+03 0.000000000000000000e+00 5.032002501544052518e-08 3.254459613105861025e-09
1.242486115071199492e+03 0.000000000000000000e+00 4.395726510529393402e-08 3.254459613105861025e-09
1.382980318553656389e+03 0.000000000000000000e+00 3.842715698216333670e-08 3.254459613105861025e-09
1.539360913821697523e+03 0.000000000000000000e+00 3.359972633504755674e-08 3.254459613105861025e-09
1.713424255726343517e+03 0.000000000000000000e+00 2.936862197840914514e-08 3.254459613105861025e-09
1.907169822067742189e+03 0.000000000000000000e+00 2.564816920872270570e-08 3.254459613105861025e-09
2.122823181736748211e+03 0.000000000000000000e+00 2.236790518622423507e-08 3.254459613105861025e-09
2.362861559980607581e+03 0.000000000000000000e+00 1.947051910132864067e-08 3.254459613105861025e-09
2.630042294462951304e+03 0.000000000000000000e+00 1.690852350186385436e-08 3.254459613105861025e-09
2.927434508994474982e+03 0.000000000000000000e+00 1.464285669318439221e-08 3.254459613105861025e-09
3.258454368773508122e+03 0.000000000000000000e+00 1.264081281393896647e-08 3.254459613105861025e-09
3.626904322114499791e+03 0.000000000000000000e+00 1.087447623567336487e-08 3.254459613105861025e-09
4.037016779438275080e+03 0.000000000000000000e+00 9.319838460077465993e-09 3.254459613105861025e-09
4.493502731267226409e+03 0.000000000000000000e+00 7.955545053865542356e-09 3.254459613105861025e-09
5.001605863702974602e+03 0.000000000000000000e+00 6.762664201295837560e-09 3.254459613105861025e-09
5.567162793016338583e+03 0.000000000000000000e+00 5.723855442513706007e-09 3.254459613105861025e-09
6.196670111266974345e+03 0.000000000000000000e+00 4.823191897782639337e-09 3.254459613105861025e-09
6.897359013111165041e+03 0.000000000000000000e+00 4.046100836332873773e-09 3.254459613105861025e-09
7.677278361042189317e+03 0.000000000000000000e+00 3.378922224804086033e-09 3.254459613105861025e-09
8.545387143236317570e+03 0.000000000000000000e+00 2.809056403320602735e-09 3.254459613105861025e-09
9.511657386079081334e+03 0.000000000000000000e+00 2.324865779370292914e-09 3.254459613105861025e-09
1.058718870352829254e+04 0.000000000000000000e+00 1.915529751965490969e-09 3.254459613105861025e-09
1.178433579916051713e+04 0.000000000000000000e+00 1.571573112889101151e-09 3.254459613105861025e-09
1.311685038551288017e+04 0.000000000000000000e+00 1.283912381861937877e-09 3.254459613105861025e-09
1.460003915097147365e+04 0.000000000000000000e+00 1.044611985216449619e-09 3.254459613105861025e-09
1.625093958876844590e+04 0.000000000000000000e+00 8.464265680025080902e-10 3.254459613105861025e-09
1.808851570786662342e+04 0.000000000000000000e+00 6.833473461555175327e-10 3.254459613105861025e-09
2.013387587385212828e+04 0.000000000000000000e+00 5.496902164917405332e-10 3.254459613105861025e-09
2.241051528221264743e+04 0.000000000000000000e+00 4.405332979591552756e-10 3.254459613105861025e-09
2.494458584929090648e+04 0.000000000000000000e+00 3.519394743511906654e-10 3.254459613105861025e-09
2.776519662118276028e+04 0.000000000000000000e+00 2.802969819685771471e-10 3.254459613105861025e-09
3.090474815138586200e+04 0.000000000000000000e+00 2.225501332161083949e-10 3.254459613105861025e-09
3.439930468822552211e+04 0.000000000000000000e+00 1.762153642715195020e-10 3.254459613105861025e-09
3.828900844740607135e+04 0.000000000000000000e+00 1.391346202429101623e-10 3.254459613105861025e-09
4.261854072845193878e+04 0.000000000000000000e+00 1.095925822205055141e-10 3.254459613105861025e-09
4.743763517192281142e+04 0.000000000000000000e+00 8.607526810063079665e-11 3.254459613105861025e-09
