2.442219920586677110e-08
2.672042658316419186e-08
2.913711233888945893e-08
3.168312992013950527e-08
3.430020058847582278e-08
3.696439842918109296e-08
3.959598948982817420e-08
4.210613311550570015e-08
4.441817519329323021e-08
4.664331428389258534e-08
4.886188829949849712e-08
5.105257317725391973e-08
5.320350158392067208e-08
5.528310173691005007e-08
5.726658771472384978e-08
5.906752407810034573e-08
6.083653784222492890e-08
6.236065555632277363e-08
6.367444469825727546e-08
6.474321675473341025e-08
6.553122516052595379e-08
6.601389597562382576e-08
6.616448887385464865e-08
6.595998365398256556e-08
6.537228035427953192e-08
6.440099180067015142e-08
6.303636412502363103e-08
6.128126707196217917e-08
5.914553185375002945e-08
5.665777361014756470e-08
5.385319725829502018e-08
5.077676637244080730e-08
4.749450887486004897e-08
4.406042139838206529e-08
4.053079573048634713e-08
3.705611916214269228e-08
3.361598546269260099e-08
3.032712629705864806e-08
2.721091268993328630e-08
2.431003090762913201e-08
2.163210900445376847e-08
1.917085029982074037e-08
1.690250919502370618e-08
1.480568209208634482e-08
1.285685952323711191e-08
1.105560092531197990e-08
9.411723954871103529e-09
7.944264876660988109e-09
6.682196792860499656e-09
5.609553310044449368e-09
4.699882395380601233e-09
3.913395607050817638e-09
3.227834461360672841e-09
2.643431211350125078e-09
2.158106248711411165e-09
1.757996998741788189e-09
1.422435014230608835e-09
1.143872126948246664e-09
9.173249366517856471e-10
7.314012252527292732e-10
5.804634883647123349e-10
4.586162136822285000e-10
3.608092025943684164e-10
2.822420014708335417e-10
2.198503382575408453e-10
1.704421556695060469e-10
1.314719049879278875e-10
1.009031359870695735e-10
7.703409133032047107e-11
5.849586420622273951e-11
4.417414105769467844e-11
3.315750107918337330e-11
2.475584608101934882e-11
1.836419023996608477e-11
1.353723541594175712e-11
9.915649610475444997e-12
7.212119007975410912e-12
5.210278322689029965e-12
3.725433851080633529e-12
2.651814897710526217e-12
1.883775425320270016e-12
1.318520599700115184e-12
9.228968163535866965e-13
6.393513383907643279e-13
4.400176926308390288e-13
3.009029834398214935e-13
2.045168251498425318e-13
1.381787240626639048e-13
9.284004390033161846e-14
6.204731535647164791e-14
4.125668002336078775e-14
2.730571208254241798e-14
1.798986203990719884e-14
1.180048947047510201e-14
7.697734588492662443e-15
4.991915072431989707e-15
3.216228702726740750e-15
2.059241903353570734e-15
1.304444072059090660e-15
8.277204929775881045e-16
5.194769847169676161e-16
