1.056032981064548126e+00 3.315109229712409937e-13 2.727806268677208038e-12 0.000000000000000000e+00
1.175443983510534363e+00 3.287242955063521216e-13 2.717372808433268472e-12 0.000000000000000000e+00
1.308357393325258133e+00 3.268217182765335581e-13 2.707437607393860787e-12 0.000000000000000000e+00
1.456299996156748877e+00 3.238835446259202058e-13 2.685066278043170674e-12 0.000000000000000000e+00
1.620971219045888478e+00 3.181923238770500739e-13 2.666806390555551018e-12 0.000000000000000000e+00
1.804262651863866251e+00 3.151891618281660311e-13 2.645697099175238999e-12 0.000000000000000000e+00
2.008279776137516404e+00 3.108713457272939553e-13 2.623752795219318135e-12 0.000000000000000000e+00
2.235366150863083323e+00 3.064651198528593172e-13 2.598741480712870732e-12 0.000000000000000000e+00
2.488130333132567262e+00 3.024627729662833074e-13 2.569793892560959903e-12 0.000000000000000000e+00
2.769475842811750965e+00 2.982328336226103714e-13 2.537119802449757062e-12 0.000000000000000000e+00
3.082634515476230241e+00 2.907169591747384417e-13 2.502215785872981988e-12 0.000000000000000000e+00
3.431203626733101864e+00 2.863249007539392694e-13 2.462874671624030208e-12 0.000000000000000000e+00
3.819187214377767425e+00 2.816527636493094977e-13 2.421078135193259999e-12 0.000000000000000000e+00
4.251042073056519932e+00 2.752291197446658809e-13 2.375880933930346804e-12 0.000000000000000000e+00
4.731728949778890581e+00 2.707298457189618917e-13 2.329390093150347256e-12 0.000000000000000000e+00
5.266769528365972342e+00 2.660039871075077543e-13 2.282633006136107425e-12 0.000000000000000000e+00
5.862309857419115922e+00 2.606150721140911305e-13 2.223373151317337478e-12 0.000000000000000000e+00
6.525190950410857837e+00 2.534717064520048917e-13 2.166635733062735116e-12 0.000000000000000000e+00
7.263027368885755841e+00 2.489914756116078488e-13 2.105528326287712670e-12 0.000000000000000000e+00
8.084294691462201143e+00 2.436064847432425416e-13 2.041968374873936042e-12 0.000000000000000000e+00
8.998426873397548320e+00 2.377012438657624202e-13 1.962613257377747994e-12 0.000000000000000000e+00
1.001592461509324039e+01 2.326659340431287999e-13 1.905797012823394611e-12 0.000000000000000000e+00
1.114847598437533449e+01 2.279647666682507954e-13 1.833711632488889367e-12 0.000000000000000000e+00
1.240909067814867583e+01 2.204219013875029045e-13 1.758679210617230786e-12 0.000000000000000000e+00
1.381224946569640366e+01 2.160796533127838839e-13 1.681399523419035315e-12 0.000000000000000000e+00
1.537407053029052229e+01 2.104868458042252661e-13 1.601931915673176623e-12 0.000000000000000000e+00
1.711249461989307719e+01 2.057101543334294407e-13 1.520671202407107203e-12 0.000000000000000000e+00
1.904749113378321468e+01 1.997434504862174229e-13 1.437933248690878205e-12 0.000000000000000000e+00
2.120128751244688203e+01 1.949129232397706593e-13 1.354230217792195029e-12 0.000000000000000000e+00
2.359862456574094125e+01 1.894796509174084694e-13 1.269625062607834676e-12 0.000000000000000000e+00
2.626704067231091244e+01 1.838860836739540290e-13 1.185208254935025930e-12 0.000000000000000000e+00
2.923718811487309566e+01 1.783967744823286818e-13 1.101263583740857255e-12 0.000000000000000000e+00
3.254318518513449021e+01 1.733402147664102478e-13 1.018050326111224736e-12 0.000000000000000000e+00
3.622300810299908846e+01 1.679721059088230044e-13 9.365474269959296775e-13 0.000000000000000000e+00
4.031892725206589034e+01 1.625997580348028412e-13 8.573320729976608240e-13 0.000000000000000000e+00
4.487799274248540371e+01 1.579940743599953765e-13 7.806409370774741133e-13 0.000000000000000000e+00
4.995257487887015913e+01 1.519460093979408500e-13 7.069680903704148445e-13 0.000000000000000000e+00
5.560096574165519456e+01 1.466327602085416635e-13 6.368964408726966772e-13 0.000000000000000000e+00
6.188804879230252709e+01 1.412554624661289651e-13 5.708344123244598186e-13 0.000000000000000000e+00
6.888604419417499969e+01 1.360449385078206133e-13 5.089650144901954934e-13 0.000000000000000000e+00
7.667533841060405564e+01 1.302828438619857621e-13 4.514821655829086529e-13 0.000000000000000000e+00
8.534540760983165342e+01 1.255089230963308072e-13 3.982116342022728448e-13 0.000000000000000000e+00
9.499584548401358575e+01 1.203200940099436934e-13 3.500643342624063023e-13 0.000000000000000000e+00
1.057375072889466310e+02 1.151286251526652335e-13 3.059650277140642704e-13 0.000000000000000000e+00
1.176937832461472624e+02 1.101232740253638148e-13 2.661769784884042176e-13 0.000000000000000000e+00
1.310020159349736844e+02 1.048431871423794334e-13 2.303489483174653311e-13 0.000000000000000000e+00
1.458150779564580262e+02 9.974948855748417263e-14 1.982934354413439475e-13 0.000000000000000000e+00
1.623031279915676635e+02 9.462009026631382609e-14 1.697814689057807167e-13 0.000000000000000000e+00
1.806555654259147161e+02 8.970919874891073870e-14 1.445255754792803178e-13 0.000000000000000000e+00
2.010832059937378347e+02 8.476332989868695045e-14 1.222976767671597414e-13 0.000000000000000000e+00
2.238207034330328042e+02 7.988707223622628926e-14 1.028639195812748948e-13 0.000000000000000000e+00
2.491292449694543905e+02 7.506852546503750116e-14 8.600649292223381237e-14 0.000000000000000000e+00
2.772995515922919481e+02 7.031780200320793927e-14 7.151024978598782542e-14 0.000000000000000000e+00
3.086552175868076802e+02 6.566738486939486011e-14 5.914260585325591647e-14 0.000000000000000000e+00
3.435564276845046834e+02 6.110169768981066242e-14 4.863628956277193159e-14 0.000000000000000000e+00
3.824040945302937757e+02 5.663438041252011339e-14 3.983363039218993181e-14 0.000000000000000000e+00
4.256444639942141634e+02 5.228153639998934110e-14 3.244141182681792916e-14 0.000000000000000000e+00
4.737742412289155709e+02 4.804808237798973228e-14 2.626571708158984117e-14 0.000000000000000000e+00
5.273462963565856398e+02 4.396205402845721583e-14 2.116794025747460512e-14 0.000000000000000000e+00
5.869760153267689020e+02 3.999234993673899883e-14 1.695595906252511190e-14 0.000000000000000000e+00
6.533483688978308237e+02 3.620032625436759720e-14 1.350158345681045841e-14 0.000000000000000000e+00
7.272257809440862957e+02 3.257791565091826550e-14 1.069186888888189629e-14 0.000000000000000000e+00
8.094568864722074295e+02 2.911453049821636351e-14 8.419777842818763421e-15 0.000000000000000000e+00
9.009862799510120794e+02 2.584943811178869809e-14 6.590854931516700362e-15 0.000000000000000000e+00
1.002865365934268880e+03 2.276934440458016598e-14 5.126311752954491511e-15 0.000000000000000000e+00
1.116264436618460877e+03 1.990988831990559079e-14 3.962967380012502914e-15 0.000000000000000000e+00
1.242486115071199492e+03 1.722838203445356684e-14 3.043151190940132025e-15 0.000000000000000000e+00
1.382980318553656389e+03 1.480847326408635235e-14 2.320894063216813637e-15 0.000000000000000000e+00
1.539360913821697523e+03 1.258208210527089005e-14 1.757461063376186398e-15 0.000000000000000000e+00
1.713424255726343517e+03 1.057791137723460520e-14 1.321008165031317855e-15 0.000000000000000000e+00
1.907169822067742189e+03 8.779004748474462127e-15 9.848279565577607149e-16 0.000000000000000000e+00
2.122823181736748211e+03 7.192451854959965323e-15 7.280453439389764789e-16 0.000000000000000000e+00
2.362861559980607581e+03 5.808767234609919745e-15 5.335036736013501282e-16 0.000000000000000000e+00
2.630042294462951304e+03 4.618078318050494158e-15 3.871527340330035940e-16 0.000000000000000000e+00
2.927434508994474982e+03 3.606071312398135971e-15 2.779862108385408495e-16 0.000000000000000000e+00
3.258454368773508122e+03 2.761812354644259403e-15 1.973443550962537486e-16 0.000000000000000000e+00
3.626904322114499791e+03 2.068509206366701031e-15 1.383345199819643187e-16 0.000000000000000000e+00
4.037016779438275080e+03 1.510730482992797768e-15 9.558910365699733464e-17 0.000000000000000000e+00
4.493502731267226409e+03 1.072292195090748306e-15 6.498467827895487686e-17 0.000000000000000000e+00
5.001605863702974602e+03 7.359114875062840554e-16 4.335574423546188817e-17 0.000000000000000000e+00
5.567162793016338583e+03 4.853950821514373290e-16 2.829911266907056582e-17 0.000000000000000000e+00
6.196670111266974345e+03 3.055072329840041428e-16 1.798026985829508112e-17 0.000000000000000000e+00
6.897359013111165041e+03 1.815172047568589923e-16 1.105267510668596445e-17 0.000000000000000000e+00
7.677278361042189317e+03 1.004561626074095852e-16 6.519660801457543565e-18 0.000000000000000000e+00
8.545387143236317570e+03 5.085446621118862893e-17 3.644950347315494697e-18 0.000000000000000000e+00
9.511657386079081334e+03 2.297409341302069985e-17 1.896465782553960766e-18 0.000000000000000000e+00
1.058718870352829254e+04 8.958574583554688352e-18 8.920932601029126053e-19 0.000000000000000000e+00
1.178433579916051713e+04 2.878499269661733786e-18 3.593383733598403899e-19 0.000000000000000000e+00
1.311685038551288017e+04 6.515892086901564419e-19 1.035204983715682859e-19 0.000000000000000000e+00
1.460003915097147365e+04 3.482876254294668797e-20 7.043139380406215493e-21 0.000000000000000000e+00
1.625093958876844590e+04 0.000000000000000000e+00 0.000000000000000000e+00 0.000000000000000000e+00
1.808851570786662342e+04 0.000000000000000000e+00 0.000000000000000000e+00 0.000000000000000000e+00
2.013387587385212828e+04 0.000000000000000000e+00 0.000000000000000000e+00 0.000000000000000000e+00
2.241051528221264743e+04 0.000000000000000000e+00 0.000000000000000000e+00 0.000000000000000000e+00
2.494458584929090648e+04 0.000000000000000000e+00 0.000000000000000000e+00 0.000000000000000000e+00
2.776519662118276028e+04 0.000000000000000000e+00 0.000000000000000000e+00 0.000000000000000000e+00
3.090474815138586200e+04 0.000000000000000000e+00 0.000000000000000000e+00 0.000000000000000000e+00
3.439930468822552211e+04 0.000000000000000000e+00 0.000000000000000000e+00 0.000000000000000000e+00
3.828900844740607135e+04 0.000000000000000000e+00 0.000000000000000000e+00 0.000000000000000000e+00
4.261854072845193878e+04 0.000000000000000000e+00 0.000000000000000000e+00 0.000000000000000000e+00
4.743763517192281142e+04 0.000000000000000000e+00 0.000000000000000000e+00 0.000000000000000000e+00
