0.000000000000000000e+00
0.000000000000000000e+00
2.241208447561397232e-08
1.132751511514946537e-07
2.089474979147232423e-07
2.742855087608364001e-07
3.047851200695708900e-07
3.357222798935695724e-07
3.694142673525403975e-07
4.060040641550182866e-07
4.456175102605940369e-07
4.883585505822801416e-07
5.342972440485404621e-07
5.834515369776093891e-07
6.357748170056688060e-07
6.911498335770864798e-07
7.493839945606743352e-07
8.101652251478076177e-07
8.730661480428517922e-07
9.375156503192403020e-07
1.002774453779978357e-06
1.067906327219682391e-06
1.131780942997243245e-06
1.193066813699440906e-06
1.250185688552141049e-06
1.301315346278433402e-06
1.344436612595834136e-06
1.377371407934611363e-06
1.397809174709705629e-06
1.403496005803419222e-06
1.392470913136931192e-06
1.363350169848431524e-06
1.315635076246288513e-06
1.250237875562894870e-06
1.169750999700102827e-06
1.078659524273395838e-06
9.830323821399371422e-07
8.896502358248415652e-07
8.049304675143658348e-07
7.330706448753835032e-07
6.740823577319712358e-07
6.228194479758352325e-07
5.704698594707270365e-07
5.093480220514133809e-07
4.390984407240204833e-07
3.688667882968494615e-07
3.109957315192560696e-07
2.692524108007942785e-07
2.351585370027463285e-07
1.997795279727666877e-07
1.653427308129554356e-07
1.373934090793880235e-07
1.147771629736572936e-07
9.500788207669835187e-08
7.782544889491000984e-08
6.358961392233027333e-08
5.178008076089291604e-08
4.188194149811133851e-08
3.376636366477087191e-08
2.710007975886493689e-08
2.164295505611909873e-08
1.720897715706330909e-08
1.363595617414495100e-08
1.076060696113203371e-08
8.455260036259853014e-09
6.615526850349351495e-09
5.153017573113703234e-09
3.995749571456254702e-09
3.083684900235615528e-09
2.367715534216761529e-09
1.807827637508541491e-09
1.372280542038732273e-09
1.035034560326068536e-09
7.753288292008985595e-10
5.764529764331968352e-10
4.254530724737885089e-10
3.113260605274040767e-10
2.258692057308771091e-10
1.624697713412827905e-10
1.158806400599451450e-10
8.273588375157949532e-11
5.751328677245454407e-11
4.008125991457899927e-11
2.772758602118380459e-11
1.905355908441542383e-11
1.300997528692600731e-11
8.829922611805937604e-12
5.957931656534740150e-12
3.999449479351675617e-12
2.674832793268008986e-12
1.783644053709281407e-12
1.184946708022357279e-12
7.830719462718830744e-13
5.145450403398791918e-13
3.360903934765257892e-13
2.181977247957836456e-13
1.407663781849677109e-13
9.022015373644269826e-14
5.742865006489290154e-14
3.629910222682184320e-14
2.277139331353872316e-14
