1.386062678978248519e-11
1.466270514356227004e-11
1.540897290367474985e-11
1.608396874336325475e-11
1.665719799748403505e-11
1.710164260381219040e-11
1.743481332444016715e-11
1.760255986475478125e-11
1.762891117231442296e-11
1.762183550109461783e-11
1.761345021800592778e-11
1.760360753027114074e-11
1.759215941443115462e-11
1.758300171894540858e-11
1.756696707550341225e-11
1.754906760015295560e-11
1.752911924984673925e-11
1.750690859001066175e-11
1.748219342543995286e-11
1.745475994506103846e-11
1.742260792801230606e-11
1.738926371172326477e-11
1.735305816708079469e-11
1.731096920748549668e-11
1.726523702375586699e-11
1.721485433715203725e-11
1.715833838783815657e-11
1.709611609017998140e-11
1.702726458947261706e-11
1.695118569644355284e-11
1.686719799866446229e-11
1.677458868355698064e-11
1.667245469345319907e-11
1.656008293481064068e-11
1.643656370984294251e-11
1.630090106642623615e-11
1.615209643547634723e-11
1.598915598500359537e-11
1.581068313701802717e-11
1.561552955004680310e-11
1.540332629133947780e-11
1.517147150307625626e-11
1.491857228507781849e-11
1.464563344806205198e-11
1.435039466571512389e-11
1.403353818508189072e-11
1.368935725402681435e-11
1.332190747868680931e-11
1.292881892685073263e-11
1.251017203652184616e-11
1.206677072914917946e-11
1.159697753928654970e-11
1.110272834088308403e-11
1.058528685115099499e-11
1.004626760867071962e-11
9.487749316863990286e-12
8.912506866987713886e-12
8.323926333551959389e-12
7.726906088384577580e-12
7.125797473966314582e-12
6.523983823544775663e-12
5.927904379974571627e-12
5.344444242534953692e-12
4.776062634951930763e-12
4.229103360159101632e-12
3.706684433340746302e-12
3.217575533147130004e-12
2.764761203704709633e-12
2.348141386468023243e-12
1.970632131914960189e-12
1.634537393836924980e-12
1.339767408707586490e-12
1.085231602523176655e-12
8.678997046739787966e-13
6.855882583610722719e-13
5.350492769008318789e-13
4.124666268720933770e-13
3.139871275204019734e-13
2.366593696490000365e-13
1.763452014211105870e-13
1.298787089947580477e-13
9.469656062256413293e-14
6.834750898059772695e-14
4.885198438544748280e-14
3.459457990509437516e-14
2.428349828958509523e-14
1.690593930196006975e-14
1.171337032191128573e-14
8.011951679354693686e-15
5.460857673118756637e-15
3.698943969047672310e-15
2.490718968636333782e-15
1.666629828849642064e-15
1.108140620946897141e-15
7.315965477510353861e-16
4.787770714015455012e-16
3.101494720491919434e-16
1.986321650361619409e-16
1.256139237679807950e-16
7.846861280134073603e-17
4.851728431811398868e-17
