1.047376681114152053e+00 5.135887899635630311e+04 2.546996248053949967e+05 5.591307824784760669e+03
1.147378904865844262e+00 5.135848086502496881e+04 2.662964821468812879e+05 5.591307824784760669e+03
1.256929216650817027e+00 5.135800309959644801e+04 2.776536692507499829e+05 5.591307824784760669e+03
1.376939256047382987e+00 5.135742977684875950e+04 2.886116879050587886e+05 5.591307824784760669e+03
1.508407704847735342e+00 5.135674179190654104e+04 2.991777029277099646e+05 5.591307824784760669e+03
1.652428597740346783e+00 5.135591622350949183e+04 3.092205383027859498e+05 5.591307824784760669e+03
1.810200426485989444e+00 5.135492557308861433e+04 3.187459336492691655e+05 5.591307824784760669e+03
1.983036113349190055e+00 5.135373685276485776e+04 3.277816726594939246e+05 5.591307824784760669e+03
2.172373936780469084e+00 5.135231049254554819e+04 3.362176534285756643e+05 5.591307824784760669e+03
2.379789500269210656e+00 5.135059903127865982e+04 3.442056984964949661e+05 5.591307824784760669e+03
2.607008843967693057e+00 5.134854554915444896e+04 3.516647533871236956e+05 5.591307824784760669e+03
2.855922808196662110e+00 5.134608179155232210e+04 3.586610850765503128e+05 5.591307824784760669e+03
3.128602768360589703e+00 5.134312592465584748e+04 3.652469302661453839e+05 5.591307824784760669e+03
3.427317872213148320e+00 5.133957985227966128e+04 3.714604717576035182e+05 5.591307824784760669e+03
3.754553922915217612e+00 5.133532601059444278e+04 3.775001301606376655e+05 5.591307824784760669e+03
4.113034065023922992e+00 5.133022354271366203e+04 3.831948224797471194e+05 5.591307824784760669e+03
4.505741445554233060e+00 5.132410373826957220e+04 3.893033213793750037e+05 5.591307824784760669e+03
4.935944038690323943e+00 5.131676460409150604e+04 3.947982866240660660e+05 5.591307824784760669e+03
5.407221840729851792e+00 5.130796441098071227e+04 4.002916967936630826e+05 5.591307824784760669e+03
5.923496661567464905e+00 5.129741403861054278e+04 4.060668606987258536e+05 5.591307824784760669e+03
6.489064760632228257e+00 5.128476791641653836e+04 4.119835116019543493e+05 5.591307824784760669e+03
7.108632598863702690e+00 5.126961333407274651e+04 4.191006989291943610e+05 5.591307824784760669e+03
7.787356004242504071e+00 5.125145787267678679e+04 4.243417413382910891e+05 5.591307824784760669e+03
8.530883076796710540e+00 5.122971468999326316e+04 4.307898474669582210e+05 5.591307824784760669e+03
9.345401190125155466e+00 5.120368538447537867e+04 4.375514280048675719e+05 5.591307824784760669e+03
1.023768848056787562e+01 5.117254016972990212e+04 4.443206841832601349e+05 5.591307824784760669e+03
1.121517025249811894e+01 5.113529512272022839e+04 4.511701554663581774e+05 5.591307824784760669e+03
1.228598076912194514e+01 5.109078633783451369e+04 4.580891150614989456e+05 5.591307824784760669e+03
1.345903094298667391e+01 5.103764094158559601e+04 4.650758281314212945e+05 5.591307824784760669e+03
1.474408248949403344e+01 5.097424512039039109e+04 4.719107928468688042e+05 5.591307824784760669e+03
1.615182916049993622e+01 5.089870961232828267e+04 4.785507696037416463e+05 5.591307824784760669e+03
1.769398573399677943e+01 5.080883354204070929e+04 4.848040358956873533e+05 5.591307824784760669e+03
1.938338550041915553e+01 5.070206806486290589e+04 4.905171511938344338e+05 5.591307824784760669e+03
2.123408705682203390e+01 5.059657819799110439e+04 4.955392526960542309e+05 5.591307824784760669e+03
2.326149129763491885e+01 5.044672338113477599e+04 4.996377814315233845e+05 5.591307824784760669e+03
2.548246957554494685e+01 5.026991172089211614e+04 5.026212031483915634e+05 5.591307824784760669e+03
2.791550409902576035e+01 5.006193080286374607e+04 5.042769222831197549e+05 5.591307824784760669e+03
3.058084173484374801e+01 4.981814873533540231e+04 5.043062516891903360e+05 5.591307824784760669e+03
3.350066249544163099e+01 4.953355970673027332e+04 5.025605492946216837e+05 5.591307824784760669e+03
3.669926411328104621e+01 4.920286513822239067e+04 4.987842823688262142e+05 5.591307824784760669e+03
4.020326423812159788e+01 4.882059569725191977e+04 4.927884046476304648e+05 5.591307824784760669e+03
4.404182193983774596e+01 4.838127674667871906e+04 4.844128914423782844e+05 5.591307824784760669e+03
4.824688036005658631e+01 4.793192066531158343e+04 4.735458222038474050e+05 5.591307824784760669e+03
5.285343253186462675e+01 4.731090752189750492e+04 4.601406443823042209e+05 5.591307824784760669e+03
5.789981257965639116e+01 4.667083690211181965e+04 4.442363426834978163e+05 5.591307824784760669e+03
6.342801472237731275e+01 4.595683623017479840e+04 4.259674451305659022e+05 5.591307824784760669e+03
6.948404273480723248e+01 4.516584877465879254e+04 4.055820519530868623e+05 5.591307824784760669e+03
7.611829277496100588e+01 4.429781846021028468e+04 3.834269630088959821e+05 5.591307824784760669e+03
8.338597276338916231e+01 4.335331060438984423e+04 3.599551290935815778e+05 5.591307824784760669e+03
9.134756180427312700e+01 4.232283924933081289e+04 3.357287947871442302e+05 5.591307824784760669e+03
1.000693134715016583e+02 4.123649915491161664e+04 3.112917732142148307e+05 5.591307824784760669e+03
1.096238071478445875e+02 4.008618866143623018e+04 2.872207200876935385e+05 5.591307824784760669e+03
1.200905520053401574e+02 3.904801522791143361e+04 2.640331350606256165e+05 5.591307824784760669e+03
1.315566486529429255e+02 3.766584126445421862e+04 2.420444699357019272e+05 5.591307824784760669e+03
1.441175139575057074e+02 3.632552695723243232e+04 2.214915639639792207e+05 5.591307824784760669e+03
1.578776750697290652e+02 3.499817599114889890e+04 2.023606725086868391e+05 5.591307824784760669e+03
1.729516392627509163e+02 3.365099413488116261e+04 1.844824153478314111e+05 5.591307824784760669e+03
1.894648468218269102e+02 3.229107227684211102e+04 1.676270706901250232e+05 5.591307824784760669e+03
2.075547149147497805e+02 3.093094543409312246e+04 1.515636947813063744e+05 5.591307824784760669e+03
2.273717811296867524e+02 2.957836171942097644e+04 1.361458355982878129e+05 5.591307824784760669e+03
2.490809561966414378e+02 2.823955079788548392e+04 1.213429823326804617e+05 5.591307824784760669e+03
2.728628963171397004e+02 2.692858175054024468e+04 1.072323134226653929e+05 5.591307824784760669e+03
2.989155065223001202e+02 2.569225613158578199e+04 9.394350181813599193e+04 5.591307824784760669e+03
3.274555875696430576e+02 2.438865547337741373e+04 8.172896120277652517e+04 5.591307824784760669e+03
3.587206400835506770e+02 2.317206623013105855e+04 7.081145910977400490e+04 5.591307824784760669e+03
3.929708409528589073e+02 2.198758983844750765e+04 6.133716943661369442e+04 5.591307824784760669e+03
4.304912084323515842e+02 2.084460158187322304e+04 5.319570526857590448e+04 5.591307824784760669e+03
4.715939739655653398e+02 1.975307359058021029e+04 4.606368555852180725e+04 5.591307824784760669e+03
5.166211804661829774e+02 1.869208969340499243e+04 3.961560461454129108e+04 5.591307824784760669e+03
5.659475286801639413e+02 1.767006654730348600e+04 3.375566942311037565e+04 5.591307824784760669e+03
6.199834953149968442e+02 1.668510320167407190e+04 2.858534009738948589e+04 5.591307824784760669e+03
6.791787488840413971e+02 1.573633478353017745e+04 2.420105126837467105e+04 5.591307824784760669e+03
7.440258916913708163e+02 1.482232471144953161e+04 2.050216985963856860e+04 5.591307824784760669e+03
8.150645590969156729e+02 1.394175890696665374e+04 1.727012534915700962e+04 5.591307824784760669e+03
8.928859101739425341e+02 1.309322884411113409e+04 1.445527305561373760e+04 5.591307824784760669e+03
9.781375471293952160e+02 1.227553223167093529e+04 1.208367010599210153e+04 5.591307824784760669e+03
1.071528904423998938e+03 1.148759198741771615e+04 1.007879172803819529e+04 5.591307824784760669e+03
1.173837152439038618e+03 1.073050313988481685e+04 8.367296703562802577e+03 5.591307824784760669e+03
1.285913664817961262e+03 9.999298182374504904e+03 6.930796967557157586e+03 5.591307824784760669e+03
1.408691103301366638e+03 9.294801053216950095e+03 5.724283969603129663e+03 5.591307824784760669e+03
1.543191179013896317e+03 8.618556486122877686e+03 4.713487430217961446e+03 5.591307824784760669e+03
1.690533154788281536e+03 7.969472918407752331e+03 3.871215480371345620e+03 5.591307824784760669e+03
1.851943159281576072e+03 7.347491861422779948e+03 3.170609355303357006e+03 5.591307824784760669e+03
2.028764390390979997e+03 6.752722192943124355e+03 2.589761968274722676e+03 5.591307824784760669e+03
2.222468292879554156e+03 6.185373150186345811e+03 2.109811556543374081e+03 5.591307824784760669e+03
2.434666803227443324e+03 5.646495274449787757e+03 1.714078754790109542e+03 5.591307824784760669e+03
2.667125763606631153e+03 5.134756151004690764e+03 1.389282936046857913e+03 5.591307824784760669e+03
2.921779616604781040e+03 4.651337632206108538e+03 1.122823344689108580e+03 5.591307824784760669e+03
3.200747502983503637e+03 4.196504681213368713e+03 9.052935462225193533e+02 5.591307824784760669e+03
3.506350896430803459e+03 3.770467913313099871e+03 7.277948896833945582e+02 5.591307824784760669e+03
3.841132922056807729e+03 3.373236942894172444e+03 5.835624301230868696e+02 5.591307824784760669e+03
4.207879519396391515e+03 3.004731244726677232e+03 4.666621395660206986e+02 5.591307824784760669e+03
4.609642626029024541e+03 2.664701054778694470e+03 3.720569606549332207e+02 5.591307824784760669e+03
5.049765574740205011e+03 2.352609204009343557e+03 2.957440523083022299e+02 5.591307824784760669e+03
5.531910915575709623e+03 2.067733521547759665e+03 2.343102574972183163e+02 5.591307824784760669e+03
6.060090894306204063e+03 1.809110284979822154e+03 1.850993315663270664e+02 5.591307824784760669e+03
6.638700840942902687e+03 1.575555718075555433e+03 1.456354442690951032e+02 5.591307824784760669e+03
7.272555746143336364e+03 1.365702023002794476e+03 1.142151720681927145e+02 5.591307824784760669e+03
7.966930329887627522e+03 1.178032844135545474e+03 8.919084777980468459e+01 5.591307824784760669e+03
8.727602935865841573e+03 1.010950812932330905e+03 6.935274751383128944e+01 5.591307824784760669e+03
9.560903616839295864e+03 8.628152011053671231e+02 5.367127393551128733e+01 5.591307824784760669e+03
