0.000000000000000000e+00
0.000000000000000000e+00
2.241212531321586566e-08
1.132755809121515827e-07
2.089486429445331087e-07
2.742860110514899007e-07
3.047857992866135285e-07
3.357230113332916969e-07
3.694150495910797294e-07
4.060048934313081417e-07
4.456183792194256175e-07
4.883594470958051629e-07
5.342981495093763609e-07
5.834524239943399192e-07
6.357756468059997872e-07
6.911505520607560145e-07
7.493845282689442551e-07
8.101654748902440165e-07
8.730659824690388879e-07
9.375148967914336593e-07
1.002772888421257933e-06
1.067903662351303655e-06
1.131776813477052311e-06
1.193060762130844172e-06
1.250177150053662105e-06
1.301303636410918546e-06
1.344420918148244172e-06
1.377350810231315813e-06
1.397782548420795584e-06
1.403462256511262602e-06
1.392428773905392966e-06
1.363298558920615965e-06
1.315572873920090505e-06
1.250164356631355057e-06
1.169665541361901222e-06
1.078561730837504058e-06
9.829218112220653254e-07
8.895260178468534319e-07
8.047907882074046415e-07
7.329123331878179711e-07
6.739013581306095907e-07
6.226119979492763679e-07
5.702353266079168054e-07
5.090907823396194937e-07
4.388262261463531989e-07
3.685845727740380274e-07
3.106993396980370268e-07
2.689324645576099994e-07
2.348138649284690875e-07
1.994214395611999326e-07
1.649774689768618023e-07
1.370161384967815530e-07
1.143889865025611597e-07
9.461338086543988999e-08
7.742784314005684138e-08
6.318950342349168048e-08
5.138076922741187333e-08
4.148626152356295512e-08
3.337647749570634919e-08
2.671894862540748719e-08
2.127334599257232086e-08
1.685336686198396184e-08
1.329662840616827148e-08
1.043988165830329590e-08
8.155228198687594431e-09
6.337967023736696750e-09
4.899352659761941041e-09
3.766920567167868321e-09
2.880077897030621363e-09
2.189191664122833937e-09
1.653707523434164789e-09
1.241334850117209413e-09
9.255851246412072069e-10
6.853727166556923438e-10
5.039640906502662277e-10
3.676714288282052880e-10
2.661322725634607080e-10
1.910738147398071372e-10
1.360777557481747439e-10
9.614059271409916423e-11
6.740519720435116025e-11
4.732338300335245231e-11
3.240275450916766495e-11
2.242162065772859596e-11
1.516182029175643099e-11
1.027353794389970201e-11
6.919863904440209593e-12
4.633795625341891160e-12
3.086859258684335806e-12
2.048530599851477761e-12
1.355272006195201997e-12
8.931606417074388047e-13
5.854272221369856011e-13
3.814798015280600169e-13
2.470767634612145603e-13
1.590507151800464501e-13
1.017493414802625650e-13
6.467840283061015617e-14
4.084911543542935793e-14
2.563327868699680823e-14
1.597692903283955299e-14
