1.056032981064548126e+00 1.113640534305094479e+04 1.597483562216254359e+04 1.354658680336600355e+03
1.175443983510534363e+00 1.156390746818166372e+04 1.733592562420817194e+04 1.354658680336600355e+03
1.308357393325258133e+00 1.199026221782776338e+04 1.878456440207979904e+04 1.354658680336600355e+03
1.456299996156748877e+00 1.250278163954889351e+04 2.026145422220706314e+04 1.354658680336600355e+03
1.620971219045888478e+00 1.297759721579260986e+04 2.190688034473143125e+04 1.354658680336600355e+03
1.804262651863866251e+00 1.343660302369006422e+04 2.358067558142883718e+04 1.354658680336600355e+03
2.008279776137516404e+00 1.396169019085385298e+04 2.557386711448207279e+04 1.354658680336600355e+03
2.235366150863083323e+00 1.436865728297855640e+04 2.756664149666187586e+04 1.354658680336600355e+03
2.488130333132567262e+00 1.480451653054659073e+04 2.998319450786532616e+04 1.354658680336600355e+03
2.769475842811750965e+00 1.515773442684323345e+04 3.271343294163552491e+04 1.354658680336600355e+03
3.082634515476230241e+00 1.538618279483858169e+04 3.568674557598934916e+04 1.354658680336600355e+03
3.431203626733101864e+00 1.552919925018199137e+04 3.895807395110263315e+04 1.354658680336600355e+03
3.819187214377767425e+00 1.560818506509707731e+04 4.254124863935775647e+04 1.354658680336600355e+03
4.251042073056519932e+00 1.565768865551386079e+04 4.677540796109785151e+04 1.354658680336600355e+03
4.731728949778890581e+00 1.567794875590042102e+04 5.045901020646277902e+04 1.354658680336600355e+03
5.266769528365972342e+00 1.568009824850791119e+04 5.325423923308387748e+04 1.354658680336600355e+03
5.862309857419115922e+00 1.567867967660708200e+04 5.565766209625524789e+04 1.354658680336600355e+03
6.525190950410857837e+00 1.567676934329287360e+04 5.806649114882143476e+04 1.354658680336600355e+03
7.263027368885755841e+00 1.567439207409360461e+04 6.053235435316542134e+04 1.354658680336600355e+03
8.084294691462201143e+00 1.567145076710740432e+04 6.305646428981136705e+04 1.354658680336600355e+03
8.998426873397548320e+00 1.566781261873251060e+04 6.563577377727384737e+04 1.354658680336600355e+03
1.001592461509324039e+01 1.566331660956528322e+04 6.826530062467903190e+04 1.354658680336600355e+03
1.114847598437533449e+01 1.565776376785853790e+04 7.093586677037090703e+04 1.354658680336600355e+03
1.240909067814867583e+01 1.565090782793231665e+04 7.364134706519694009e+04 1.354658680336600355e+03
1.381224946569640366e+01 1.564244883039056549e+04 7.635870187783354777e+04 1.354658680336600355e+03
1.537407053029052229e+01 1.563202435907261861e+04 7.905041276767599629e+04 1.354658680336600355e+03
1.711249461989307719e+01 1.561919335887972375e+04 8.169211075618896575e+04 1.354658680336600355e+03
1.904749113378321468e+01 1.560351776079036063e+04 8.423823376532403927e+04 1.354658680336600355e+03
2.120128751244688203e+01 1.558417276556070283e+04 8.663811144092425820e+04 1.354658680336600355e+03
2.359862456574094125e+01 1.556047715832327231e+04 8.884208226423429733e+04 1.354658680336600355e+03
2.626704067231091244e+01 1.553154058216419980e+04 9.076711514771021029e+04 1.354658680336600355e+03
2.923718811487309566e+01 1.549631376571165492e+04 9.236038932169131294e+04 1.354658680336600355e+03
3.254318518513449021e+01 1.545358712757490139e+04 9.354237467361679592e+04 1.354658680336600355e+03
3.622300810299908846e+01 1.540197136226825205e+04 9.422973914580259589e+04 1.354658680336600355e+03
4.031892725206589034e+01 1.533989089644208616e+04 9.434403839792628423e+04 1.354658680336600355e+03
4.487799274248540371e+01 1.526567227632664071e+04 9.381204245496135263e+04 1.354658680336600355e+03
4.995257487887015913e+01 1.517747410545508501e+04 9.257474453146768792e+04 1.354658680336600355e+03
5.560096574165519456e+01 1.507335591205392302e+04 9.058624689078763186e+04 1.354658680336600355e+03
6.188804879230252709e+01 1.495129427017451962e+04 8.783031396441604011e+04 1.354658680336600355e+03
6.888604419417499969e+01 1.480927231628224763e+04 8.433633442713310069e+04 1.354658680336600355e+03
7.667533841060405564e+01 1.464528640981306489e+04 8.013575921684184868e+04 1.354658680336600355e+03
8.534540760983165342e+01 1.445745826984132691e+04 7.535490725665520586e+04 1.354658680336600355e+03
9.499584548401358575e+01 1.424423866307552453e+04 7.014205629457131727e+04 1.354658680336600355e+03
1.057375072889466310e+02 1.400441455180833691e+04 6.466641830482625664e+04 1.354658680336600355e+03
1.176937832461472624e+02 1.373720978792956885e+04 5.912729575354104600e+04 1.354658680336600355e+03
1.310020159349736844e+02 1.344224635426035093e+04 5.371320984705848241e+04 1.354658680336600355e+03
1.458150779564580262e+02 1.312080254406364293e+04 4.858191495268778090e+04 1.354658680336600355e+03
1.623031279915676635e+02 1.277142276982016301e+04 4.381759770316297363e+04 1.354658680336600355e+03
1.806555654259147161e+02 1.239689770457147279e+04 3.944738260110830015e+04 1.354658680336600355e+03
2.010832059937378347e+02 1.199960199560224828e+04 3.544982877052431286e+04 1.354658680336600355e+03
2.238207034330328042e+02 1.158213959530182001e+04 3.173186113069225394e+04 1.354658680336600355e+03
2.491292449694543905e+02 1.114743992068819898e+04 2.819501394698344666e+04 1.354658680336600355e+03
2.772995515922919481e+02 1.069891771138341028e+04 2.474900057180388831e+04 1.354658680336600355e+03
3.086552175868076802e+02 1.023896905952205998e+04 2.138247998109603213e+04 1.354658680336600355e+03
3.435564276845046834e+02 9.774430347877070744e+03 1.819785251924356999e+04 1.354658680336600355e+03
3.824040945302937757e+02 9.305619234586056336e+03 1.536643475332076923e+04 1.354658680336600355e+03
4.256444639942141634e+02 8.836951502025223817e+03 1.301523033112168559e+04 1.354658680336600355e+03
4.737742412289155709e+02 8.370498315862569143e+03 1.108576768917053050e+04 1.354658680336600355e+03
5.273462963565856398e+02 7.907763420078339550e+03 9.388426820038672304e+03 1.354658680336600355e+03
5.869760153267689020e+02 7.450865745958568368e+03 7.825491800414055433e+03 1.354658680336600355e+03
6.533483688978308237e+02 7.002051583635870884e+03 6.449008441128395134e+03 1.354658680336600355e+03
7.272257809440862957e+02 6.561788736787413654e+03 5.326738115232058590e+03 1.354658680336600355e+03
8.094568864722074295e+02 6.130896017390896304e+03 4.395488750127000458e+03 1.354658680336600355e+03
9.009862799510120794e+02 5.708512955081098880e+03 3.587326648090469916e+03 1.354658680336600355e+03
1.002865365934268880e+03 5.296849540132051516e+03 2.917273736253995594e+03 1.354658680336600355e+03
1.116264436618460877e+03 4.895326302370046506e+03 2.364111509370075055e+03 1.354658680336600355e+03
1.242486115071199492e+03 4.504875140240298606e+03 1.906474251811397608e+03 1.354658680336600355e+03
1.382980318553656389e+03 4.125908653706336736e+03 1.530766253076327530e+03 1.354658680336600355e+03
1.539360913821697523e+03 3.759371835464154628e+03 1.225063878978294042e+03 1.354658680336600355e+03
1.713424255726343517e+03 3.406158264048250203e+03 9.760466813592146309e+02 1.354658680336600355e+03
1.907169822067742189e+03 3.067039412913207798e+03 7.744161571782584588e+02 1.354658680336600355e+03
2.122823181736748211e+03 2.743322686265073571e+03 6.122405873982642106e+02 1.354658680336600355e+03
2.362861559980607581e+03 2.436512168190808552e+03 4.825206286135856431e+02 1.354658680336600355e+03
2.630042294462951304e+03 2.147211290021107288e+03 3.788595784825544115e+02 1.354658680336600355e+03
2.927434508994474982e+03 1.877196302338412579e+03 2.964354181616304231e+02 1.354658680336600355e+03
3.258454368773508122e+03 1.627290390747930815e+03 2.311289203032898172e+02 1.354658680336600355e+03
3.626904322114499791e+03 1.398672125309747571e+03 1.796182883263922179e+02 1.354658680336600355e+03
4.037016779438275080e+03 1.191644404907268154e+03 1.390422777942902997e+02 1.354658680336600355e+03
4.493502731267226409e+03 1.006604083983754663e+03 1.072903556897279032e+02 1.354658680336600355e+03
5.001605863702974602e+03 8.432416160089210280e+02 8.248658977738473652e+01 1.354658680336600355e+03
5.567162793016338583e+03 7.010045084454936841e+02 6.319261318916178993e+01 1.354658680336600355e+03
6.196670111266974345e+03 5.789751175439643021e+02 4.821863323800794632e+01 1.354658680336600355e+03
6.897359013111165041e+03 4.751882329523587032e+02 3.664606589759756616e+01 1.354658680336600355e+03
7.677278361042189317e+03 3.878841662969035724e+02 2.774511101602760021e+01 1.354658680336600355e+03
8.545387143236317570e+03 3.150735699346030287e+02 2.090701285430543876e+01 1.354658680336600355e+03
9.511657386079081334e+03 2.550626657103577770e+02 1.567922438281979680e+01 1.354658680336600355e+03
1.058718870352829254e+04 2.056791269195789482e+02 1.169936530412447517e+01 1.354658680336600355e+03
1.178433579916051713e+04 1.651483190073406604e+02 8.678259195196055487e+00 1.354658680336600355e+03
1.311685038551288017e+04 1.319461863245146560e+02 6.395541840648937715e+00 1.354658680336600355e+03
1.460003915097147365e+04 1.047771588009168227e+02 4.682667173912407499e+00 1.354658680336600355e+03
1.625093958876844590e+04 8.261471744163560516e+01 3.399230269256564352e+00 1.354658680336600355e+03
1.808851570786662342e+04 6.455414013125110273e+01 2.445643187310822420e+00 1.354658680336600355e+03
2.013387587385212828e+04 4.997211452161938183e+01 1.742322714503865555e+00 1.354658680336600355e+03
2.241051528221264743e+04 3.822539220726679332e+01 1.226958930407830550e+00 1.354658680336600355e+03
2.494458584929090648e+04 2.889558403582595858e+01 8.531598493723391297e-01 1.354658680336600355e+03
2.776519662118276028e+04 2.157077775773209538e+01 5.849247645336848045e-01 1.354658680336600355e+03
3.090474815138586200e+04 1.590965950379258942e+01 3.948754948947752474e-01 1.354658680336600355e+03
3.439930468822552211e+04 1.159612520019918058e+01 2.620991050994144200e-01 1.354658680336600355e+03
3.828900844740607135e+04 8.371685275089863154e+00 1.708965008956072618e-01 1.354658680336600355e+03
4.261854072845193878e+04 5.997518111154380271e+00 1.094192214050812295e-01 1.354658680336600355e+03
4.743763517192281142e+04 4.276300307890502417e+00 6.873968516738473977e-02 1.354658680336600355e+03
