1.056032981064548126e+00 0.000000000000000000e+00 9.615239102414779948e-08 3.000000000000000000e+00
1.175443983510534363e+00 0.000000000000000000e+00 1.058309539692497610e-07 3.000000000000000000e+00
1.308357393325258133e+00 0.000000000000000000e+00 1.159039184591329886e-07 3.000000000000000000e+00
1.456299996156748877e+00 0.000000000000000000e+00 1.264077575012479937e-07 3.000000000000000000e+00
1.620971219045888478e+00 0.000000000000000000e+00 1.373120491818666274e-07 3.000000000000000000e+00
1.804262651863866251e+00 0.000000000000000000e+00 1.482243241419045696e-07 3.000000000000000000e+00
2.008279776137516404e+00 0.000000000000000000e+00 1.591986628417338163e-07 3.000000000000000000e+00
2.235366150863083323e+00 0.000000000000000000e+00 1.701106882546932651e-07 3.000000000000000000e+00
2.488130333132567262e+00 0.000000000000000000e+00 1.807599902422640776e-07 3.000000000000000000e+00
2.769475842811750965e+00 0.000000000000000000e+00 1.913318062254768287e-07 3.000000000000000000e+00
3.082634515476230241e+00 0.000000000000000000e+00 2.015295627099056499e-07 3.000000000000000000e+00
3.431203626733101864e+00 0.000000000000000000e+00 2.115198152841656519e-07 3.000000000000000000e+00
3.819187214377767425e+00 0.000000000000000000e+00 2.212101841653068831e-07 3.000000000000000000e+00
4.251042073056519932e+00 0.000000000000000000e+00 2.305702351954660988e-07 3.000000000000000000e+00
4.731728949778890581e+00 0.000000000000000000e+00 2.395253108581020353e-07 3.000000000000000000e+00
5.266769528365972342e+00 0.000000000000000000e+00 2.479578035692833555e-07 3.000000000000000000e+00
5.862309857419115922e+00 0.000000000000000000e+00 2.557452157842270991e-07 3.000000000000000000e+00
6.525190950410857837e+00 0.000000000000000000e+00 2.627401919200542682e-07 3.000000000000000000e+00
7.263027368885755841e+00 0.000000000000000000e+00 2.688432862156390498e-07 3.000000000000000000e+00
8.084294691462201143e+00 0.000000000000000000e+00 2.738885336574236145e-07 3.000000000000000000e+00
8.998426873397548320e+00 0.000000000000000000e+00 2.777573654947903695e-07 3.000000000000000000e+00
1.001592461509324039e+01 0.000000000000000000e+00 2.803317377255752227e-07 3.000000000000000000e+00
1.114847598437533449e+01 0.000000000000000000e+00 2.815027950531856756e-07 3.000000000000000000e+00
1.240909067814867583e+01 0.000000000000000000e+00 2.811815144345929317e-07 3.000000000000000000e+00
1.381224946569640366e+01 0.000000000000000000e+00 2.792998531830003721e-07 3.000000000000000000e+00
1.537407053029052229e+01 0.000000000000000000e+00 2.758180732332993852e-07 3.000000000000000000e+00
1.711249461989307719e+01 0.000000000000000000e+00 2.707275858483966346e-07 3.000000000000000000e+00
1.904749113378321468e+01 0.000000000000000000e+00 2.640527817056363759e-07 3.000000000000000000e+00
2.120128751244688203e+01 0.000000000000000000e+00 2.558597389281951334e-07 3.000000000000000000e+00
2.359862456574094125e+01 0.000000000000000000e+00 2.462520486141334985e-07 3.000000000000000000e+00
2.626704067231091244e+01 0.000000000000000000e+00 2.353691921838462279e-07 3.000000000000000000e+00
2.923718811487309566e+01 0.000000000000000000e+00 2.233936592436459326e-07 3.000000000000000000e+00
3.254318518513449021e+01 0.000000000000000000e+00 2.105334653364462406e-07 3.000000000000000000e+00
3.622300810299908846e+01 0.000000000000000000e+00 1.970220667474334434e-07 3.000000000000000000e+00
4.031892725206589034e+01 0.000000000000000000e+00 1.831162283482895088e-07 3.000000000000000000e+00
4.487799274248540371e+01 0.000000000000000000e+00 1.690614237092740830e-07 3.000000000000000000e+00
4.995257487887015913e+01 0.000000000000000000e+00 1.551010183312977660e-07 3.000000000000000000e+00
5.560096574165519456e+01 0.000000000000000000e+00 1.414628297268010567e-07 3.000000000000000000e+00
6.188804879230252709e+01 0.000000000000000000e+00 1.283274294632151371e-07 3.000000000000000000e+00
6.888604419417499969e+01 0.000000000000000000e+00 1.158420936543215094e-07 3.000000000000000000e+00
7.667533841060405564e+01 0.000000000000000000e+00 1.041090387037540965e-07 3.000000000000000000e+00
8.534540760983165342e+01 0.000000000000000000e+00 9.318016263585373350e-08 3.000000000000000000e+00
9.499584548401358575e+01 0.000000000000000000e+00 8.307078456585877271e-08 3.000000000000000000e+00
1.057375072889466310e+02 0.000000000000000000e+00 7.376590094821014091e-08 3.000000000000000000e+00
1.176937832461472624e+02 0.000000000000000000e+00 6.523455557498138514e-08 3.000000000000000000e+00
1.310020159349736844e+02 0.000000000000000000e+00 5.744076180751030182e-08 3.000000000000000000e+00
1.458150779564580262e+02 0.000000000000000000e+00 5.035432419614760439e-08 3.000000000000000000e+00
1.623031279915676635e+02 0.000000000000000000e+00 4.395380041131729351e-08 3.000000000000000000e+00
1.806555654259147161e+02 0.000000000000000000e+00 3.822222188053667775e-08 3.000000000000000000e+00
2.010832059937378347e+02 0.000000000000000000e+00 3.314245822227168949e-08 3.000000000000000000e+00
2.238207034330328042e+02 0.000000000000000000e+00 2.868753983669575103e-08 3.000000000000000000e+00
2.491292449694543905e+02 0.000000000000000000e+00 2.481395719229268109e-08 3.000000000000000000e+00
2.772995515922919481e+02 0.000000000000000000e+00 2.146504161493235110e-08 3.000000000000000000e+00
3.086552175868076802e+02 0.000000000000000000e+00 1.857673615032884660e-08 3.000000000000000000e+00
3.435564276845046834e+02 0.000000000000000000e+00 1.608697906519975593e-08 3.000000000000000000e+00
3.824040945302937757e+02 0.000000000000000000e+00 1.394238141120236230e-08 3.000000000000000000e+00
4.256444639942141634e+02 0.000000000000000000e+00 1.209842125961707608e-08 3.000000000000000000e+00
4.737742412289155709e+02 0.000000000000000000e+00 1.051668833991433061e-08 3.000000000000000000e+00
5.273462963565856398e+02 0.000000000000000000e+00 9.160920806009207092e-09 3.000000000000000000e+00
5.869760153267689020e+02 0.000000000000000000e+00 7.996244306500169934e-09 3.000000000000000000e+00
6.533483688978308237e+02 0.000000000000000000e+00 6.991889237226783795e-09 3.000000000000000000e+00
7.272257809440862957e+02 0.000000000000000000e+00 6.121713482774430922e-09 3.000000000000000000e+00
8.094568864722074295e+02 0.000000000000000000e+00 5.365369824397639218e-09 3.000000000000000000e+00
9.009862799510120794e+02 0.000000000000000000e+00 4.705940682025421745e-09 3.000000000000000000e+00
1.002865365934268880e+03 0.000000000000000000e+00 4.129034107316244004e-09 3.000000000000000000e+00
1.116264436618460877e+03 0.000000000000000000e+00 3.622459826992285873e-09 3.000000000000000000e+00
1.242486115071199492e+03 0.000000000000000000e+00 3.175964895549812323e-09 3.000000000000000000e+00
1.382980318553656389e+03 0.000000000000000000e+00 2.781186336071788155e-09 3.000000000000000000e+00
1.539360913821697523e+03 0.000000000000000000e+00 2.431320287903743677e-09 3.000000000000000000e+00
1.713424255726343517e+03 0.000000000000000000e+00 2.120777513428591326e-09 3.000000000000000000e+00
1.907169822067742189e+03 0.000000000000000000e+00 1.845004828547564675e-09 3.000000000000000000e+00
2.122823181736748211e+03 0.000000000000000000e+00 1.600155477407445262e-09 3.000000000000000000e+00
2.362861559980607581e+03 0.000000000000000000e+00 1.383051267990595452e-09 3.000000000000000000e+00
2.630042294462951304e+03 0.000000000000000000e+00 1.190921153831496889e-09 3.000000000000000000e+00
2.927434508994474982e+03 0.000000000000000000e+00 1.021366584478422037e-09 3.000000000000000000e+00
3.258454368773508122e+03 0.000000000000000000e+00 8.722526050705850639e-10 3.000000000000000000e+00
3.626904322114499791e+03 0.000000000000000000e+00 7.416301173696284859e-10 3.000000000000000000e+00
4.037016779438275080e+03 0.000000000000000000e+00 6.277236922456351766e-10 3.000000000000000000e+00
4.493502731267226409e+03 0.000000000000000000e+00 5.288652344418653883e-10 3.000000000000000000e+00
5.001605863702974602e+03 0.000000000000000000e+00 4.434939223632465567e-10 3.000000000000000000e+00
5.567162793016338583e+03 0.000000000000000000e+00 3.701892128446918459e-10 3.000000000000000000e+00
6.196670111266974345e+03 0.000000000000000000e+00 3.075754430984216446e-10 3.000000000000000000e+00
6.897359013111165041e+03 0.000000000000000000e+00 2.543869875699705449e-10 3.000000000000000000e+00
7.677278361042189317e+03 0.000000000000000000e+00 2.094561141096751396e-10 3.000000000000000000e+00
8.545387143236317570e+03 0.000000000000000000e+00 1.717091509972365982e-10 3.000000000000000000e+00
9.511657386079081334e+03 0.000000000000000000e+00 1.401701733268770228e-10 3.000000000000000000e+00
1.058718870352829254e+04 0.000000000000000000e+00 1.139233701727108524e-10 3.000000000000000000e+00
1.178433579916051713e+04 0.000000000000000000e+00 9.225880605324680073e-11 3.000000000000000000e+00
1.311685038551288017e+04 0.000000000000000000e+00 7.443583327667614234e-11 3.000000000000000000e+00
1.460003915097147365e+04 0.000000000000000000e+00 5.984410865176061716e-11 3.000000000000000000e+00
1.625093958876844590e+04 0.000000000000000000e+00 4.795252967045433281e-11 3.000000000000000000e+00
1.808851570786662342e+04 0.000000000000000000e+00 3.830398078500898333e-11 3.000000000000000000e+00
2.013387587385212828e+04 0.000000000000000000e+00 3.047633220619705955e-11 3.000000000000000000e+00
2.241051528221264743e+04 0.000000000000000000e+00 2.419432799699292061e-11 3.000000000000000000e+00
2.494458584929090648e+04 0.000000000000000000e+00 1.915733782444096363e-11 3.000000000000000000e+00
2.776519662118276028e+04 0.000000000000000000e+00 1.513310262612830395e-11 3.000000000000000000e+00
3.090474815138586200e+04 0.000000000000000000e+00 1.191984026016961611e-11 3.000000000000000000e+00
3.439930468822552211e+04 0.000000000000000000e+00 9.367474399251966985e-12 3.000000000000000000e+00
3.828900844740607135e+04 0.000000000000000000e+00 7.342289752782990269e-12 3.000000000000000000e+00
4.261854072845193878e+04 0.000000000000000000e+00 5.740547834879122026e-12 3.000000000000000000e+00
4.743763517192281142e+04 0.000000000000000000e+00 4.475549006585322663e-12 3.000000000000000000e+00
