0.000000000000000000e+00
0.000000000000000000e+00
1.704220124054806866e-08
8.414055065784126395e-08
1.520034556658893903e-07
1.969085195909192035e-07
2.185711226117679825e-07
2.407486647955105861e-07
2.648987124838774537e-07
2.911229863453397343e-07
3.195109600378439186e-07
3.501362381690780954e-07
3.830478167910452846e-07
4.182569385783241834e-07
4.557283721956909109e-07
4.953765076160365419e-07
5.370615102640298488e-07
5.805566732326406233e-07
6.255534259594343481e-07
6.716397447112338942e-07
7.182820971677759787e-07
7.648062453558233622e-07
8.103992408213571551e-07
8.541041090645576561e-07
8.947861194587230119e-07
9.311363800961348607e-07
9.617073326386524232e-07
9.849375619126198439e-07
9.991783750386506552e-07
1.002816053495284786e-06
9.944681997323452310e-07
9.731547229574374768e-07
9.385598309310104144e-07
8.913650170912133751e-07
8.334784094968798719e-07
7.681545055853094442e-07
6.997698672516338143e-07
6.331781617132378550e-07
5.729423543606940085e-07
5.219843042990601906e-07
4.801728386695830544e-07
4.436872725235999562e-07
4.061537488855871450e-07
3.621672222176477109e-07
3.117496178789597459e-07
2.616929730360539516e-07
2.208095034243980500e-07
1.914250409080527985e-07
1.671463371907214703e-07
1.417435711725416511e-07
1.172247423438190605e-07
9.750522338638744634e-08
8.144580881683000745e-08
6.735843281030364530e-08
5.517538121475466393e-08
4.508354221629192259e-08
3.669662667170708729e-08
2.967778148406238122e-08
2.392437356838282732e-08
1.919680299388032246e-08
1.532792191913618482e-08
1.218615701066557201e-08
9.654440093687857165e-09
7.617197669070828310e-09
5.984200755595997101e-09
4.681224435650433311e-09
3.645635020675028991e-09
2.826275415566235147e-09
2.180644149580512422e-09
1.673973535342033900e-09
1.277808151113776966e-09
9.696719259024761919e-10
7.311586077427885080e-10
5.475130505757284026e-10
4.069233840854186677e-10
3.000958680387065683e-10
2.194961288638022559e-10
1.591620960066806122e-10
1.144314285130110146e-10
8.157704055680320211e-11
5.768273529619615215e-11
4.047061250965384235e-11
2.819042035629696124e-11
1.949476354472904727e-11
1.339174410278699806e-11
9.141218668578330476e-12
6.202453757081383198e-12
4.183942263931937019e-12
2.807990460985384132e-12
1.877735637806589506e-12
1.251943109191699212e-12
8.315326789911125497e-13
5.494059053637271051e-13
3.609033675725020699e-13
2.356752872452573179e-13
1.528959941300197379e-13
9.865770640481070313e-14
6.321516382732334051e-14
4.022843977111970701e-14
2.542048501605635963e-14
1.606572005767861769e-14
