1.465921976469134967e-19
1.315496446321299424e-19
1.180360808605689881e-19
1.059033372310647953e-19
9.500543220498771413e-20
8.521010259377617001e-20
7.640064525330608978e-20
6.852691316960862093e-20
6.142413435278796243e-20
5.506648186682465134e-20
4.935047284209057494e-20
4.421952474790557592e-20
3.959660416814336270e-20
3.547164561704737066e-20
3.175044698094394423e-20
2.841054653733253569e-20
2.541880276050518349e-20
2.273014119456207765e-20
2.031444430167076809e-20
1.815397449921047537e-20
1.621467481495134803e-20
1.447289444069054792e-20
1.291484892906512406e-20
1.150919206785508942e-20
1.025399780225715331e-20
9.126041102122006904e-21
8.121896672611923422e-21
7.217762946971503783e-21
6.408543509664600073e-21
5.685007837900190411e-21
5.037224345460372023e-21
4.458020559704322132e-21
3.940371596293824513e-21
3.478183784592913527e-21
3.065121915735565106e-21
2.696876327162975501e-21
2.368656107351413573e-21
2.076378573808150572e-21
1.816368027473666325e-21
1.585339713221799993e-21
1.380312257291955771e-21
1.198622157791551360e-21
1.037866967410701422e-21
8.958873824749931430e-22
7.707345461450847422e-22
6.606637403692871880e-22
5.640876530065443344e-22
4.795846341291965742e-22
4.058692763358128887e-22
3.417806965027702274e-22
2.862700176790929736e-22
2.383879932039171017e-22
1.972755606608338332e-22
1.621545084759573939e-22
1.323196248368343836e-22
1.071312701216834630e-22
8.600999365743242951e-23
6.843073612505847870e-23
5.391851023970920088e-23
4.204468470035347843e-23
3.242360181219699750e-23
2.470976793300904193e-23
1.859540920226093768e-23
1.380841757911456138e-23
1.011001791870765243e-23
7.293043090916205754e-24
5.179747936028301698e-24
3.619712127765394916e-24
2.487534763453907738e-24
1.680431652528003702e-24
1.115692884046710922e-24
7.280783242913332945e-25
4.672223705963402146e-25
2.951210000487626309e-25
1.837806588568385271e-25
1.130945873761301678e-25
6.899277706403425218e-26
4.188903717960087817e-26
2.542589258125920250e-26
1.549884196169750272e-26
9.523330016152001985e-27
5.912395017024184484e-27
3.710064645485123750e-27
2.349377604116527957e-27
1.496753673456336841e-27
9.557343390349654289e-28
6.093674076158229173e-28
3.866852021650311617e-28
2.435992831766710715e-28
1.520740719799664866e-28
9.397539529729240936e-29
5.745189316748735743e-29
3.473980528615682161e-29
2.077795702929602210e-29
1.229465149643291439e-29
7.199333781164400145e-30
4.173273763513360196e-30
2.395670720501942548e-30
1.362414709577242304e-30
7.678761291161001115e-31
4.290894493092387943e-31
