1.056032981064548126e+00 8.310736908373041214e-20 0.000000000000000000e+00 2.692965325370652708e-18 2.537454176157672879e-18 2.932333879153455526e-18
1.175443983510534363e+00 8.843964287782650900e-20 0.000000000000000000e+00 3.046668300317322423e-18 3.155805629309231602e-18 3.817722192606479183e-18
1.308357393325258133e+00 9.280388782662428606e-20 0.000000000000000000e+00 3.407527314919759591e-18 3.895334998738194876e-18 4.887523360992387518e-18
1.456299996156748877e+00 9.565497243703129636e-20 0.000000000000000000e+00 3.770923961387130243e-18 4.779290760418922730e-18 6.135848422527348250e-18
1.620971219045888478e+00 9.759568386580897930e-20 0.000000000000000000e+00 4.131373220116027399e-18 5.823481420239257291e-18 7.579080636737890127e-18
1.804262651863866251e+00 9.865491752365444673e-20 0.000000000000000000e+00 4.495742136063979433e-18 7.051451175820638160e-18 9.185388527351339748e-18
2.008279776137516404e+00 9.917354665256130801e-20 0.000000000000000000e+00 4.860268765001091157e-18 8.480493456446018518e-18 1.099341394171341089e-17
2.235366150863083323e+00 9.936490002744357845e-20 0.000000000000000000e+00 5.229396097901126301e-18 1.012670151140432199e-17 1.304002311192293146e-17
2.488130333132567262e+00 9.942163486309419528e-20 0.000000000000000000e+00 5.603890210408673958e-18 1.200865163576131751e-17 1.537399237848957289e-17
2.769475842811750965e+00 9.944150436530979081e-20 0.000000000000000000e+00 5.984906520922958107e-18 1.414103091383493042e-17 1.804828905371968398e-17
3.082634515476230241e+00 9.944103619994604783e-20 0.000000000000000000e+00 6.367827071496013865e-18 1.652781175632439420e-17 2.110570755959866817e-17
3.431203626733101864e+00 9.943906440013016124e-20 0.000000000000000000e+00 6.749600338254378609e-18 1.915477484480672603e-17 2.459005609845499913e-17
3.819187214377767425e+00 9.943628501657479577e-20 0.000000000000000000e+00 7.124914916916434644e-18 2.202083877027073767e-17 2.852789377288832630e-17
4.251042073056519932e+00 9.943284039294429191e-20 0.000000000000000000e+00 7.487991421135819678e-18 2.508290185979003496e-17 3.294648347545452887e-17
4.731728949778890581e+00 9.942857837311138080e-20 0.000000000000000000e+00 7.832526743110943349e-18 2.830850266554598883e-17 3.784797468071483086e-17
5.266769528365972342e+00 9.942330785119793955e-20 0.000000000000000000e+00 8.151911520738604983e-18 3.160498581593245499e-17 4.323992049965203894e-17
5.862309857419115922e+00 9.941679137062157228e-20 0.000000000000000000e+00 8.438830257378710227e-18 3.492303901222621233e-17 4.908304621469997292e-17
6.525190950410857837e+00 9.940873536995037010e-20 0.000000000000000000e+00 8.686318919395212409e-18 3.815250069188906389e-17 5.534055998675962366e-17
7.263027368885755841e+00 9.939878175814625876e-20 0.000000000000000000e+00 8.886777315051002033e-18 4.118215723903946720e-17 6.193126654709753646e-17
8.084294691462201143e+00 9.938648016394564588e-20 0.000000000000000000e+00 9.034303918065406703e-18 4.388522088550273937e-17 6.874895486445788102e-17
8.998426873397548320e+00 9.937130164462674293e-20 0.000000000000000000e+00 9.122437136980621492e-18 4.613936045921433009e-17 7.563829347220600361e-17
1.001592461509324039e+01 9.935258763086166339e-20 0.000000000000000000e+00 9.145379536666657658e-18 4.781335321717664119e-17 8.244304254704838817e-17
1.114847598437533449e+01 9.932953938385997046e-20 0.000000000000000000e+00 9.099712612854741805e-18 4.879392806396127884e-17 8.892348991000030006e-17
1.240909067814867583e+01 9.930118281400952093e-20 0.000000000000000000e+00 8.983172538193151039e-18 4.901474703722819368e-17 9.484351034676751417e-17
1.381224946569640366e+01 9.926631876317626515e-20 0.000000000000000000e+00 8.796690600314159239e-18 4.839253908032126253e-17 9.994664377069543537e-17
1.537407053029052229e+01 9.922350878097635989e-20 0.000000000000000000e+00 8.543601742934636681e-18 4.692293646377489096e-17 1.039607511389523634e-16
1.711249461989307719e+01 9.917102196203690604e-20 0.000000000000000000e+00 8.217169763455346447e-18 4.463822762266528378e-17 1.066395841998282534e-16
1.904749113378321468e+01 9.910676421349940020e-20 0.000000000000000000e+00 7.853066764208818456e-18 4.163305156991719401e-17 1.077610176026081748e-16
2.120128751244688203e+01 9.902822814263760362e-20 0.000000000000000000e+00 7.433998271614205217e-18 3.802966231680776020e-17 1.071714191901957644e-16
2.359862456574094125e+01 9.893236972626268277e-20 0.000000000000000000e+00 6.983620832247217910e-18 3.399197167880736653e-17 1.048012692514190254e-16
2.626704067231091244e+01 9.881559882104853501e-20 0.000000000000000000e+00 6.500135974580038869e-18 2.971507015289212640e-17 1.006862629448255720e-16
2.923718811487309566e+01 9.867364959236779707e-20 0.000000000000000000e+00 6.008322304796222271e-18 2.539405474237389644e-17 9.496243203861892206e-17
3.254318518513449021e+01 9.850144522137751405e-20 0.000000000000000000e+00 5.514688342722594062e-18 2.119740634077374962e-17 8.787264348343935509e-17
3.622300810299908846e+01 9.829291062746570445e-20 0.000000000000000000e+00 5.028817710112133452e-18 1.734168166292029321e-17 7.975775588216677972e-17
4.031892725206589034e+01 9.804094028625418905e-20 0.000000000000000000e+00 4.558683388831389920e-18 1.387633010900597534e-17 7.105518546250273344e-17
4.487799274248540371e+01 9.773717004138927714e-20 0.000000000000000000e+00 4.109360633938976606e-18 1.088601357006506718e-17 6.217225038607972803e-17
4.995257487887015913e+01 9.737185652246638715e-20 0.000000000000000000e+00 3.684459228796875814e-18 8.399056727704415934e-18 5.351665038976411637e-17
5.560096574165519456e+01 9.693412841107896165e-20 0.000000000000000000e+00 3.285172175963795627e-18 6.382418782348183317e-18 4.547585155407042602e-17
6.188804879230252709e+01 9.641130032983031782e-20 0.000000000000000000e+00 2.911893234724225209e-18 4.793521968120820417e-18 3.819481084079994563e-17
6.888604419417499969e+01 9.578914757106160529e-20 0.000000000000000000e+00 2.564003697575024895e-18 3.561949977092806418e-18 3.185496628488594554e-17
7.667533841060405564e+01 9.505178795369196756e-20 0.000000000000000000e+00 2.242071648935490456e-18 2.619612468565573466e-18 2.644995681933612439e-17
8.534540760983165342e+01 9.418157008191210621e-20 0.000000000000000000e+00 1.945710096446688658e-18 1.908503380398016462e-18 2.188380896333297867e-17
9.499584548401358575e+01 9.315865581737554990e-20 0.000000000000000000e+00 1.675451339598784229e-18 1.360977274768428071e-18 1.801510316034860908e-17
1.057375072889466310e+02 9.196303067223665381e-20 0.000000000000000000e+00 1.431680067770466052e-18 9.524184059741655708e-19 1.466341221917764896e-17
1.176937832461472624e+02 9.057269678371380723e-20 0.000000000000000000e+00 1.217253920670682880e-18 6.508801271501011750e-19 1.174141423263599372e-17
1.310020159349736844e+02 8.896412736728261603e-20 0.000000000000000000e+00 1.024005234800071924e-18 4.328614438654833341e-19 9.217833414180478665e-18
1.458150779564580262e+02 8.711412612028470831e-20 0.000000000000000000e+00 8.580663279034165386e-19 2.802106728052806646e-19 7.111917170292191758e-18
1.623031279915676635e+02 8.500059843945549242e-20 0.000000000000000000e+00 7.143862356707371456e-19 1.771881612145654454e-19 5.421958267036425081e-18
1.806555654259147161e+02 8.260410491207812313e-20 0.000000000000000000e+00 5.919732020531059891e-19 1.100783758097404498e-19 4.100704690176712126e-18
2.010832059937378347e+02 7.990755555896004378e-20 0.000000000000000000e+00 4.872261915159312279e-19 6.757612225454462311e-20 3.105421958987546497e-18
2.238207034330328042e+02 7.689397593188802028e-20 0.000000000000000000e+00 3.983895490676482354e-19 4.109907053966872190e-20 2.320067245833983851e-18
2.491292449694543905e+02 7.357663998019319432e-20 0.000000000000000000e+00 3.235979208631621812e-19 2.465761197690138701e-20 1.737794828673695088e-18
2.772995515922919481e+02 6.994597305315251317e-20 0.000000000000000000e+00 2.609857535182560547e-19 1.455395830832806009e-20 1.299941217004543141e-18
3.086552175868076802e+02 6.601345636224760845e-20 0.000000000000000000e+00 2.090668932036223003e-19 8.428372430477437166e-21 9.696332649536860014e-19
3.435564276845046834e+02 6.180211924191494901e-20 0.000000000000000000e+00 1.665570285076502745e-19 4.795311791717513186e-21 7.229653100935425518e-19
3.824040945302937757e+02 5.735904351887739491e-20 0.000000000000000000e+00 1.312859658369931530e-19 2.690136826954428841e-21 5.410137117364044249e-19
4.256444639942141634e+02 5.270697129048882966e-20 0.000000000000000000e+00 1.030170832573399842e-19 1.489960528488111501e-21 4.078694756630920149e-19
4.737742412289155709e+02 4.791368038353255999e-20 0.000000000000000000e+00 7.987022912345115135e-20 8.147284927169860156e-22 3.103958664221430316e-19
5.273462963565856398e+02 4.304891286977754104e-20 0.000000000000000000e+00 6.147226522525658608e-20 4.395236746809713154e-22 2.387719335134595020e-19
5.869760153267689020e+02 3.818768340162164065e-20 0.000000000000000000e+00 4.688459266530210193e-20 2.338823137590566692e-22 1.858726951252715282e-19
6.533483688978308237e+02 3.341461073565852309e-20 0.000000000000000000e+00 3.535887047327825601e-20 1.231022154647443436e-22 1.465357936102990019e-19
7.272257809440862957e+02 2.881310856420770294e-20 0.000000000000000000e+00 2.638447389040739218e-20 6.392588546475433072e-23 1.169390415851716591e-19
8.094568864722074295e+02 2.445633040819486959e-20 0.000000000000000000e+00 1.945679794976559943e-20 3.283124552237350200e-23 9.429959265239085257e-20
9.009862799510120794e+02 2.041050462561327483e-20 0.000000000000000000e+00 1.416683608368555425e-20 1.667060608692508811e-23 7.669819657558995068e-20
1.002865365934268880e+03 1.673371200497050909e-20 0.000000000000000000e+00 1.017173175696370907e-20 8.371373980906992427e-24 6.276029467054130208e-20
1.116264436618460877e+03 1.346263666457224352e-20 0.000000000000000000e+00 7.197441363980490066e-21 4.158452917984994143e-24 5.150439079938829165e-20
1.242486115071199492e+03 1.061199262453587170e-20 0.000000000000000000e+00 5.012994065035816815e-21 2.043127922656678778e-24 4.227292662855775385e-20
1.382980318553656389e+03 8.202006651967826475e-21 0.000000000000000000e+00 3.435805530574390064e-21 9.946404669971151962e-25 3.458385479063741765e-20
1.539360913821697523e+03 6.203574849813923481e-21 0.000000000000000000e+00 2.309729048921504627e-21 4.787022248068066283e-25 2.812367989316563051e-20
1.713424255726343517e+03 4.591994945149398000e-21 0.000000000000000000e+00 1.525148262402680716e-21 2.280388875808733735e-25 2.266872469963190789e-20
1.907169822067742189e+03 3.317276200581088239e-21 0.000000000000000000e+00 9.874348316704039002e-22 1.074586486877310243e-25 1.807757765251198035e-20
2.122823181736748211e+03 2.343116523516638053e-21 0.000000000000000000e+00 6.263564921141703551e-22 5.050951863060695702e-26 1.422983309158940648e-20
2.362861559980607581e+03 1.617412936008647383e-21 0.000000000000000000e+00 3.890470803849909389e-22 2.309933696343531907e-26 1.103512767349320019e-20
2.630042294462951304e+03 1.091091052802954104e-21 0.000000000000000000e+00 2.364458769366314604e-22 1.053934963677350569e-26 8.420087058235039668e-21
2.927434508994474982e+03 7.194988051008797910e-22 0.000000000000000000e+00 1.405582861292366468e-22 4.751651456804738466e-27 6.313955463961866177e-21
3.258454368773508122e+03 4.640404560474891709e-22 0.000000000000000000e+00 8.172186524134338185e-23 2.116000684692804007e-27 4.649595451990194299e-21
3.626904322114499791e+03 2.930503667724173915e-22 0.000000000000000000e+00 4.647509040996890697e-23 9.313736986999382854e-28 3.362665193312669972e-21
4.037016779438275080e+03 1.827973360452124464e-22 0.000000000000000000e+00 2.586067436361263365e-23 4.043037021839674893e-28 2.385685092471441217e-21
4.493502731267226409e+03 1.110033964647548696e-22 0.000000000000000000e+00 1.408596553394226001e-23 1.732946537815984801e-28 1.662749714602681165e-21
5.001605863702974602e+03 6.595175215052555122e-23 0.000000000000000000e+00 7.523843742165285770e-24 7.326996251750378446e-29 1.138767424749318587e-21
5.567162793016338583e+03 3.886689589477326197e-23 0.000000000000000000e+00 3.935751058856380666e-24 3.054812969494145939e-29 7.664220992392544772e-22
6.196670111266974345e+03 2.261953540941995159e-23 0.000000000000000000e+00 2.023764548548072239e-24 1.255569749648197244e-29 5.079101454644319802e-22
6.897359013111165041e+03 1.302112313990832650e-23 0.000000000000000000e+00 1.023538227805191982e-24 5.085140813077737033e-30 3.322563750693189563e-22
7.677278361042189317e+03 7.437603219509547313e-24 0.000000000000000000e+00 5.099004275999998372e-25 2.029863714735277465e-30 2.141799223318273020e-22
8.545387143236317570e+03 4.198894102038129614e-24 0.000000000000000000e+00 2.505616065264060024e-25 7.980760896003750894e-31 1.363622533746107664e-22
9.511657386079081334e+03 2.355656931482668059e-24 0.000000000000000000e+00 1.216156372572131914e-25 3.093809549814448625e-31 8.582617023788056845e-23
1.058718870352829254e+04 1.311743432620187425e-24 0.000000000000000000e+00 5.837550546540522533e-26 1.181466725785745536e-31 5.345588932055308275e-23
1.178433579916051713e+04 7.248635787095641575e-25 0.000000000000000000e+00 2.776396744876449220e-26 4.448191220558623667e-32 3.299083234539807317e-23
1.311685038551288017e+04 3.974593451519059858e-25 0.000000000000000000e+00 1.303992307024209403e-26 1.649921361235256562e-32 2.015185981055860882e-23
1.460003915097147365e+04 2.161964755648790823e-25 0.000000000000000000e+00 6.074994227958894572e-27 6.042593986350036511e-33 1.221175225611460613e-23
1.625093958876844590e+04 1.166290375223866672e-25 0.000000000000000000e+00 2.805588823934349391e-27 2.178897267914093028e-33 7.340357962124678589e-24
1.808851570786662342e+04 6.240791386012117337e-26 0.000000000000000000e+00 1.284339252978139689e-27 7.762858506250576623e-34 4.378607347214894549e-24
2.013387587385212828e+04 3.309938136031053783e-26 0.000000000000000000e+00 5.825259863299469564e-28 2.732102219046057099e-34 2.592264891581370702e-24
2.241051528221264743e+04 1.741317660614044013e-26 0.000000000000000000e+00 2.628272593973049068e-28 9.511381548113461736e-35 1.523700049464067968e-24
2.494458584929090648e+04 9.084606594744716185e-27 0.000000000000000000e+00 1.170777214235773518e-28 3.277603907544039383e-35 8.895706073761981959e-25
2.776519662118276028e+04 4.704355065088910413e-27 0.000000000000000000e+00 5.182302823163541900e-29 1.119666116794989233e-35 5.160174231948146291e-25
3.090474815138586200e+04 2.417271308259731990e-27 0.000000000000000000e+00 2.273740220685023342e-29 3.782837756247342035e-36 2.973806386811567479e-25
3.439930468822552211e+04 1.232936617931120102e-27 0.000000000000000000e+00 9.889228585693412608e-30 1.264072789151425117e-36 1.704058763067874372e-25
3.828900844740607135e+04 6.246798303081690780e-28 0.000000000000000000e+00 4.260780876651371484e-30 4.168422585050104751e-37 9.706549809096777289e-26
4.261854072845193878e+04 3.140845173560609321e-28 0.000000000000000000e+00 1.820399325261999519e-30 1.354669581845990718e-37 5.498725063984708680e-26
4.743763517192281142e+04 1.569950732451461051e-28 0.000000000000000000e+00 7.710537028191418821e-31 4.336737943355019835e-38 3.098613501235412661e-26
