1.056032981064548126e+00 2.775945747357364893e+08 3.329162942197667063e-01 2.579049025330303013e+08 4.352356331109801540e+05 1.516588851780504920e+05
1.175443983510534363e+00 2.776450158928419948e+08 3.329162942197667063e-01 2.661070731970611811e+08 4.709442122820874210e+05 1.592087687494094134e+05
1.308357393325258133e+00 2.776770949494269490e+08 3.329162942197667063e-01 2.726687683385140896e+08 5.010234834227726678e+05 1.669038152892607905e+05
1.456299996156748877e+00 2.776662522760252953e+08 3.329162942197667063e-01 2.773316702842431664e+08 5.240488185202354798e+05 1.745355093141670222e+05
1.620971219045888478e+00 2.776588800683534741e+08 3.329162942197667063e-01 2.799502527575373054e+08 5.385470146043148125e+05 1.821423751801394683e+05
1.804262651863866251e+00 2.776290640208430886e+08 3.329162942197667063e-01 2.802401359714325666e+08 5.434301693022187101e+05 1.893211996560151747e+05
2.008279776137516404e+00 2.775829395114921927e+08 3.329162942197667063e-01 2.782340969740228057e+08 5.386561030657936353e+05 1.962478106592959666e+05
2.235366150863083323e+00 2.775145899313701391e+08 3.329162942197667063e-01 2.738795023253906965e+08 5.232968964413293870e+05 2.024626590329087339e+05
2.488130333132567262e+00 2.774250029627011418e+08 3.329162942197667063e-01 2.673196046317188144e+08 4.977706933090031380e+05 2.078738313107730937e+05
2.769475842811750965e+00 2.773110395358762145e+08 3.329162942197667063e-01 2.586647655093577504e+08 4.647591905400267569e+05 2.122740531520050718e+05
3.082634515476230241e+00 2.771653916928344965e+08 3.329162942197667063e-01 2.481239648906187117e+08 4.253446413327050395e+05 2.155443326432156318e+05
3.431203626733101864e+00 2.769846733538760543e+08 3.329162942197667063e-01 2.360166517790964544e+08 3.817217106871074066e+05 2.175628686774912057e+05
3.819187214377767425e+00 2.767606207871719599e+08 3.329162942197667063e-01 2.227144264005445838e+08 3.361095426105596125e+05 2.181914747574414068e+05
4.251042073056519932e+00 2.764836218122319579e+08 3.329162942197667063e-01 2.086235524191957712e+08 2.903410497861200129e+05 2.174359977975832007e+05
4.731728949778890581e+00 2.761412991184415817e+08 3.329162942197667063e-01 1.940751771986351609e+08 2.472252120691116143e+05 2.159676329265355598e+05
5.266769528365972342e+00 2.757187224003623128e+08 3.329162942197667063e-01 1.795839177721943855e+08 2.065954677854550828e+05 2.119305193343474821e+05
5.862309857419115922e+00 2.751972892136121392e+08 3.329162942197667063e-01 1.649109834451799989e+08 1.710730871649824840e+05 2.081346667532713036e+05
6.525190950410857837e+00 2.745543745310330987e+08 3.329162942197667063e-01 1.505238953014262319e+08 1.388286230707384238e+05 2.023933055401653110e+05
7.263027368885755841e+00 2.737628572920293212e+08 3.329162942197667063e-01 1.366899491808050275e+08 1.117610911097764620e+05 1.960930790454546222e+05
8.084294691462201143e+00 2.727896078520346880e+08 3.329162942197667063e-01 1.234556976065708399e+08 8.915696914583009493e+04 1.898224219163965317e+05
8.998426873397548320e+00 2.715950295455335379e+08 3.329162942197667063e-01 1.107717541760567129e+08 7.038187822907650843e+04 1.829702018723764631e+05
1.001592461509324039e+01 2.701325695770449638e+08 3.329162942197667063e-01 9.866022796274432540e+07 5.501583731349268783e+04 1.760935847639861167e+05
1.114847598437533449e+01 2.683470338507729173e+08 3.329162942197667063e-01 8.731925585572041571e+07 4.268338449463590950e+04 1.691923494806228555e+05
1.240909067814867583e+01 2.661730385568495393e+08 3.329162942197667063e-01 7.669516130200988054e+07 3.286448111073623295e+04 1.623459330925734248e+05
1.381224946569640366e+01 2.635360925084310472e+08 3.329162942197667063e-01 6.700990173565447330e+07 2.517254773183884026e+04 1.556317694120099768e+05
1.537407053029052229e+01 2.603528431834185719e+08 3.329162942197667063e-01 5.810961807231514901e+07 1.919326982564555874e+04 1.490922899409491802e+05
1.711249461989307719e+01 2.565310189470986128e+08 3.329162942197667063e-01 5.006485837532413006e+07 1.460190965125568073e+04 1.428335720261896495e+05
1.904749113378321468e+01 2.519734246658542454e+08 3.329162942197667063e-01 4.281975935131228715e+07 1.112174437078846495e+04 1.366024178964130697e+05
2.120128751244688203e+01 2.465770922865790427e+08 3.329162942197667063e-01 3.644729970843918622e+07 8.517987053905511857e+03 1.307959616295029264e+05
2.359862456574094125e+01 2.402444917700285614e+08 3.329162942197667063e-01 3.082404511572901905e+07 6.589866915975650045e+03 1.251853211657641950e+05
2.626704067231091244e+01 2.328878285326068401e+08 3.329162942197667063e-01 2.586860200673832372e+07 5.160980131614647689e+03 1.198294527530178457e+05
2.923718811487309566e+01 2.244364318513189852e+08 3.329162942197667063e-01 2.158328797317298129e+07 4.105789375161061798e+03 1.147281163126992033e+05
3.254318518513449021e+01 2.148449286596305072e+08 3.329162942197667063e-01 1.796814173105363175e+07 3.321659825525319320e+03 1.097745662665282871e+05
3.622300810299908846e+01 2.041055143420047164e+08 3.329162942197667063e-01 1.472049533370446786e+07 2.729452871338544355e+03 1.050280554340206145e+05
4.031892725206589034e+01 1.922519359601108730e+08 3.329162942197667063e-01 1.203412514931646548e+07 2.269975128390959071e+03 1.003536174526610121e+05
4.487799274248540371e+01 1.793678817020662725e+08 3.329162942197667063e-01 9.773323781343042850e+06 1.901586503207110127e+03 9.576551687602513994e+04
4.995257487887015913e+01 1.655946185265251994e+08 3.329162942197667063e-01 7.867552990143791772e+06 1.594754882515447207e+03 9.116153405722783646e+04
5.560096574165519456e+01 1.511168302433219254e+08 3.329162942197667063e-01 6.291676289900501259e+06 1.330697959132797450e+03 8.657907182133923925e+04
6.188804879230252709e+01 1.361694082892769277e+08 3.329162942197667063e-01 4.987629832841887139e+06 1.098579534586732734e+03 8.181618875475923414e+04
6.888604419417499969e+01 1.210241302133849710e+08 3.329162942197667063e-01 3.921876636182644870e+06 8.934554496538171406e+02 7.704372324819928326e+04
7.667533841060405564e+01 1.060052083623542637e+08 3.329162942197667063e-01 3.058939953466997948e+06 7.139590892018939030e+02 7.216022843344249122e+04
8.534540760983165342e+01 9.141396117031225562e+07 3.329162942197667063e-01 2.363995612852436490e+06 5.596916435358351691e+02 6.721560068357658747e+04
9.499584548401358575e+01 7.754494796932220459e+07 3.329162942197667063e-01 1.813345286973398644e+06 4.306755694583034142e+02 6.221889072677837976e+04
1.057375072889466310e+02 6.466884521813224256e+07 3.329162942197667063e-01 1.378103230715090176e+06 3.263014498261049994e+02 5.721585772205824469e+04
1.176937832461472624e+02 5.298523428425189853e+07 3.329162942197667063e-01 1.037023660430603661e+06 2.442748712484676616e+02 5.222247319325304125e+04
1.310020159349736844e+02 4.277169233685571700e+07 3.329162942197667063e-01 7.743920697136960225e+05 1.815497351236794259e+02 4.731063967983919429e+04
1.458150779564580262e+02 3.374491801329842210e+07 3.329162942197667063e-01 5.732950995436009252e+05 1.341606942876151152e+02 4.251925519066870038e+04
1.623031279915676635e+02 2.625267993029059842e+07 3.329162942197667063e-01 4.214222709361990565e+05 9.867971394443762279e+01 3.788802489419950143e+04
1.806555654259147161e+02 2.007280833809961751e+07 3.329162942197667063e-01 3.073361939300622907e+05 7.166890902747327630e+01 3.346766126783933578e+04
2.010832059937378347e+02 1.513743514297910221e+07 3.329162942197667063e-01 2.228403343912253913e+05 5.123022047326949036e+01 2.929148829464328810e+04
2.238207034330328042e+02 1.120293650047809258e+07 3.329162942197667063e-01 1.607556980074995081e+05 3.577094606759454365e+01 2.536377934500730044e+04
2.491292449694543905e+02 8.262364163218736649e+06 3.329162942197667063e-01 1.155673023532086663e+05 2.435216906371532986e+01 2.177083370838950577e+04
2.772995515922919481e+02 5.969475508317817003e+06 3.329162942197667063e-01 8.334672445895051351e+04 1.605434041499698949e+01 1.852398205658251754e+04
3.086552175868076802e+02 4.298830845900221728e+06 3.329162942197667063e-01 5.934274375423424499e+04 1.017655313318032917e+01 1.581379149385416349e+04
3.435564276845046834e+02 3.081681324873429723e+06 3.329162942197667063e-01 4.240700992483535811e+04 6.225464210735240478e+00 1.311250994229209027e+04
3.824040945302937757e+02 2.203118288116240874e+06 3.329162942197667063e-01 3.028260331613603921e+04 3.767138488379072392e+00 1.091345426362676881e+04
4.256444639942141634e+02 1.574205753154492471e+06 3.329162942197667063e-01 2.162749798894090418e+04 2.312387513613497703e+00 9.045640237371351759e+03
4.737742412289155709e+02 1.125134647268971661e+06 3.329162942197667063e-01 1.543483780810288044e+04 1.434062027938348916e+00 7.464825324154130612e+03
5.273462963565856398e+02 8.058604144189563813e+05 3.329162942197667063e-01 1.100069289465423935e+04 8.632552133511811610e-01 6.136002756579355264e+03
5.869760153267689020e+02 5.788294087710654130e+05 3.329162942197667063e-01 7.814102190097355560e+03 4.926597631835546998e-01 5.019146732136789069e+03
6.533483688978308237e+02 4.168236022187364288e+05 3.329162942197667063e-01 5.559735567810977955e+03 2.746212114457330378e-01 4.084243715042543045e+03
7.272257809440862957e+02 3.009318884278833866e+05 3.329162942197667063e-01 3.933257099464232397e+03 1.565060804632221469e-01 3.318946754713359496e+03
8.094568864722074295e+02 2.173588834366836527e+05 3.329162942197667063e-01 2.769886575643836750e+03 8.815045465403240077e-02 2.682950313716013170e+03
9.009862799510120794e+02 1.575696979633674782e+05 3.329162942197667063e-01 1.939197621910399903e+03 4.748648636194013201e-02 2.157128807829523794e+03
1.002865365934268880e+03 1.138745875107538304e+05 3.329162942197667063e-01 1.348133826804235241e+03 2.570722640480614662e-02 1.724320335313011583e+03
1.116264436618460877e+03 8.214273396750338725e+04 3.329162942197667063e-01 9.286269193987656081e+02 1.372492014508679831e-02 1.368868307050410976e+03
1.242486115071199492e+03 5.892293252130431210e+04 3.329162942197667063e-01 6.345930076809170259e+02 7.214181621579226523e-03 1.078106561500716452e+03
1.382980318553656389e+03 4.193445705683228152e+04 3.329162942197667063e-01 4.271999656129007690e+02 3.748622738106420667e-03 8.412405021947863588e+02
1.539360913821697523e+03 2.953798653608165478e+04 3.329162942197667063e-01 2.841608795128211682e+02 1.929650836999103692e-03 6.493868032852967644e+02
1.713424255726343517e+03 2.053216239749977467e+04 3.329162942197667063e-01 1.862342342747699320e+02 9.805300450132471094e-04 4.951861091760092677e+02
1.907169822067742189e+03 1.403645228748575028e+04 3.329162942197667063e-01 1.200022064691521422e+02 4.919581625946426329e-04 3.723304286056375645e+02
2.122823181736748211e+03 9.414650715843143189e+03 3.329162942197667063e-01 7.584512292941423084e+01 2.449171660567931396e-04 2.756253447203401379e+02
2.362861559980607581e+03 6.165657374888201957e+03 3.329162942197667063e-01 4.692624418917330331e+01 1.207734319848884839e-04 2.005684976835892428e+02
2.630042294462951304e+03 3.933125202780596737e+03 3.329162942197667063e-01 2.838013990028534295e+01 5.891957190341980669e-05 1.432262576567393069e+02
2.927434508994474982e+03 2.440092853087097865e+03 3.329162942197667063e-01 1.674512686232510461e+01 2.847078998603337321e-05 1.002667799685267198e+02
3.258454368773508122e+03 1.467624836301497226e+03 3.329162942197667063e-01 9.627710880926347414e+00 1.362968222893304791e-05 6.870446074110175516e+01
3.626904322114499791e+03 8.546031079642032182e+02 3.329162942197667063e-01 5.389823198454104514e+00 6.463885361648583934e-06 4.600773547823134635e+01
4.037016779438275080e+03 4.831807195980425149e+02 3.329162942197667063e-01 2.938940449829630985e+00 3.038198844418697726e-06 3.011041674551877279e+01
4.493502731267226409e+03 2.652859984509720448e+02 3.329162942197667063e-01 1.562052174417612793e+00 1.415724597978545639e-06 1.921092011416244105e+01
5.001605863702974602e+03 1.422030811816296705e+02 3.329162942197667063e-01 8.120683740845634491e-01 6.537777370707945026e-07 1.197841660499038774e+01
5.567162793016338583e+03 7.482568478820724067e+01 3.329162942197667063e-01 4.140444643335053909e-01 2.991208224232881569e-07 7.316158390792407928e+00
6.196670111266974345e+03 3.895283183637521063e+01 3.329162942197667063e-01 2.083114147068459987e-01 1.356385056851417822e-07 4.389118963126605877e+00
6.897359013111165041e+03 2.019438530983422453e+01 3.329162942197667063e-01 1.040886274880675616e-01 6.098168864791654767e-08 2.593964827288449015e+00
7.677278361042189317e+03 1.047082849246137393e+01 3.329162942197667063e-01 5.203808606238823076e-02 2.709933403925272497e-08 1.514787854464793027e+00
8.545387143236317570e+03 5.434468304440228437e+00 3.329162942197667063e-01 2.620289726794335083e-02 1.192708343987215691e-08 8.796396455847799167e-01
9.511657386079081334e+03 2.820085841228292090e+00 3.329162942197667063e-01 1.338732204063950056e-02 5.192798617516106231e-09 5.087183660706391386e-01
1.058718870352829254e+04 1.462619274183032836e+00 3.329162942197667063e-01 6.977267656927107868e-03 2.234080082874478010e-09 2.933594244575025156e-01
1.178433579916051713e+04 7.611587563236734688e-01 3.329162942197667063e-01 3.723623448677458158e-03 9.482818712644105139e-10 1.685661253112727409e-01
1.311685038551288017e+04 4.015320564537711023e-01 3.329162942197667063e-01 2.045582900771897392e-03 3.970976758736259116e-10 9.639617365756453227e-02
1.460003915097147365e+04 2.179009051511621997e-01 3.329162942197667063e-01 1.153930528508536691e-03 1.637386458469223195e-10 5.475069563631875663e-02
1.625093958876844590e+04 1.236455643878239252e-01 3.329162942197667063e-01 6.658178555422960502e-04 6.632744873536571544e-11 3.082641866135832354e-02
1.808851570786662342e+04 7.418282750430954531e-02 3.329162942197667063e-01 3.895424362461596306e-04 2.635231267064676447e-11 1.716864454156895314e-02
2.013387587385212828e+04 4.704803201858543532e-02 3.329162942197667063e-01 2.289243108897911301e-04 1.025053463862890988e-11 9.440579839232042525e-03
2.241051528221264743e+04 3.116478171070716230e-02 3.329162942197667063e-01 1.338092496028390002e-04 3.891166028295820367e-12 5.110096107237938751e-03
2.494458584929090648e+04 2.114258438976074350e-02 3.329162942197667063e-01 7.695930841613256431e-05 1.437921870691302490e-12 2.722301363933962281e-03
2.776519662118276028e+04 1.438090144518868428e-02 3.329162942197667063e-01 4.323393081029467018e-05 5.158505040436081584e-13 1.424991235374268705e-03
3.090474815138586200e+04 9.672703609079950915e-03 3.329162942197667063e-01 2.353058867674549961e-05 1.791484100369595546e-13 7.333663105492131337e-04
3.439930468822552211e+04 6.315575674395579667e-03 3.329162942197667063e-01 1.235811189274255296e-05 6.005882582886607566e-14 3.718991748836688238e-04
3.828900844740607135e+04 3.972233037148342923e-03 3.329162942197667063e-01 6.217966821528209999e-06 1.938344997132701930e-14 1.864046155641428844e-04
4.261854072845193878e+04 2.385914059416606448e-03 3.329162942197667063e-01 2.994625634902485772e-06 6.040192241512988311e-15 9.276127107916700917e-05
4.743763517192281142e+04 1.365030421264043330e-03 3.329162942197667063e-01 1.376851403972945988e-06 1.813382946945903465e-15 4.601419111711386464e-05
