1.056032981064548126e+00 3.188741878835148792e-29 0.000000000000000000e+00 4.199252300220532951e-29 9.607239723434830706e-32 8.174449591429416425e-34
1.175443983510534363e+00 3.169056672086668141e-29 0.000000000000000000e+00 3.801097819444374786e-29 7.378957135192458187e-32 7.656902741815324281e-34
1.308357393325258133e+00 3.145794564078945341e-29 0.000000000000000000e+00 3.379214027064694295e-29 5.459809148729840814e-32 7.162156568076757304e-34
1.456299996156748877e+00 3.118442130794849703e-29 0.000000000000000000e+00 2.932364166367382671e-29 3.843693041705382062e-32 6.643911346797783537e-34
1.620971219045888478e+00 3.086338604870933619e-29 0.000000000000000000e+00 2.499681541920302307e-29 2.618489689528271203e-32 6.106102848476653980e-34
1.804262651863866251e+00 3.048729560902754392e-29 0.000000000000000000e+00 2.124346434760913135e-29 1.750171068945458106e-32 5.582238404357835674e-34
2.008279776137516404e+00 3.004807122396635497e-29 0.000000000000000000e+00 1.833349660961370881e-29 1.199768003913468669e-32 5.118795508749109857e-34
2.235366150863083323e+00 2.953968261650294207e-29 0.000000000000000000e+00 1.567975156690359563e-29 8.082118928492745343e-33 4.740884666122532663e-34
2.488130333132567262e+00 2.895434687262286967e-29 0.000000000000000000e+00 1.308189748105358100e-29 5.278601869021603592e-33 4.377746440659533061e-34
2.769475842811750965e+00 2.828444828017839685e-29 0.000000000000000000e+00 1.078794022343101397e-29 3.382362511002578080e-33 4.023915178374253490e-34
3.082634515476230241e+00 2.752259588152773659e-29 0.000000000000000000e+00 8.942910303064794240e-30 2.162550436633576791e-33 3.708954691931403782e-34
3.431203626733101864e+00 2.666171427317554868e-29 0.000000000000000000e+00 7.295008480492380212e-30 1.377834048153276165e-33 3.437053180949898637e-34
3.819187214377767425e+00 2.569540036669160171e-29 0.000000000000000000e+00 5.902239265891934523e-30 8.538882112830496262e-34 3.177224646598894533e-34
4.251042073056519932e+00 2.461906707322648684e-29 0.000000000000000000e+00 4.737604797857904037e-30 5.286529241905521243e-34 2.937238059504810773e-34
4.731728949778890581e+00 2.343411963896134133e-29 0.000000000000000000e+00 3.756960455232127742e-30 3.239763693711647200e-34 2.720235935583937352e-34
5.266769528365972342e+00 2.214219329576180380e-29 0.000000000000000000e+00 2.958248568443961227e-30 1.972529380404143295e-34 2.528484326298253084e-34
5.862309857419115922e+00 2.074780156989993050e-29 0.000000000000000000e+00 2.301469130204326599e-30 1.191962615366725786e-34 2.326889201350699084e-34
6.525190950410857837e+00 1.926197993598263457e-29 0.000000000000000000e+00 1.775514515283979162e-30 7.150474074227244870e-35 2.145810384238893146e-34
7.263027368885755841e+00 1.769851780422386031e-29 0.000000000000000000e+00 1.348292891835697963e-30 4.276504388896335486e-35 1.974205268579036556e-34
8.084294691462201143e+00 1.608341853497877631e-29 0.000000000000000000e+00 1.014070351865788489e-30 2.545351601285046112e-35 1.807440743375314781e-34
8.998426873397548320e+00 1.442963603426109997e-29 0.000000000000000000e+00 7.514264138845504248e-31 1.507608300462845268e-35 1.649391798759423107e-34
1.001592461509324039e+01 1.277249691112960202e-29 0.000000000000000000e+00 5.525964777819959027e-31 8.932710174015783574e-36 1.495080491911439954e-34
1.114847598437533449e+01 1.113170555386701755e-29 0.000000000000000000e+00 3.991820980973292956e-31 5.240428266472059083e-36 1.346764233952441536e-34
1.240909067814867583e+01 9.553959552025660484e-30 0.000000000000000000e+00 2.857979918051362638e-31 3.077275417091655561e-36 1.201381716994238883e-34
1.381224946569640366e+01 8.064088736220772866e-30 0.000000000000000000e+00 2.011594759578423041e-31 1.807961965230017120e-36 1.063692318335040237e-34
1.537407053029052229e+01 6.680510457147032915e-30 0.000000000000000000e+00 1.395639095571070804e-31 1.056948662661943215e-36 9.320206843625799199e-35
1.711249461989307719e+01 5.423848485815435859e-30 0.000000000000000000e+00 9.537160917063300163e-32 6.167239964129672748e-37 8.084856883497977833e-35
1.904749113378321468e+01 4.320395399478043211e-30 0.000000000000000000e+00 6.419284304163794851e-32 3.602922836251002713e-37 6.933916512136425025e-35
2.120128751244688203e+01 3.365728344423281659e-30 0.000000000000000000e+00 4.259156632807431225e-32 2.094877145477768020e-37 5.876467094544370849e-35
2.359862456574094125e+01 2.568070137861812714e-30 0.000000000000000000e+00 2.785649606587097662e-32 1.216151260475002761e-37 4.923067438335263942e-35
2.626704067231091244e+01 1.910671851328749129e-30 0.000000000000000000e+00 1.793528007403537071e-32 7.071633513631279429e-38 4.075007794002841064e-35
2.923718811487309566e+01 1.394405626170739900e-30 0.000000000000000000e+00 1.134779978309363189e-32 4.104646392677539552e-38 3.336285897180466055e-35
3.254318518513449021e+01 9.937651289462634757e-31 0.000000000000000000e+00 7.144567824749063663e-33 2.376419187025687202e-38 2.697793967681409709e-35
3.622300810299908846e+01 6.900157716930619131e-31 0.000000000000000000e+00 4.402918755489286075e-33 1.370200160102595370e-38 2.158813179758026567e-35
4.031892725206589034e+01 4.685614610569493965e-31 0.000000000000000000e+00 2.694656667630491505e-33 7.915039112739460122e-39 1.708958631639305122e-35
4.487799274248540371e+01 3.062463734278978583e-31 0.000000000000000000e+00 1.629060825080247597e-33 4.551284962315870792e-39 1.328994896081652324e-35
4.995257487887015913e+01 1.816636226373962858e-31 0.000000000000000000e+00 9.591681840182199528e-34 2.609771793615590999e-39 1.008209953909606925e-35
5.560096574165519456e+01 1.065170743563413397e-31 0.000000000000000000e+00 5.635639040475460203e-34 1.490999634137999859e-39 7.664600208594075566e-36
6.188804879230252709e+01 6.255828185581886829e-32 0.000000000000000000e+00 3.306825852490569978e-34 8.494430521833658813e-40 5.805216293899193898e-36
6.888604419417499969e+01 3.671926920460621466e-32 0.000000000000000000e+00 1.942062131362571028e-34 4.814063888969841286e-40 4.388100449750147135e-36
7.667533841060405564e+01 2.155770558517306697e-32 0.000000000000000000e+00 1.140554950320397871e-34 2.717411064199040612e-40 3.310999520213473283e-36
8.534540760983165342e+01 1.267297548388209943e-32 0.000000000000000000e+00 6.704531750632458155e-35 1.526061765105146404e-40 2.492964805920952079e-36
9.499584548401358575e+01 7.435131544033262875e-33 0.000000000000000000e+00 3.935734815344270798e-35 8.525157062010469160e-41 1.873450987600417332e-36
1.057375072889466310e+02 4.411958781141911895e-33 0.000000000000000000e+00 2.320468650059151346e-35 4.733249290828228316e-41 1.404530063575518970e-36
1.176937832461472624e+02 2.567353722952036051e-33 0.000000000000000000e+00 1.358695379703665147e-35 2.610276834541551135e-41 1.050343216186884401e-36
1.310020159349736844e+02 1.509006225513986671e-33 0.000000000000000000e+00 7.981272136474217162e-36 1.428816645665388899e-41 7.836854860396108462e-37
1.458150779564580262e+02 8.867309222582637108e-34 0.000000000000000000e+00 4.688266951297987445e-36 7.769366752319076653e-42 5.832017466717102703e-37
1.623031279915676635e+02 5.216265442562675722e-34 0.000000000000000000e+00 2.751418848287480726e-36 4.191680062982850150e-42 4.327085670445721499e-37
1.806555654259147161e+02 3.068450803456723685e-34 0.000000000000000000e+00 1.616531321149731014e-36 2.244128985277244434e-42 3.199781015678599723e-37
2.010832059937378347e+02 1.805224471295394847e-34 0.000000000000000000e+00 9.486570901250801077e-37 1.190331646808719861e-42 2.360443213852048796e-37
2.238207034330328042e+02 1.062088823807496330e-34 0.000000000000000000e+00 5.563839102463681657e-37 6.268782615516737734e-43 1.734512503849662720e-37
2.491292449694543905e+02 6.250718056292065133e-35 0.000000000000000000e+00 3.260392759972819024e-37 3.268766956420221330e-43 1.269956587933997811e-37
2.772995515922919481e+02 3.677524779053497718e-35 0.000000000000000000e+00 1.908832605280015206e-37 1.687838556562786902e-43 9.261241441296973054e-38
3.086552175868076802e+02 2.164001353228932344e-35 0.000000000000000000e+00 1.115978807053688747e-37 8.629573851519341520e-44 6.725048820358147571e-38
3.435564276845046834e+02 1.273589173257153355e-35 0.000000000000000000e+00 6.513386322774074078e-38 4.367382925732898693e-44 4.860994347067266215e-38
3.824040945302937757e+02 7.493567292268717428e-36 0.000000000000000000e+00 3.794024429580956378e-38 2.187174093802590673e-44 3.496639631100723661e-38
4.256444639942141634e+02 4.407957466826309065e-36 0.000000000000000000e+00 2.204590291328391226e-38 1.083658453353066672e-44 2.501776540863716946e-38
4.737742412289155709e+02 2.591418559114105949e-36 0.000000000000000000e+00 1.277169214882922926e-38 5.310678649211259120e-45 1.779459896439152770e-38
5.273462963565856398e+02 1.522471084785681208e-36 0.000000000000000000e+00 7.361530571468297192e-39 2.573483759119810989e-45 1.257840476553351369e-38
5.869760153267689020e+02 8.930587881357771113e-37 0.000000000000000000e+00 4.237275511344429325e-39 1.232569109140112459e-45 8.826231856898783649e-39
6.533483688978308237e+02 5.234060679142596431e-37 0.000000000000000000e+00 2.425361352303912172e-39 5.833762364226349742e-46 6.154827870653687594e-39
7.272257809440862957e+02 3.060890788961441316e-37 0.000000000000000000e+00 1.379785437112946941e-39 2.728276331956113105e-46 4.255030395099495421e-39
8.094568864722074295e+02 1.784124835053689607e-37 0.000000000000000000e+00 7.792462524760580067e-40 1.259835381716102475e-46 2.916051821271388638e-39
9.009862799510120794e+02 1.036410556484425688e-37 0.000000000000000000e+00 4.371774293897628960e-40 5.743341744639190039e-47 1.979413017920328709e-39
1.002865365934268880e+03 5.991845102284212902e-38 0.000000000000000000e+00 2.432730647263393920e-40 2.584059581842681490e-47 1.330331268867434339e-39
1.116264436618460877e+03 3.445151564786123452e-38 0.000000000000000000e+00 1.341347609721377142e-40 1.147270071620552018e-47 8.834594880544597033e-40
1.242486115071199492e+03 1.967328337140679125e-38 0.000000000000000000e+00 7.319679174591615642e-41 5.023160340276138505e-48 5.798187051604750956e-40
1.382980318553656389e+03 1.115157240534714359e-38 0.000000000000000000e+00 3.949745636690834825e-41 2.167477559531709101e-48 3.757108105269596381e-40
1.539360913821697523e+03 6.260378837827899790e-39 0.000000000000000000e+00 2.104773500196838052e-41 9.217784095649754286e-49 2.392434167537445841e-40
1.713424255726343517e+03 3.477528295631635570e-39 0.000000000000000000e+00 1.106561318999999739e-41 3.860070442950590869e-49 1.505124879244462238e-40
1.907169822067742189e+03 1.908374462663660878e-39 0.000000000000000000e+00 5.729128082992355130e-42 1.590880861020671245e-49 9.302723492784488218e-41
2.122823181736748211e+03 1.033279759413421405e-39 0.000000000000000000e+00 2.918978290122661401e-42 6.448715803654678868e-50 5.606067131216858138e-41
2.362861559980607581e+03 5.499675044621189504e-40 0.000000000000000000e+00 1.459595502865265333e-42 2.569546229680574527e-50 3.306919614172381515e-41
2.630042294462951304e+03 2.876607586005647146e-40 0.000000000000000000e+00 7.154852770895919065e-43 1.004981105791113776e-50 1.918574431451271575e-41
2.927434508994474982e+03 1.473901815035344142e-40 0.000000000000000000e+00 3.431580600759236984e-43 3.855339543671207532e-51 1.088490471956935532e-41
3.258454368773508122e+03 7.376395335818770287e-41 0.000000000000000000e+00 1.604940295693734556e-43 1.448271823072542899e-51 5.957018371640190022e-42
3.626904322114499791e+03 3.594186735182809958e-41 0.000000000000000000e+00 7.302444860603766372e-44 5.337355572649430933e-52 3.114735133679004462e-42
4.037016779438275080e+03 1.698914027778353002e-41 0.000000000000000000e+00 3.219604099637144845e-44 1.901837909810826093e-52 1.551484189260201453e-42
4.493502731267226409e+03 7.747206213282516503e-42 0.000000000000000000e+00 1.367813336016118645e-44 6.598355831696189610e-53 7.382489940018578200e-43
5.001605863702974602e+03 3.389620061652338207e-42 0.000000000000000000e+00 5.569150396921032261e-45 2.208669113126172919e-53 3.329943179476854540e-43
5.567162793016338583e+03 1.409068025109900581e-42 0.000000000000000000e+00 2.153560138100850680e-45 7.072482026844635913e-54 1.425770126476489172e-43
6.196670111266974345e+03 5.518637274636798462e-43 0.000000000000000000e+00 7.810272426303915356e-46 2.139558484463636726e-54 5.704867600327466246e-44
6.897359013111165041e+03 2.004582528021628679e-43 0.000000000000000000e+00 2.619741318863493454e-46 6.011935099318091024e-55 2.087441805437028580e-44
7.677278361042189317e+03 6.617438240078710494e-44 0.000000000000000000e+00 7.940314809208330929e-47 1.528164030859763121e-55 6.775888929573562737e-45
8.545387143236317570e+03 1.931696909634401863e-44 0.000000000000000000e+00 2.107864126257102858e-47 3.386655396847771375e-56 1.875040843697023801e-45
9.511657386079081334e+03 4.782717278629180139e-45 0.000000000000000000e+00 4.677884387300772617e-48 6.181635550405778503e-57 4.189662531010590814e-46
1.058718870352829254e+04 9.495749322197589820e-46 0.000000000000000000e+00 8.149502552206013453e-49 8.585508200105002102e-58 7.057798476297411363e-47
1.178433579916051713e+04 1.405233171355937105e-46 0.000000000000000000e+00 1.036026921602883332e-49 8.303904586293045478e-59 8.542041076761700389e-48
1.311685038551288017e+04 1.348699552617645382e-47 0.000000000000000000e+00 8.448522581852659875e-51 4.950230505137849703e-60 6.168855147458776654e-49
1.460003915097147365e+04 3.299330650629521508e-49 0.000000000000000000e+00 1.686627730737283760e-52 6.214215817902366755e-62 5.737835897809054875e-51
1.625093958876844590e+04 0.000000000000000000e+00 0.000000000000000000e+00 0.000000000000000000e+00 0.000000000000000000e+00 0.000000000000000000e+00
1.808851570786662342e+04 0.000000000000000000e+00 0.000000000000000000e+00 0.000000000000000000e+00 0.000000000000000000e+00 0.000000000000000000e+00
2.013387587385212828e+04 0.000000000000000000e+00 0.000000000000000000e+00 0.000000000000000000e+00 0.000000000000000000e+00 0.000000000000000000e+00
2.241051528221264743e+04 0.000000000000000000e+00 0.000000000000000000e+00 0.000000000000000000e+00 0.000000000000000000e+00 0.000000000000000000e+00
2.494458584929090648e+04 0.000000000000000000e+00 0.000000000000000000e+00 0.000000000000000000e+00 0.000000000000000000e+00 0.000000000000000000e+00
2.776519662118276028e+04 0.000000000000000000e+00 0.000000000000000000e+00 0.000000000000000000e+00 0.000000000000000000e+00 0.000000000000000000e+00
3.090474815138586200e+04 0.000000000000000000e+00 0.000000000000000000e+00 0.000000000000000000e+00 0.000000000000000000e+00 0.000000000000000000e+00
3.439930468822552211e+04 0.000000000000000000e+00 0.000000000000000000e+00 0.000000000000000000e+00 0.000000000000000000e+00 0.000000000000000000e+00
3.828900844740607135e+04 0.000000000000000000e+00 0.000000000000000000e+00 0.000000000000000000e+00 0.000000000000000000e+00 0.000000000000000000e+00
4.261854072845193878e+04 0.000000000000000000e+00 0.000000000000000000e+00 0.000000000000000000e+00 0.000000000000000000e+00 0.000000000000000000e+00
4.743763517192281142e+04 0.000000000000000000e+00 0.000000000000000000e+00 0.000000000000000000e+00 0.000000000000000000e+00 0.000000000000000000e+00
