1.056032981064548126e+00 1.102644681063423157e+10 2.980533825632121214e+00 1.166285125160880852e+10 2.390742168220654875e+07 1.470638444105279166e+06
1.175443983510534363e+00 1.102401200371566772e+10 2.980533825632121214e+00 1.141846118566115570e+10 2.273932133329734206e+07 1.503857192995869089e+06
1.308357393325258133e+00 1.102096542785328674e+10 2.980533825632121214e+00 1.105527387219610786e+10 2.106072991727070510e+07 1.528054991292927181e+06
1.456299996156748877e+00 1.101714118575171089e+10 2.980533825632121214e+00 1.058811224668277168e+10 1.902613587016770244e+07 1.541650914248298155e+06
1.620971219045888478e+00 1.101241342158200073e+10 2.980533825632121214e+00 1.003918912159277153e+10 1.702105961014533043e+07 1.544126646563351387e+06
1.804262651863866251e+00 1.100653960434978676e+10 2.980533825632121214e+00 9.436540923590299606e+09 1.446978670754718222e+07 1.534916381276855245e+06
2.008279776137516404e+00 1.099925995268928528e+10 2.980533825632121214e+00 8.808686825185649872e+09 1.223771526544030756e+07 1.517844103654323146e+06
2.235366150863083323e+00 1.099023801675326157e+10 2.980533825632121214e+00 8.178215498730632782e+09 1.017301134077298455e+07 1.487417055172816850e+06
2.488130333132567262e+00 1.097906892737620544e+10 2.980533825632121214e+00 7.560660202096794128e+09 8.325349269347784109e+06 1.444821649473434081e+06
2.769475842811750965e+00 1.096525065177981758e+10 2.980533825632121214e+00 6.954102450767917633e+09 6.712142257192982361e+06 1.398856143345335498e+06
3.082634515476230241e+00 1.094816537094036484e+10 2.980533825632121214e+00 6.355514932135174751e+09 5.331818073275373317e+06 1.347774014882271178e+06
3.431203626733101864e+00 1.092705412325598526e+10 2.980533825632121214e+00 5.759415369812097549e+09 4.177152880322361365e+06 1.293248854976564879e+06
3.819187214377767425e+00 1.090098320779324722e+10 2.980533825632121214e+00 5.175962178551726341e+09 3.225680203485790174e+06 1.236813374594674911e+06
4.251042073056519932e+00 1.086880991226201057e+10 2.980533825632121214e+00 4.620962472582382202e+09 2.463375626984436531e+06 1.180059241187391803e+06
4.731728949778890581e+00 1.082913918236372185e+10 2.980533825632121214e+00 4.103577395015267372e+09 1.860964639264249010e+06 1.124184785055014305e+06
5.266769528365972342e+00 1.078029610097448730e+10 2.980533825632121214e+00 3.618685318325642586e+09 1.392112965147230309e+06 1.070316293422964402e+06
5.862309857419115922e+00 1.072023585307635307e+10 2.980533825632121214e+00 3.164098693222157955e+09 1.024376111720921821e+06 1.018348520080856862e+06
6.525190950410857837e+00 1.064653332142319870e+10 2.980533825632121214e+00 2.743950587803516388e+09 7.425510816850201227e+05 9.681146220137130003e+05
7.263027368885755841e+00 1.055626652612844658e+10 2.980533825632121214e+00 2.363247198024581909e+09 5.313492869986332953e+05 9.199139770261741942e+05
8.084294691462201143e+00 1.044596787661202240e+10 2.980533825632121214e+00 2.020555563063025713e+09 3.764291277260104544e+05 8.737377409980798839e+05
8.998426873397548320e+00 1.031170229742391205e+10 2.980533825632121214e+00 1.715508235907823563e+09 2.625495159814191284e+05 8.300743380431280239e+05
1.001592461509324039e+01 1.014893520364491272e+10 2.980533825632121214e+00 1.449747656872923374e+09 1.817922757148363744e+05 7.896790389241331723e+05
1.114847598437533449e+01 9.952556677828258514e+09 2.980533825632121214e+00 1.215489829750353098e+09 1.251005925465968321e+05 7.524710985756187001e+05
1.240909067814867583e+01 9.717062957319555283e+09 2.980533825632121214e+00 1.010484837033066750e+09 8.562034229248965858e+04 7.165029418507046066e+05
1.381224946569640366e+01 9.436736358931516647e+09 2.980533825632121214e+00 8.343889787597588301e+08 5.827678403362865356e+04 6.849577541866945103e+05
1.537407053029052229e+01 9.106025841504766464e+09 2.980533825632121214e+00 6.828145175708384514e+08 3.972468190197076183e+04 6.525352614551815204e+05
1.711249461989307719e+01 8.719992285617898941e+09 2.980533825632121214e+00 5.571950291808208227e+08 2.718712819286157537e+04 6.236018088652127190e+05
1.904749113378321468e+01 8.275175186557744980e+09 2.980533825632121214e+00 4.494730736051272154e+08 1.870006599499274671e+04 5.959898026352442103e+05
2.120128751244688203e+01 7.770273210304907799e+09 2.980533825632121214e+00 3.596436157131552696e+08 1.302688703607930984e+04 5.692293585011838004e+05
2.359862456574094125e+01 7.207134680513353348e+09 2.980533825632121214e+00 2.852647059683572054e+08 9.256789901775362523e+03 5.430590179783019703e+05
2.626704067231091244e+01 6.591811465293377876e+09 2.980533825632121214e+00 2.240708903334527612e+08 6.697283905610313013e+03 5.170513345162017504e+05
2.923718811487309566e+01 5.934724377253025055e+09 2.980533825632121214e+00 1.742872946399079561e+08 4.989368981610467927e+03 4.907800376000921824e+05
3.254318518513449021e+01 5.250887266045863152e+09 2.980533825632121214e+00 1.341310546597529948e+08 3.828688821691005614e+03 4.639220754919595784e+05
3.622300810299908846e+01 4.558042800869611740e+09 2.980533825632121214e+00 1.021005184423945397e+08 3.008335571931295817e+03 4.361965499624354416e+05
4.031892725206589034e+01 3.879359222402374268e+09 2.980533825632121214e+00 7.689156115839076042e+07 2.425942231729367450e+03 4.074697559008526150e+05
4.487799274248540371e+01 3.229058346878218651e+09 2.980533825632121214e+00 5.691024845058171451e+07 1.988057046698159866e+03 3.777468857273957110e+05
4.995257487887015913e+01 2.636372606167978287e+09 2.980533825632121214e+00 4.173015263680110872e+07 1.641762285270207940e+03 3.471099276337897172e+05
5.560096574165519456e+01 2.103164505096039057e+09 2.980533825632121214e+00 3.015705530425500497e+07 1.356218969311389174e+03 3.158312197792424122e+05
6.188804879230252709e+01 1.641135750064186335e+09 2.980533825632121214e+00 2.157314435336486250e+07 1.112649082339459483e+03 2.843227294220647891e+05
6.888604419417499969e+01 1.253808609156022310e+09 2.980533825632121214e+00 1.516856964350689948e+07 9.015076209342113316e+02 2.478879279640458117e+05
7.667533841060405564e+01 9.357632167890919447e+08 2.980533825632121214e+00 1.055952379855986498e+07 7.183701112203120829e+02 2.225754529532757879e+05
8.534540760983165342e+01 6.845568242548896074e+08 2.980533825632121214e+00 7.264240649887510575e+06 5.632235968692140204e+02 1.933015773618789390e+05
9.499584548401358575e+01 4.912337139521104097e+08 2.980533825632121214e+00 4.945975650046288967e+06 4.325526661148622338e+02 1.659189360468242376e+05
1.057375072889466310e+02 3.454634779692005515e+08 2.980533825632121214e+00 3.338977643906091340e+06 3.275045348936515097e+02 1.407887695159635914e+05
1.176937832461472624e+02 2.390975055706925690e+08 2.980533825632121214e+00 2.237276052583851852e+06 2.449304958861716557e+02 1.181202856194268243e+05
1.310020159349736844e+02 1.631413717576617002e+08 2.980533825632121214e+00 1.493927464633812895e+06 1.821561852989931651e+02 9.814949313358557993e+04
1.458150779564580262e+02 1.099202653759197444e+08 2.980533825632121214e+00 9.949961682553774444e+05 1.345860777042357483e+02 8.085532668469019700e+04
1.623031279915676635e+02 7.371566701757831872e+07 2.980533825632121214e+00 6.648948672739459435e+05 9.898375152279895417e+01 6.616422458957960771e+04
1.806555654259147161e+02 4.876233920518428087e+07 2.980533825632121214e+00 4.443385042230070103e+05 7.188968918511841366e+01 5.384409262643865804e+04
2.010832059937378347e+02 3.225752005024476349e+07 2.980533825632121214e+00 2.977900325892880210e+05 5.139607600905397788e+01 4.363947767224976997e+04
2.238207034330328042e+02 2.132603153233924881e+07 2.980533825632121214e+00 2.009262630510757153e+05 3.589682595800721998e+01 3.526513165044017660e+04
2.491292449694543905e+02 1.410335337118612602e+07 2.980533825632121214e+00 1.367777174280240433e+05 2.444699990826930858e+01 2.845071749838666801e+04
2.772995515922919481e+02 9.348021951157040894e+06 2.980533825632121214e+00 9.392590834469420952e+04 1.612266909911187085e+01 2.294323358159349664e+04
3.086552175868076802e+02 6.235031821944957599e+06 2.980533825632121214e+00 6.496304963673008024e+04 1.022094785807196438e+01 1.851478589962141996e+04
3.435564276845046834e+02 4.165486530992573593e+06 2.980533825632121214e+00 4.523273821627173311e+04 6.253186395754163129e+00 1.493079405892996147e+04
3.824040945302937757e+02 2.807354836048399098e+06 2.980533825632121214e+00 3.168611098652979490e+04 3.783481810990216410e+00 1.205265386462428251e+04
4.256444639942141634e+02 1.908180454296758398e+06 2.980533825632121214e+00 2.231319415765974554e+04 2.322419101879737990e+00 9.743799055678762670e+03
4.737742412289155709e+02 1.305644191908919951e+06 2.980533825632121214e+00 1.576698234903189950e+04 1.440700072615339611e+00 7.888350638896232340e+03
5.273462963565856398e+02 9.048651577897847164e+05 2.980533825632121214e+00 1.116030676961234349e+04 8.675918138078378972e-01 6.389573371778432374e+03
5.869760153267689020e+02 6.316237719416338950e+05 2.980533825632121214e+00 7.883939522030153967e+03 4.951842579313701642e-01 5.169137065381961293e+03
6.533483688978308237e+02 4.449006498834884260e+05 2.980533825632121214e+00 5.595715384850645933e+03 2.759932184815069300e-01 4.177115875452545879e+03
7.272257809440862957e+02 3.156842519149684231e+05 2.980533825632121214e+00 3.950318478903861433e+03 1.573066561597402102e-01 3.369837420315868712e+03
8.094568864722074295e+02 2.251553899847332505e+05 2.980533825632121214e+00 2.778008013710594696e+03 8.862656312674431491e-02 2.710853287175249079e+03
9.009862799510120794e+02 1.614688362588330347e+05 2.980533825632121214e+00 1.943108005565066378e+03 4.774292298209791008e-02 2.173827412561156507e+03
1.002865365934268880e+03 1.158492956244641828e+05 2.980533825632121214e+00 1.350076959499548366e+03 2.584889225119467102e-02 1.733783214918804333e+03
1.116264436618460877e+03 8.301563610751992383e+04 2.980533825632121214e+00 9.295969390109046344e+02 1.380151745691962119e-02 1.374193470997406394e+03
1.242486115071199492e+03 5.941472195800310146e+04 2.980533825632121214e+00 6.351242619649684684e+02 7.255365971172240448e-03 1.081095270381189266e+03
1.382980318553656389e+03 4.217762571345756442e+04 2.980533825632121214e+00 4.274993207296096216e+02 3.770311505570023061e-03 8.429223036734119887e+02
1.539360913821697523e+03 2.965916060030930385e+04 2.980533825632121214e+00 2.843409770084390971e+02 1.941345588810860882e-03 6.503397837162843871e+02
1.713424255726343517e+03 2.059019488286212800e+04 2.980533825632121214e+00 1.863468318827357848e+02 9.863521615718761227e-04 4.957339373187544425e+02
1.907169822067742189e+03 1.406685946079031237e+04 2.980533825632121214e+00 1.200740477449790404e+02 4.949174266851497691e-04 3.726532722838988434e+02
2.122823181736748211e+03 9.429180790967444409e+03 2.980533825632121214e+00 7.589313567785403336e+01 2.464153700197910029e-04 2.758220366991970991e+02
2.362861559980607581e+03 6.173686768198015670e+03 2.980533825632121214e+00 4.695795036568883063e+01 1.215203033138968417e-04 2.006922599384730574e+02
2.630042294462951304e+03 3.937414038357393110e+03 2.980533825632121214e+00 2.840106458499284869e+01 5.928813274240238247e-05 1.433072630946521429e+02
2.927434508994474982e+03 2.442467714151959626e+03 2.980533825632121214e+00 1.675876376499860854e+01 2.865087668481178717e-05 1.003210509848331498e+02
3.258454368773508122e+03 1.468975121823414156e+03 2.980533825632121214e+00 9.636489747653998350e+00 1.371686517028619590e-05 6.874205101631952175e+01
3.626904322114499791e+03 8.563452349896627993e+02 2.980533825632121214e+00 5.395391190548700422e+00 6.505802532504583359e-06 4.603400154299318103e+01
4.037016779438275080e+03 4.836351233210358487e+02 2.980533825632121214e+00 2.942413994595269866e+00 3.058067859203314988e-06 3.012869566838973867e+01
4.493502731267226409e+03 2.655504188803327565e+02 2.980533825632121214e+00 1.564186265882122395e+00 1.425094397803565784e-06 1.922377144392948267e+01
5.001605863702974602e+03 1.423559705496619188e+02 2.980533825632121214e+00 8.133611454915344874e-01 6.581600027282736003e-07 1.198729544754821497e+01
5.567162793016338583e+03 7.491356057280768255e+01 2.980533825632121214e+00 4.148181626977244241e-01 3.011515597710300150e-07 7.322245624714140533e+00
6.196670111266974345e+03 3.900291072795325675e+01 2.980533825632121214e+00 2.087607888800309952e-01 1.365721448044914651e-07 4.393280726863499019e+00
6.897359013111165041e+03 2.022271146008167619e+01 2.980533825632121214e+00 1.043598903727259858e-01 6.139453073925800094e-08 2.596778823215900811e+00
7.677278361042189317e+03 1.053558901094836564e+01 2.980533825632121214e+00 5.219813840490458712e-02 2.729138480553525731e-08 1.516669752030604945e+00
8.545387143236317570e+03 5.443449832843128000e+00 2.980533825632121214e+00 2.629726990388092309e-02 1.201249099170063186e-08 8.808986450384117539e-01
9.511657386079081334e+03 2.825174404003374384e+00 2.980533825632121214e+00 1.344354818750746750e-02 5.230998724676357972e-09 5.095593249950391979e-01
1.058718870352829254e+04 1.465559584017363637e+00 2.980533825632121214e+00 7.010787886426145255e-03 2.250682707019050145e-09 2.939163008764113516e-01
1.178433579916051713e+04 7.629158281537361530e-01 2.980533825632121214e+00 3.744328581298327508e-03 9.554067066969548397e-10 1.689319666973524703e-01
1.311685038551288017e+04 4.026399721463680415e-01 2.980533825632121214e+00 2.058335775944416038e-03 4.001453284993587514e-10 9.663417962117219762e-02
1.460003915097147365e+04 2.186428078174404710e-01 2.980533825632121214e+00 1.162457444702132527e-03 1.650165055306836750e-10 5.490326587178929324e-02
1.625093958876844590e+04 1.241749035650926980e-01 2.980533825632121214e+00 6.707646014866271243e-04 6.685170593983678541e-11 3.092248227736305727e-02
1.808851570786662342e+04 7.457333265429111346e-02 2.980533825632121214e+00 3.926270569919364456e-04 2.656489454550360746e-11 1.722774321623628258e-02
2.013387587385212828e+04 4.734374399181635190e-02 2.980533825632121214e+00 2.308300226656179557e-04 1.033462536219913941e-11 9.475975544492247493e-03
2.241051528221264743e+04 3.138728357694786641e-02 2.980533825632121214e+00 1.349590318095559183e-04 3.923632028604301257e-12 5.130785221721468996e-03
2.494458584929090648e+04 2.130824795148233280e-02 2.980533825632121214e+00 7.763540266609240254e-05 1.450124746766792718e-12 2.734027467332985229e-03
2.776519662118276028e+04 1.447618514222779110e-02 2.980533825632121214e+00 4.362770243314114760e-05 5.203000486712546496e-13 1.431414325529931563e-03
3.090474815138586200e+04 9.757435941928165740e-03 2.980533825632121214e+00 2.373694248262017407e-05 1.807204313103640988e-13 7.367846856816045792e-04
3.439930468822552211e+04 6.371839937948296957e-03 2.980533825632121214e+00 1.247413949187141895e-05 6.059423503491168781e-14 3.736706697904731847e-04
3.828900844740607135e+04 4.008584211935607884e-03 2.980533825632121214e+00 6.276548521004909508e-06 1.955865781917802842e-14 1.873039745377841217e-04
4.261854072845193878e+04 2.408748472972714865e-03 2.980533825632121214e+00 3.023185988907931770e-06 6.095440774441376196e-15 9.321334989124641860e-05
4.743763517192281142e+04 1.377704060518897614e-03 2.980533825632121214e+00 1.390043444963015764e-06 1.830189628750295560e-15 4.624114516000997515e-05
