1.056032981064548126e+00 9.706233700372738239e-22 0.000000000000000000e+00 0.000000000000000000e+00 0.000000000000000000e+00 1.291429991923309601e-27
1.175443983510534363e+00 7.077188959892765274e-22 0.000000000000000000e+00 0.000000000000000000e+00 0.000000000000000000e+00 1.205559774250453910e-27
1.308357393325258133e+00 5.051889819944400503e-22 0.000000000000000000e+00 0.000000000000000000e+00 0.000000000000000000e+00 1.123589059819237599e-27
1.456299996156748877e+00 3.719641568279183205e-22 0.000000000000000000e+00 0.000000000000000000e+00 0.000000000000000000e+00 1.044338209369356787e-27
1.620971219045888478e+00 2.696347933894988954e-22 0.000000000000000000e+00 0.000000000000000000e+00 0.000000000000000000e+00 9.688960660416986181e-28
1.804262651863866251e+00 1.954557179785028984e-22 0.000000000000000000e+00 0.000000000000000000e+00 0.000000000000000000e+00 8.955858926895261413e-28
2.008279776137516404e+00 1.415997371711434604e-22 0.000000000000000000e+00 0.000000000000000000e+00 0.000000000000000000e+00 8.261244486574341088e-28
2.235366150863083323e+00 1.026659023572662406e-22 0.000000000000000000e+00 0.000000000000000000e+00 0.000000000000000000e+00 7.597152704192686815e-28
2.488130333132567262e+00 7.359418549389272758e-23 0.000000000000000000e+00 0.000000000000000000e+00 0.000000000000000000e+00 6.963566879446860100e-28
2.769475842811750965e+00 5.394384821946075016e-23 0.000000000000000000e+00 0.000000000000000000e+00 0.000000000000000000e+00 6.367449188424099948e-28
3.082634515476230241e+00 3.910744624384440934e-23 0.000000000000000000e+00 0.000000000000000000e+00 0.000000000000000000e+00 5.800304126131853776e-28
3.431203626733101864e+00 2.832651892148162973e-23 0.000000000000000000e+00 0.000000000000000000e+00 0.000000000000000000e+00 5.267174993346365172e-28
3.819187214377767425e+00 2.052397384765774510e-23 0.000000000000000000e+00 0.000000000000000000e+00 0.000000000000000000e+00 4.767176457562808205e-28
4.251042073056519932e+00 1.487102106307679991e-23 0.000000000000000000e+00 0.000000000000000000e+00 0.000000000000000000e+00 4.295249567534160263e-28
4.731728949778890581e+00 1.077285449272171199e-23 0.000000000000000000e+00 0.000000000000000000e+00 0.000000000000000000e+00 3.858860242325204448e-28
5.266769528365972342e+00 7.803186349623011476e-24 0.000000000000000000e+00 0.000000000000000000e+00 0.000000000000000000e+00 3.451034039815345254e-28
5.862309857419115922e+00 5.652355920411376897e-24 0.000000000000000000e+00 0.000000000000000000e+00 0.000000000000000000e+00 3.075213856156539472e-28
6.525190950410857837e+00 4.093192796801462275e-24 0.000000000000000000e+00 0.000000000000000000e+00 0.000000000000000000e+00 2.727466096667186062e-28
7.263027368885755841e+00 3.006653917852776378e-24 0.000000000000000000e+00 0.000000000000000000e+00 0.000000000000000000e+00 2.409233839925559189e-28
8.084294691462201143e+00 2.145611967473749540e-24 0.000000000000000000e+00 0.000000000000000000e+00 0.000000000000000000e+00 2.118888805844034135e-28
8.998426873397548320e+00 1.553700621518580504e-24 0.000000000000000000e+00 0.000000000000000000e+00 0.000000000000000000e+00 1.856226874884179961e-28
1.001592461509324039e+01 1.124045081412655284e-24 0.000000000000000000e+00 0.000000000000000000e+00 0.000000000000000000e+00 1.613978337333110394e-28
1.114847598437533449e+01 8.177320568405224708e-25 0.000000000000000000e+00 0.000000000000000000e+00 0.000000000000000000e+00 1.400644820903405286e-28
1.240909067814867583e+01 5.858347707764484594e-25 0.000000000000000000e+00 0.000000000000000000e+00 0.000000000000000000e+00 1.209655415710777668e-28
1.381224946569640366e+01 4.253390694727552115e-25 0.000000000000000000e+00 0.000000000000000000e+00 0.000000000000000000e+00 1.039001579691128881e-28
1.537407053029052229e+01 3.076752048935373834e-25 0.000000000000000000e+00 0.000000000000000000e+00 0.000000000000000000e+00 8.887645524390187224e-29
1.711249461989307719e+01 2.222573248374650738e-25 0.000000000000000000e+00 0.000000000000000000e+00 0.000000000000000000e+00 7.572195588306497891e-29
1.904749113378321468e+01 1.599925257101528537e-25 0.000000000000000000e+00 0.000000000000000000e+00 0.000000000000000000e+00 6.423237097288371375e-29
2.120128751244688203e+01 1.158686111740571869e-25 0.000000000000000000e+00 0.000000000000000000e+00 0.000000000000000000e+00 5.430169398704886788e-29
2.359862456574094125e+01 8.361884659896457622e-26 0.000000000000000000e+00 0.000000000000000000e+00 0.000000000000000000e+00 4.569336652965429381e-29
2.626704067231091244e+01 6.031726576942889938e-26 0.000000000000000000e+00 0.000000000000000000e+00 0.000000000000000000e+00 3.839657902009903103e-29
2.923718811487309566e+01 4.348146962645350350e-26 0.000000000000000000e+00 0.000000000000000000e+00 0.000000000000000000e+00 3.209923178679620954e-29
3.254318518513449021e+01 3.131764127094020487e-26 0.000000000000000000e+00 0.000000000000000000e+00 0.000000000000000000e+00 2.681314750399974833e-29
3.622300810299908846e+01 2.253571383304885150e-26 0.000000000000000000e+00 0.000000000000000000e+00 0.000000000000000000e+00 2.236449343617425368e-29
4.031892725206589034e+01 1.624086669308581211e-26 0.000000000000000000e+00 0.000000000000000000e+00 0.000000000000000000e+00 1.858307861792524799e-29
4.487799274248540371e+01 1.164857273510521788e-26 0.000000000000000000e+00 0.000000000000000000e+00 0.000000000000000000e+00 1.542370267749864450e-29
4.995257487887015913e+01 8.335774662699482275e-27 0.000000000000000000e+00 0.000000000000000000e+00 0.000000000000000000e+00 1.278894174525590910e-29
5.560096574165519456e+01 5.993765149716194229e-27 0.000000000000000000e+00 0.000000000000000000e+00 0.000000000000000000e+00 1.059341099167906508e-29
6.188804879230252709e+01 4.292683696646653139e-27 0.000000000000000000e+00 0.000000000000000000e+00 0.000000000000000000e+00 8.770589657373722044e-30
6.888604419417499969e+01 3.071961596133726925e-27 0.000000000000000000e+00 0.000000000000000000e+00 0.000000000000000000e+00 7.250748372239802187e-30
7.667533841060405564e+01 2.189884113564207040e-27 0.000000000000000000e+00 0.000000000000000000e+00 0.000000000000000000e+00 5.989580514308635121e-30
8.534540760983165342e+01 1.560244718301123475e-27 0.000000000000000000e+00 0.000000000000000000e+00 0.000000000000000000e+00 4.944650131499994313e-30
9.499584548401358575e+01 1.109156815625500145e-27 0.000000000000000000e+00 0.000000000000000000e+00 0.000000000000000000e+00 4.079229264464524209e-30
1.057375072889466310e+02 7.867829401300042944e-28 0.000000000000000000e+00 0.000000000000000000e+00 0.000000000000000000e+00 3.367078787264432626e-30
1.176937832461472624e+02 5.566701932982365226e-28 0.000000000000000000e+00 0.000000000000000000e+00 0.000000000000000000e+00 2.772119200332008005e-30
1.310020159349736844e+02 3.928438064105229810e-28 0.000000000000000000e+00 0.000000000000000000e+00 0.000000000000000000e+00 2.280342755176423505e-30
1.458150779564580262e+02 2.761521261589295027e-28 0.000000000000000000e+00 0.000000000000000000e+00 0.000000000000000000e+00 1.872961813403774347e-30
1.623031279915676635e+02 1.934133381660022098e-28 0.000000000000000000e+00 0.000000000000000000e+00 0.000000000000000000e+00 1.534510472756317597e-30
1.806555654259147161e+02 1.350890945630446372e-28 0.000000000000000000e+00 0.000000000000000000e+00 0.000000000000000000e+00 1.253349446576355069e-30
2.010832059937378347e+02 9.388021802713411881e-29 0.000000000000000000e+00 0.000000000000000000e+00 0.000000000000000000e+00 1.019686844455568926e-30
2.238207034330328042e+02 6.489288885271844455e-29 0.000000000000000000e+00 0.000000000000000000e+00 0.000000000000000000e+00 8.257887990400889278e-31
2.491292449694543905e+02 4.464302570665811445e-29 0.000000000000000000e+00 0.000000000000000000e+00 0.000000000000000000e+00 6.653126838353537249e-31
2.772995515922919481e+02 3.050204740237252823e-29 0.000000000000000000e+00 0.000000000000000000e+00 0.000000000000000000e+00 5.326119618673492294e-31
3.086552175868076802e+02 2.069798979964023062e-29 0.000000000000000000e+00 0.000000000000000000e+00 0.000000000000000000e+00 4.234370828063059375e-31
3.435564276845046834e+02 1.394501898992295729e-29 0.000000000000000000e+00 0.000000000000000000e+00 0.000000000000000000e+00 3.340354969661698376e-31
3.824040945302937757e+02 9.317584664325826802e-30 0.000000000000000000e+00 0.000000000000000000e+00 0.000000000000000000e+00 2.611130984119828432e-31
4.256444639942141634e+02 6.171011928955042341e-30 0.000000000000000000e+00 0.000000000000000000e+00 0.000000000000000000e+00 2.021500081789581932e-31
4.737742412289155709e+02 4.046587292161558960e-30 0.000000000000000000e+00 0.000000000000000000e+00 0.000000000000000000e+00 1.548148545012858120e-31
5.273462963565856398e+02 2.624796213514421067e-30 0.000000000000000000e+00 0.000000000000000000e+00 0.000000000000000000e+00 1.171959417474747207e-31
5.869760153267689020e+02 1.682247789974518347e-30 0.000000000000000000e+00 0.000000000000000000e+00 0.000000000000000000e+00 8.755163643055533027e-32
6.533483688978308237e+02 1.064320826835849384e-30 0.000000000000000000e+00 0.000000000000000000e+00 0.000000000000000000e+00 6.448647521873186186e-32
7.272257809440862957e+02 6.640491896451127966e-31 0.000000000000000000e+00 0.000000000000000000e+00 0.000000000000000000e+00 4.679800691537457850e-32
8.094568864722074295e+02 4.079485589269382114e-31 0.000000000000000000e+00 0.000000000000000000e+00 0.000000000000000000e+00 3.339437753766019697e-32
9.009862799510120794e+02 2.466409035993358639e-31 0.000000000000000000e+00 0.000000000000000000e+00 0.000000000000000000e+00 2.340020171692337349e-32
1.002865365934268880e+03 1.462454269931939717e-31 0.000000000000000000e+00 0.000000000000000000e+00 0.000000000000000000e+00 1.607694907846825671e-32
1.116264436618460877e+03 8.490354841491879633e-32 0.000000000000000000e+00 0.000000000000000000e+00 0.000000000000000000e+00 1.080038478624409311e-32
1.242486115071199492e+03 4.817341433356503084e-32 0.000000000000000000e+00 0.000000000000000000e+00 0.000000000000000000e+00 7.092169160660594271e-33
1.382980318553656389e+03 2.655712042382611122e-32 0.000000000000000000e+00 0.000000000000000000e+00 0.000000000000000000e+00 4.535035517947439366e-33
1.539360913821697523e+03 1.427291165869204147e-32 0.000000000000000000e+00 0.000000000000000000e+00 0.000000000000000000e+00 2.812484616984476996e-33
1.713424255726343517e+03 7.450893202849084250e-33 0.000000000000000000e+00 0.000000000000000000e+00 0.000000000000000000e+00 1.697573538280668352e-33
1.907169822067742189e+03 3.759882612278520405e-33 0.000000000000000000e+00 0.000000000000000000e+00 0.000000000000000000e+00 9.884502373414597359e-34
2.122823181736748211e+03 1.819283923079213178e-33 0.000000000000000000e+00 0.000000000000000000e+00 0.000000000000000000e+00 5.484367909676316978e-34
2.362861559980607581e+03 8.416081876717556798e-34 0.000000000000000000e+00 0.000000000000000000e+00 0.000000000000000000e+00 2.903845178740554436e-34
2.630042294462951304e+03 3.714683530919662770e-34 0.000000000000000000e+00 0.000000000000000000e+00 0.000000000000000000e+00 1.472718321953679556e-34
2.927434508994474982e+03 1.536811442666940960e-34 0.000000000000000000e+00 0.000000000000000000e+00 0.000000000000000000e+00 7.044909314723017104e-35
3.258454368773508122e+03 5.920878517579338090e-35 0.000000000000000000e+00 0.000000000000000000e+00 0.000000000000000000e+00 3.123895852346445124e-35
3.626904322114499791e+03 2.083183696207352737e-35 0.000000000000000000e+00 0.000000000000000000e+00 0.000000000000000000e+00 1.231884472185446581e-35
4.037016779438275080e+03 6.525620646995044454e-36 0.000000000000000000e+00 0.000000000000000000e+00 0.000000000000000000e+00 4.202489838543927998e-36
4.493502731267226409e+03 1.739608383057571346e-36 0.000000000000000000e+00 0.000000000000000000e+00 0.000000000000000000e+00 1.185515413069142680e-36
5.001605863702974602e+03 3.672863184572943168e-37 0.000000000000000000e+00 0.000000000000000000e+00 0.000000000000000000e+00 2.547173870670598236e-37
5.567162793016338583e+03 5.189482451220615601e-38 0.000000000000000000e+00 0.000000000000000000e+00 0.000000000000000000e+00 3.398861830291440202e-38
6.196670111266974345e+03 3.055760563751600200e-39 0.000000000000000000e+00 0.000000000000000000e+00 0.000000000000000000e+00 1.451785121687268949e-39
6.897359013111165041e+03 3.423246808117811127e-42 0.000000000000000000e+00 0.000000000000000000e+00 0.000000000000000000e+00 3.956182633545076720e-43
7.677278361042189317e+03 0.000000000000000000e+00 0.000000000000000000e+00 0.000000000000000000e+00 0.000000000000000000e+00 0.000000000000000000e+00
8.545387143236317570e+03 0.000000000000000000e+00 0.000000000000000000e+00 0.000000000000000000e+00 0.000000000000000000e+00 0.000000000000000000e+00
9.511657386079081334e+03 0.000000000000000000e+00 0.000000000000000000e+00 0.000000000000000000e+00 0.000000000000000000e+00 0.000000000000000000e+00
1.058718870352829254e+04 0.000000000000000000e+00 0.000000000000000000e+00 0.000000000000000000e+00 0.000000000000000000e+00 0.000000000000000000e+00
1.178433579916051713e+04 0.000000000000000000e+00 0.000000000000000000e+00 0.000000000000000000e+00 0.000000000000000000e+00 0.000000000000000000e+00
1.311685038551288017e+04 0.000000000000000000e+00 0.000000000000000000e+00 0.000000000000000000e+00 0.000000000000000000e+00 0.000000000000000000e+00
1.460003915097147365e+04 0.000000000000000000e+00 0.000000000000000000e+00 0.000000000000000000e+00 0.000000000000000000e+00 0.000000000000000000e+00
1.625093958876844590e+04 0.000000000000000000e+00 0.000000000000000000e+00 0.000000000000000000e+00 0.000000000000000000e+00 0.000000000000000000e+00
1.808851570786662342e+04 0.000000000000000000e+00 0.000000000000000000e+00 0.000000000000000000e+00 0.000000000000000000e+00 0.000000000000000000e+00
2.013387587385212828e+04 0.000000000000000000e+00 0.000000000000000000e+00 0.000000000000000000e+00 0.000000000000000000e+00 0.000000000000000000e+00
2.241051528221264743e+04 0.000000000000000000e+00 0.000000000000000000e+00 0.000000000000000000e+00 0.000000000000000000e+00 0.000000000000000000e+00
2.494458584929090648e+04 0.000000000000000000e+00 0.000000000000000000e+00 0.000000000000000000e+00 0.000000000000000000e+00 0.000000000000000000e+00
2.776519662118276028e+04 0.000000000000000000e+00 0.000000000000000000e+00 0.000000000000000000e+00 0.000000000000000000e+00 0.000000000000000000e+00
3.090474815138586200e+04 0.000000000000000000e+00 0.000000000000000000e+00 0.000000000000000000e+00 0.000000000000000000e+00 0.000000000000000000e+00
3.439930468822552211e+04 0.000000000000000000e+00 0.000000000000000000e+00 0.000000000000000000e+00 0.000000000000000000e+00 0.000000000000000000e+00
3.828900844740607135e+04 0.000000000000000000e+00 0.000000000000000000e+00 0.000000000000000000e+00 0.000000000000000000e+00 0.000000000000000000e+00
4.261854072845193878e+04 0.000000000000000000e+00 0.000000000000000000e+00 0.000000000000000000e+00 0.000000000000000000e+00 0.000000000000000000e+00
4.743763517192281142e+04 0.000000000000000000e+00 0.000000000000000000e+00 0.000000000000000000e+00 0.000000000000000000e+00 0.000000000000000000e+00
