1.047376681114152053e+00 3.776912711264927864e+09 8.232443081660116491e+01
1.147378904865844262e+00 3.776500206265235901e+09 8.232443081660116491e+01
1.256929216650817027e+00 3.776005274365039349e+09 8.232443081660116491e+01
1.376939256047382987e+00 3.775411470059422016e+09 8.232443081660116491e+01
1.508407704847735342e+00 3.774699077720633984e+09 8.232443081660116491e+01
1.652428597740346783e+00 3.773844466193535805e+09 8.232443081660116491e+01
1.810200426485989444e+00 3.772819318143935204e+09 8.232443081660116491e+01
1.983036113349190055e+00 3.771589710795749187e+09 8.232443081660116491e+01
2.172373936780469084e+00 3.770115020754361629e+09 8.232443081660116491e+01
2.379789500269210656e+00 3.768346621203584194e+09 8.232443081660116491e+01
2.607008843967693057e+00 3.766226334922186852e+09 8.232443081660116491e+01
2.855922808196662110e+00 3.763684601396121025e+09 8.232443081660116491e+01
3.128602768360589703e+00 3.760638311005519867e+09 8.232443081660116491e+01
3.427317872213148320e+00 3.756988254187873840e+09 8.232443081660116491e+01
3.754553922915217612e+00 3.752616129183772087e+09 8.232443081660116491e+01
4.113034065023922992e+00 3.747381049330007553e+09 8.232443081660116491e+01
4.505741445554233060e+00 3.741115491184197903e+09 8.232443081660116491e+01
4.935944038690323943e+00 3.733620629953815460e+09 8.232443081660116491e+01
5.407221840729851792e+00 3.724661021479809284e+09 8.232443081660116491e+01
5.923496661567464905e+00 3.713958614171873569e+09 8.232443081660116491e+01
6.489064760632228257e+00 3.701186114929772377e+09 8.232443081660116491e+01
7.108632598863702690e+00 3.685959796937910080e+09 8.232443081660116491e+01
7.787356004242504071e+00 3.667831932782067299e+09 8.232443081660116491e+01
8.530883076796710540e+00 3.646283173776498795e+09 8.232443081660116491e+01
9.345401190125155466e+00 3.620715386926881790e+09 8.232443081660116491e+01
1.023768848056787562e+01 3.590445715281541348e+09 8.232443081660116491e+01
1.121517025249811894e+01 3.554702952551730156e+09 8.232443081660116491e+01
1.228598076912194514e+01 3.512627716625133038e+09 8.232443081660116491e+01
1.345903094298667391e+01 3.463278348871051311e+09 8.232443081660116491e+01
1.474408248949403344e+01 3.405644906612038136e+09 8.232443081660116491e+01
1.615182916049993622e+01 3.338673959005123615e+09 8.232443081660116491e+01
1.769398573399677943e+01 3.261306985808687687e+09 8.232443081660116491e+01
1.938338550041915553e+01 3.172534791657937050e+09 8.232443081660116491e+01
2.123408705682203390e+01 3.071469239819184303e+09 8.232443081660116491e+01
2.326149129763491885e+01 2.957431322525565147e+09 8.232443081660116491e+01
2.548246957554494685e+01 2.830051585388938427e+09 8.232443081660116491e+01
2.791550409902576035e+01 2.689374452809831619e+09 8.232443081660116491e+01
3.058084173484374801e+01 2.535953656165144444e+09 8.232443081660116491e+01
3.350066249544163099e+01 2.370922226267429352e+09 8.232443081660116491e+01
3.669926411328104621e+01 2.196020629754716396e+09 8.232443081660116491e+01
4.020326423812159788e+01 2.013569808853025913e+09 8.232443081660116491e+01
4.404182193983774596e+01 1.826383679515400648e+09 8.232443081660116491e+01
4.824688036005658631e+01 1.637627494256736994e+09 8.232443081660116491e+01
5.285343253186462675e+01 1.450637638398282051e+09 8.232443081660116491e+01
5.789981257965639116e+01 1.269030818181319714e+09 8.232443081660116491e+01
6.342801472237731275e+01 1.094429862635377407e+09 8.232443081660116491e+01
6.948404273480723248e+01 9.316260198330404758e+08 8.232443081660116491e+01
7.611829277496100588e+01 7.821955500901980400e+08 8.232443081660116491e+01
8.338597276338916231e+01 6.470965189751822948e+08 8.232443081660116491e+01
9.134756180427312700e+01 5.275667068582991362e+08 8.232443081660116491e+01
1.000693134715016583e+02 4.239254348679571152e+08 8.232443081660116491e+01
1.096238071478445875e+02 3.356918546999298334e+08 8.232443081660116491e+01
1.200905520053401574e+02 2.620849342995771468e+08 8.232443081660116491e+01
1.315566486529429255e+02 2.018482329329985976e+08 8.232443081660116491e+01
1.441175139575057074e+02 1.534660943359883428e+08 8.232443081660116491e+01
1.578776750697290652e+02 1.152973967967861742e+08 8.232443081660116491e+01
1.729516392627509163e+02 8.569330304221250117e+07 8.232443081660116491e+01
1.894648468218269102e+02 6.309160610772583634e+07 8.232443081660116491e+01
2.075547149147497805e+02 4.608170900923430175e+07 8.232443081660116491e+01
2.273717811296867524e+02 3.344201909740076959e+07 8.232443081660116491e+01
2.490809561966414378e+02 2.415130888317457214e+07 8.232443081660116491e+01
2.728628963171397004e+02 1.737852882177941129e+07 8.232443081660116491e+01
2.989155065223001202e+02 1.248909755913088284e+07 8.232443081660116491e+01
3.274555875696430576e+02 8.967593754462355748e+06 8.232443081660116491e+01
3.587206400835506770e+02 6.445074032680746168e+06 8.232443081660116491e+01
3.929708409528589073e+02 4.641473512999796309e+06 8.232443081660116491e+01
4.304912084323515842e+02 3.352675685697914101e+06 8.232443081660116491e+01
4.715939739655653398e+02 2.430072488911892753e+06 8.232443081660116491e+01
5.166211804661829774e+02 1.767901698596632341e+06 8.232443081660116491e+01
5.659475286801639413e+02 1.293020025624216069e+06 8.232443081660116491e+01
6.199834953149968442e+02 9.502290953171493020e+05 8.232443081660116491e+01
6.791787488840413971e+02 7.017874871231387369e+05 8.232443081660116491e+01
7.440258916913708163e+02 5.209791077861814410e+05 8.232443081660116491e+01
8.150645590969156729e+02 3.883701523877264699e+05 8.232443081660116491e+01
8.928859101739425341e+02 2.906218337578521459e+05 8.232443081660116491e+01
9.781375471293952160e+02 2.181151376595900510e+05 8.232443081660116491e+01
1.071528904423998938e+03 1.640146391686767747e+05 8.232443081660116491e+01
1.173837152439038618e+03 1.235145809711120964e+05 8.232443081660116491e+01
1.285913664817961262e+03 9.288248675283345801e+04 8.232443081660116491e+01
1.408691103301366638e+03 6.968559420399271767e+04 8.232443081660116491e+01
1.543191179013896317e+03 5.211365464603481087e+04 8.232443081660116491e+01
1.690533154788281536e+03 3.877012030383398815e+04 8.232443081660116491e+01
1.851943159281576072e+03 2.864458052163397224e+04 8.232443081660116491e+01
2.028764390390979997e+03 2.098235946562474419e+04 8.232443081660116491e+01
2.222468292879554156e+03 1.520943342082739400e+04 8.232443081660116491e+01
2.434666803227443324e+03 1.089898198526424312e+04 8.232443081660116491e+01
2.667125763606631153e+03 7.695958208946320156e+03 8.232443081660116491e+01
2.921779616604781040e+03 5.350625737008281249e+03 8.232443081660116491e+01
3.200747502983503637e+03 3.655498351485205148e+03 8.232443081660116491e+01
3.506350896430803459e+03 2.451317002795385179e+03 8.232443081660116491e+01
3.841132922056807729e+03 1.611896950003221264e+03 8.232443081660116491e+01
4.207879519396391515e+03 1.038807273143611155e+03 8.232443081660116491e+01
4.609642626029024541e+03 6.561640504272769476e+02 8.232443081660116491e+01
5.049765574740205011e+03 4.065119438502961202e+02 8.232443081660116491e+01
5.531910915575709623e+03 2.473613924554219636e+02 8.232443081660116491e+01
6.060090894306204063e+03 1.481406233622105617e+02 8.232443081660116491e+01
6.638700840942902687e+03 8.757223640852615176e+01 8.232443081660116491e+01
7.272555746143336364e+03 5.124591615302046677e+01 8.232443081660116491e+01
7.966930329887627522e+03 2.977733630067545789e+01 8.232443081660116491e+01
8.727602935865841573e+03 1.722269728536388911e+01 8.232443081660116491e+01
9.560903616839295864e+03 9.929223760217146477e+00 8.232443081660116491e+01
