1.056032981064548126e+00 1.477360520242417402e-19 0.000000000000000000e+00 1.035730597869569009e-18 1.756089611242488547e-18 3.446494146696370805e-20
1.175443983510534363e+00 1.327038413885078793e-19 0.000000000000000000e+00 9.318030522409458476e-19 1.576794423302738246e-18 3.854099027841437313e-20
1.308357393325258133e+00 1.191566855103221763e-19 0.000000000000000000e+00 8.357433398379372614e-19 1.414911603917989271e-18 4.297949975853511905e-20
1.456299996156748877e+00 1.069227011286345611e-19 0.000000000000000000e+00 7.487713906676253973e-19 1.269798701215842650e-18 4.772637935815671057e-20
1.620971219045888478e+00 9.610195534078282021e-20 0.000000000000000000e+00 6.710751069192997193e-19 1.139027430562185060e-18 5.287811924213194508e-20
1.804262651863866251e+00 8.626269476936031101e-20 0.000000000000000000e+00 6.024141527032334536e-19 1.021653717025553851e-18 5.827986970181369164e-20
2.008279776137516404e+00 7.745893366646053333e-20 0.000000000000000000e+00 5.365611172559562638e-19 9.130481757367780703e-19 6.402307210682036416e-20
2.235366150863083323e+00 6.953866417823255574e-20 0.000000000000000000e+00 4.816453734564095193e-19 8.209928377597937501e-19 7.006981386566620641e-20
2.488130333132567262e+00 6.240504247554211617e-20 0.000000000000000000e+00 4.308123538826924580e-19 7.346927211386053101e-19 7.638370787047379277e-20
2.769475842811750965e+00 5.600119770755206447e-20 0.000000000000000000e+00 3.852437123561298927e-19 6.578398089110332018e-19 8.290566606811771426e-20
3.082634515476230241e+00 5.022645636000063418e-20 0.000000000000000000e+00 3.439780150550817281e-19 5.882702734869785260e-19 8.969116021756955599e-20
3.431203626733101864e+00 4.505969855870816155e-20 0.000000000000000000e+00 3.071710747054886365e-19 5.261758150370019997e-19 9.659609919564592715e-20
3.819187214377767425e+00 4.039620506721679258e-20 0.000000000000000000e+00 2.738679785735925345e-19 4.700499282677523311e-19 1.035933659568436059e-19
4.251042073056519932e+00 3.625428475553531840e-20 0.000000000000000000e+00 2.433193403713696803e-19 4.194463499075283425e-19 1.106068992855217205e-19
4.731728949778890581e+00 3.249103112007544044e-20 0.000000000000000000e+00 2.173879261725324452e-19 3.738773651570044352e-19 1.175400392091479517e-19
5.266769528365972342e+00 2.911838220267695130e-20 0.000000000000000000e+00 1.933968255677188275e-19 3.329375881836632325e-19 1.243320945832680491e-19
5.862309857419115922e+00 2.609947208413386304e-20 0.000000000000000000e+00 1.717867686093143762e-19 2.959780012538162234e-19 1.308032711758799003e-19
6.525190950410857837e+00 2.339334783418388202e-20 0.000000000000000000e+00 1.525101962132473009e-19 2.627735649089103348e-19 1.368971481287252842e-19
7.263027368885755841e+00 2.095735558636675490e-20 0.000000000000000000e+00 1.353596497882744023e-19 2.327440405664729535e-19 1.424984314027818345e-19
8.084294691462201143e+00 1.877401058587453621e-20 0.000000000000000000e+00 1.195947205010307818e-19 2.058997323049093439e-19 1.474525353298576626e-19
8.998426873397548320e+00 1.682228218014427818e-20 0.000000000000000000e+00 1.059425215187734240e-19 1.816634755604623558e-19 1.516288442707362881e-19
1.001592461509324039e+01 1.506608761330178326e-20 0.000000000000000000e+00 9.320981186048538134e-20 1.598051284456607146e-19 1.549179403682459348e-19
1.114847598437533449e+01 1.348209098331333203e-20 0.000000000000000000e+00 8.213351146857409300e-20 1.401753865313020842e-19 1.571968359681529671e-19
1.240909067814867583e+01 1.206151570249332499e-20 0.000000000000000000e+00 7.207644074552691737e-20 1.225106457649128354e-19 1.583594488182863670e-19
1.381224946569640366e+01 1.079077980085573931e-20 0.000000000000000000e+00 6.313284659491366988e-20 1.066337074130802297e-19 1.583305938830545287e-19
1.537407053029052229e+01 9.634674621022101599e-21 0.000000000000000000e+00 5.523563291242807971e-20 9.239803675009777862e-20 1.570372674293871490e-19
1.711249461989307719e+01 8.597744579259199103e-21 0.000000000000000000e+00 4.821001611464271419e-20 7.942514660171809406e-20 1.544722444616585520e-19
1.904749113378321468e+01 7.676679095771810559e-21 0.000000000000000000e+00 4.193143924911114121e-20 6.828658532357616744e-20 1.506154650690241916e-19
2.120128751244688203e+01 6.851783005076877546e-21 0.000000000000000000e+00 3.642582295688463090e-20 5.817917777991208189e-20 1.455164474287028108e-19
2.359862456574094125e+01 6.105537867102671439e-21 0.000000000000000000e+00 3.152908590320537149e-20 4.922517684937007465e-20 1.392362595963196470e-19
2.626704067231091244e+01 5.438319760026109365e-21 0.000000000000000000e+00 2.720792364824801095e-20 4.132881452682203362e-20 1.319156734114050058e-19
2.923718811487309566e+01 4.841571797005934596e-21 0.000000000000000000e+00 2.340933953379428924e-20 3.442508313918207976e-20 1.236500808157760181e-19
3.254318518513449021e+01 4.307610896404295061e-21 0.000000000000000000e+00 2.007714385183610514e-20 2.841548276818765959e-20 1.146672020206347979e-19
3.622300810299908846e+01 3.826100572645822833e-21 0.000000000000000000e+00 1.715846626448492418e-20 2.323139745614826250e-20 1.051517658779248250e-19
4.031892725206589034e+01 3.398949901407705659e-21 0.000000000000000000e+00 1.461623367507523958e-20 1.879786420211383978e-20 9.531733788761002775e-20
4.487799274248540371e+01 3.013772813106166848e-21 0.000000000000000000e+00 1.240523656934489625e-20 1.504688924149584270e-20 8.539823668842335547e-20
4.995257487887015913e+01 2.668087314121557015e-21 0.000000000000000000e+00 1.049286380904243041e-20 1.191055938683208435e-20 7.561982093829326717e-20
5.560096574165519456e+01 2.358654172020940171e-21 0.000000000000000000e+00 8.843329282529616356e-21 9.314133740747510050e-21 6.618589844252000256e-20
6.188804879230252709e+01 2.081424280155147157e-21 0.000000000000000000e+00 7.422390577686970715e-21 7.197520826716480386e-21 5.727587447152198821e-20
6.888604419417499969e+01 1.834686287345358018e-21 0.000000000000000000e+00 6.205916637906537264e-21 5.495771981091986660e-21 4.903449196928613359e-20
7.667533841060405564e+01 1.612003997216250118e-21 0.000000000000000000e+00 5.168230447523155640e-21 4.141192369270202872e-21 4.156084622205176480e-20
8.534540760983165342e+01 1.414854721445702828e-21 0.000000000000000000e+00 4.286788566437393316e-21 3.088367635796575080e-21 3.491843199886088501e-20
9.499584548401358575e+01 1.239539204999361116e-21 0.000000000000000000e+00 3.539111944691723002e-21 2.273535474115905841e-21 2.908011814037172283e-20
1.057375072889466310e+02 1.083725675670077589e-21 0.000000000000000000e+00 2.907861096240786871e-21 1.654102124848132797e-21 2.399583520929669862e-20
1.176937832461472624e+02 9.448995599837871208e-22 0.000000000000000000e+00 2.378324954311962857e-21 1.189473474757331709e-21 1.959130249738869192e-20
1.310020159349736844e+02 8.214887345383526194e-22 0.000000000000000000e+00 1.936013779484436795e-21 8.456916483075198109e-22 1.583476831531549184e-20
1.458150779564580262e+02 7.120410596837626566e-22 0.000000000000000000e+00 1.568141236302818805e-21 5.934035986268634610e-22 1.269532462250071869e-20
1.623031279915676635e+02 6.155823901660663646e-22 0.000000000000000000e+00 1.264030533753366645e-21 4.110295477119347169e-22 1.010414727684285826e-20
1.806555654259147161e+02 5.297897338681030816e-22 0.000000000000000000e+00 1.014241238420254197e-21 2.807108226539436202e-22 7.982056447576307025e-21
2.010832059937378347e+02 4.541921433342873412e-22 0.000000000000000000e+00 8.090554100437490723e-22 1.887253042852865795e-22 6.252963297616714622e-21
2.238207034330328042e+02 3.877425746894091510e-22 0.000000000000000000e+00 6.421678867273338669e-22 1.247577656094208509e-22 4.853334789239219632e-21
2.491292449694543905e+02 3.298715051053930045e-22 0.000000000000000000e+00 5.067725970267257609e-22 8.100973629563223952e-23 3.730026548982184170e-21
2.772995515922919481e+02 2.793621637075459567e-22 0.000000000000000000e+00 3.977588421617667695e-22 5.165893244445544419e-23 2.841599059012020578e-21
3.086552175868076802e+02 2.354437397451628278e-22 0.000000000000000000e+00 3.114541704057056746e-22 3.233191390707694470e-23 2.148752111512591458e-21
3.435564276845046834e+02 1.973412723093987653e-22 0.000000000000000000e+00 2.406782978459268918e-22 1.991100069878048165e-23 1.616320365881805882e-21
3.824040945302937757e+02 1.645312060172280451e-22 0.000000000000000000e+00 1.854621055746303511e-22 1.208332367386320854e-23 1.212594382633807432e-21
4.256444639942141634e+02 1.362092878210219679e-22 0.000000000000000000e+00 1.419879790449726706e-22 7.239169208356168925e-24 9.091080890272040055e-22
4.737742412289155709e+02 1.120612261378503598e-22 0.000000000000000000e+00 1.079821913606139162e-22 4.284466403281463588e-24 6.825505205304193412e-22
5.273462963565856398e+02 9.151116432067375757e-23 0.000000000000000000e+00 8.147991783293297563e-23 2.503981531768880203e-24 5.129045239305167868e-22
5.869760153267689020e+02 7.421285050816888785e-23 0.000000000000000000e+00 6.104421749599934349e-23 1.443836092938615374e-24 3.867539804677950767e-22
6.533483688978308237e+02 5.964348509555875276e-23 0.000000000000000000e+00 4.537683154924040488e-23 8.204068952467314218e-25 2.928987120200159129e-22
7.272257809440862957e+02 4.753033082191432207e-23 0.000000000000000000e+00 3.368301303754786908e-23 4.592973695610598396e-25 2.230775569523458687e-22
8.094568864722074295e+02 3.753248700343250549e-23 0.000000000000000000e+00 2.444601745978630654e-23 2.536080071132650549e-25 1.710451538006713956e-22
9.009862799510120794e+02 2.938718569642898380e-23 0.000000000000000000e+00 1.778617731782913544e-23 1.382646481000373642e-25 1.321030071752878889e-22
1.002865365934268880e+03 2.273156176018498249e-23 0.000000000000000000e+00 1.270254238841733906e-23 7.457107154057794476e-26 1.027491201383711408e-22
1.116264436618460877e+03 1.738153844154064303e-23 0.000000000000000000e+00 9.025069364695198418e-24 3.975777157107569219e-26 8.040316342582499329e-23
1.242486115071199492e+03 1.315592658073133061e-23 0.000000000000000000e+00 6.345805220377446450e-24 2.093770817486510504e-26 6.321139718308800346e-23
1.382980318553656389e+03 9.835943552428913575e-24 0.000000000000000000e+00 4.413497792409194000e-24 1.089304423077316587e-26 4.983977692735402697e-23
1.539360913821697523e+03 7.264646893420785585e-24 0.000000000000000000e+00 3.035328550701134667e-24 5.616636998014487714e-27 3.935080319226111109e-23
1.713424255726343517e+03 5.297917134204483240e-24 0.000000000000000000e+00 2.063655617636390513e-24 2.862875049227199203e-27 3.104331764029158288e-23
1.907169822067742189e+03 3.825878546224780100e-24 0.000000000000000000e+00 1.385881928664223012e-24 1.444684366670246776e-27 2.442583145947758370e-23
2.122823181736748211e+03 2.705861764439251605e-24 0.000000000000000000e+00 9.194923167258685061e-25 7.218480073193608237e-28 1.913815715410617533e-23
2.362861559980607581e+03 1.894373100898790983e-24 0.000000000000000000e+00 6.021746314177884888e-25 3.572424739582207246e-28 1.490767082651247798e-23
2.630042294462951304e+03 1.308784566219180794e-24 0.000000000000000000e+00 3.894005821596713887e-25 1.751841167944238692e-28 1.153120861657935708e-23
2.927434508994474982e+03 8.900723931160163628e-25 0.000000000000000000e+00 2.484212345836266973e-25 8.517839093450727631e-29 8.846080974151561765e-24
3.258454368773508122e+03 5.972182104681077865e-25 0.000000000000000000e+00 1.563510268836883182e-25 4.102846135085471927e-29 6.725739073470974961e-24
3.626904322114499791e+03 3.950491758675467927e-25 0.000000000000000000e+00 9.710607984486307635e-26 1.958950516140687602e-29 5.064348219256405524e-24
4.037016779438275080e+03 2.577019436092461753e-25 0.000000000000000000e+00 5.948409130031595909e-26 9.276238721548727238e-30 3.775318409709862293e-24
4.493502731267226409e+03 1.657756274268893590e-25 0.000000000000000000e+00 3.594382235049153195e-26 4.357399986460569049e-30 2.786589685107357656e-24
5.001605863702974602e+03 1.051867103766594436e-25 0.000000000000000000e+00 2.142636018084780870e-26 2.031859238410442211e-30 2.036348553333079320e-24
5.567162793016338583e+03 6.581806971721144872e-26 0.000000000000000000e+00 1.260012881711419050e-26 9.382814247124326105e-31 1.472854084115470548e-24
6.196670111266974345e+03 4.066051334015038822e-26 0.000000000000000000e+00 7.312637172528996737e-27 4.303291744469428031e-31 1.054711602880728852e-24
6.897359013111165041e+03 2.482522171471486246e-26 0.000000000000000000e+00 4.188083768838393857e-27 1.957859331765844771e-31 7.480383540154519281e-25
7.677278361042189317e+03 1.496474551405464544e-26 0.000000000000000000e+00 2.368089353381372731e-27 8.841620485615069331e-32 5.253472904089276399e-25
8.545387143236317570e+03 8.921234113596517436e-27 0.000000000000000000e+00 1.322520206151132770e-27 3.959835436894811017e-32 3.650376471209315642e-25
9.511657386079081334e+03 5.260162189190539184e-27 0.000000000000000000e+00 7.296536997319580272e-28 1.760205871753815860e-32 2.520938505307321424e-25
1.058718870352829254e+04 3.064296647572819521e-27 0.000000000000000000e+00 3.975869180334247762e-28 7.775192545267749226e-33 1.722811399103411486e-25
1.178433579916051713e+04 1.768522849266496554e-27 0.000000000000000000e+00 2.145384381668493220e-28 3.398643537234445763e-33 1.167356606500184680e-25
1.311685038551288017e+04 1.011391814090657550e-27 0.000000000000000000e+00 1.143966504891905716e-28 1.476167369812636008e-33 7.845620139154238051e-26
1.460003915097147365e+04 5.728361661642477403e-28 0.000000000000000000e+00 6.037975410399839972e-29 6.360551933117671256e-34 5.231383699505748631e-26
1.625093958876844590e+04 3.216910423150686181e-28 0.000000000000000000e+00 3.155274156233467451e-29 2.719600332778664252e-34 3.462238060041413920e-26
1.808851570786662342e+04 1.791138512734313806e-28 0.000000000000000000e+00 1.633202177965784782e-29 1.153452170424176198e-34 2.275523768732735710e-26
2.013387587385212828e+04 9.887451987946308321e-29 0.000000000000000000e+00 8.382400218080771462e-30 4.853428312170113333e-35 1.486028180512896556e-26
2.241051528221264743e+04 5.425360695270898367e-29 0.000000000000000000e+00 4.251670073581346874e-30 2.025345210115988471e-35 9.632634351170972798e-27
2.494458584929090648e+04 2.951906789854046605e-29 0.000000000000000000e+00 2.147646456814786191e-30 8.384716498570070772e-36 6.212761668860206170e-27
2.776519662118276028e+04 1.594441401762137540e-29 0.000000000000000000e+00 1.074568984769092313e-30 3.323415057153665746e-36 3.984006380279636161e-27
3.090474815138586200e+04 8.554637281324345825e-30 0.000000000000000000e+00 5.337621422349804659e-31 1.400586103876097896e-36 2.542058455373526525e-27
3.439930468822552211e+04 4.558289136931482768e-30 0.000000000000000000e+00 2.637010640351099028e-31 5.653331533096090846e-37 1.614261432706985164e-27
3.828900844740607135e+04 2.412255860356992709e-30 0.000000000000000000e+00 1.290649957849863594e-31 2.261914659752121704e-37 1.020502366934288033e-27
4.261854072845193878e+04 1.268641654924671189e-30 0.000000000000000000e+00 6.289260138679850050e-32 8.977748317159674187e-38 6.425592460998997328e-28
4.743763517192281142e+04 6.629812869999488214e-31 0.000000000000000000e+00 3.045915052739926162e-32 3.536104224256044197e-38 4.031788083161332927e-28
