1.056032981064548126e+00 0.000000000000000000e+00 0.000000000000000000e+00 0.000000000000000000e+00 0.000000000000000000e+00 0.000000000000000000e+00
1.175443983510534363e+00 0.000000000000000000e+00 0.000000000000000000e+00 0.000000000000000000e+00 0.000000000000000000e+00 0.000000000000000000e+00
1.308357393325258133e+00 4.856862256080840159e-22 0.000000000000000000e+00 1.106172333137317182e-20 2.420256153242104285e-21 4.408558996626021608e-20
1.456299996156748877e+00 2.314351762738557177e-21 0.000000000000000000e+00 5.762753910085312478e-20 1.461622658853251112e-20 2.716666854043111803e-19
1.620971219045888478e+00 3.093890369375538799e-21 0.000000000000000000e+00 8.446573787029505772e-20 2.546485171460627090e-20 4.450159265622857782e-19
1.804262651863866251e+00 3.183167796260694593e-21 0.000000000000000000e+00 9.577753577938081563e-20 3.501629638092840285e-20 5.492130014202403897e-19
2.008279776137516404e+00 3.184767125031522701e-21 0.000000000000000000e+00 1.055653964737018503e-19 4.687791576796890726e-20 6.555193124472449338e-19
2.235366150863083323e+00 3.184765249246735286e-21 0.000000000000000000e+00 1.161821630932070341e-19 6.256249641343608891e-20 7.825225375011775428e-19
2.488130333132567262e+00 3.184762925174312950e-21 0.000000000000000000e+00 1.277189234842046836e-19 8.321609278536152400e-20 9.346524903778113345e-19
2.769475842811750965e+00 3.184760045766712345e-21 0.000000000000000000e+00 1.402167976250657359e-19 1.102703440092075767e-19 1.115578695778015104e-18
3.082634515476230241e+00 3.184756478366873840e-21 0.000000000000000000e+00 1.537068939043302494e-19 1.454828065792677951e-19 1.329488748095328313e-18
3.431203626733101864e+00 3.184752058869859311e-21 0.000000000000000000e+00 1.682243737175520824e-19 1.910483903906928577e-19 1.583125839020221436e-18
3.819187214377767425e+00 3.184746583753234038e-21 0.000000000000000000e+00 1.837703304154906478e-19 2.495266546440510261e-19 1.882742939993343319e-18
4.251042073056519932e+00 3.184739800828397147e-21 0.000000000000000000e+00 2.003377801864079822e-19 3.239603861738526555e-19 2.234312447710400531e-18
4.731728949778890581e+00 3.184731397594300423e-21 0.000000000000000000e+00 2.178891379122692621e-19 4.177472971430905528e-19 2.641999070901961111e-18
5.266769528365972342e+00 3.184720986855511907e-21 0.000000000000000000e+00 2.363804293298469695e-19 5.347388426988995537e-19 3.116332176412418339e-18
5.862309857419115922e+00 3.184708088830281573e-21 0.000000000000000000e+00 2.557055369995272551e-19 6.788444612566006384e-19 3.664262337712831762e-18
6.525190950410857837e+00 3.184692108985188890e-21 0.000000000000000000e+00 2.757524487062743017e-19 8.539757631355855670e-19 4.284378965524259661e-18
7.263027368885755841e+00 3.184672310744411197e-21 0.000000000000000000e+00 2.963331672574514874e-19 1.063524266672934292e-18 4.985022013002311375e-18
8.084294691462201143e+00 3.184647781582908511e-21 0.000000000000000000e+00 3.172319965730202985e-19 1.309856233688953440e-18 5.775591963086271183e-18
8.998426873397548320e+00 3.184617391008267743e-21 0.000000000000000000e+00 3.381636184734772158e-19 1.593461029125983193e-18 6.642577653777087247e-18
1.001592461509324039e+01 3.184579738221293116e-21 0.000000000000000000e+00 3.587715129721954319e-19 1.912122198425042018e-18 7.579871803888421500e-18
1.114847598437533449e+01 3.184533087392683850e-21 0.000000000000000000e+00 3.786564307487587373e-19 2.260019921086314920e-18 8.590895260456069991e-18
1.240909067814867583e+01 3.184475289838453785e-21 0.000000000000000000e+00 3.973331328719935764e-19 2.626823313422789725e-18 9.655800966469394972e-18
1.381224946569640366e+01 3.184403680278192610e-21 0.000000000000000000e+00 4.142462052356259335e-19 2.996561836240506405e-18 1.073306346155513844e-17
1.537407053029052229e+01 3.184314961754782815e-21 0.000000000000000000e+00 4.287449575639376128e-19 3.347402091304314033e-18 1.178032528844616160e-17
1.711249461989307719e+01 3.184205047715752417e-21 0.000000000000000000e+00 4.401545435796340960e-19 3.652782654055877734e-18 1.278559000006810189e-17
1.904749113378321468e+01 3.184068884020399595e-21 0.000000000000000000e+00 4.477779975256290432e-19 3.882641703396442428e-18 1.367863939728191360e-17
2.120128751244688203e+01 3.183900208730360579e-21 0.000000000000000000e+00 4.508731826437106738e-19 4.006429805282672197e-18 1.436692150246870447e-17
2.359862456574094125e+01 3.183691254680106779e-21 0.000000000000000000e+00 4.488240711539368010e-19 3.998848139635568875e-18 1.483310630317959161e-17
2.626704067231091244e+01 3.183432411264910855e-21 0.000000000000000000e+00 4.411586931647208493e-19 3.846080425641998208e-18 1.500721341365891827e-17
2.923718811487309566e+01 3.183111771215746961e-21 0.000000000000000000e+00 4.276141589111981073e-19 3.550950307789229579e-18 1.479468970340164460e-17
3.254318518513449021e+01 3.182714586167781023e-21 0.000000000000000000e+00 4.083774465111107595e-19 3.136267378857351063e-18 1.419908645588819996e-17
3.622300810299908846e+01 3.182222586272260976e-21 0.000000000000000000e+00 3.840998661418304888e-19 2.644481139177049808e-18 1.323100287004761662e-17
4.031892725206589034e+01 3.181613158314853902e-21 0.000000000000000000e+00 3.559836431438422511e-19 2.129511119393070075e-18 1.191915606014891108e-17
4.487799274248540371e+01 3.180858309557265098e-21 0.000000000000000000e+00 3.257636459338090780e-19 1.644809145647436637e-18 1.038636706887777947e-17
4.995257487887015913e+01 3.179923390085489553e-21 0.000000000000000000e+00 2.954940045848588386e-19 1.230821922545895859e-18 8.769690853995070834e-18
5.560096574165519456e+01 3.178765533947086689e-21 0.000000000000000000e+00 2.671317272016069833e-19 9.068619114022802651e-19 7.207827322960036890e-18
6.188804879230252709e+01 3.177331703775647542e-21 0.000000000000000000e+00 2.422406415402948080e-19 6.725266971942734869e-19 5.856581735275109395e-18
6.888604419417499969e+01 3.175556390648799782e-21 0.000000000000000000e+00 2.214113052137160022e-19 5.126152512218018103e-19 4.799944637893819166e-18
7.667533841060405564e+01 3.173358524092849492e-21 0.000000000000000000e+00 2.038263181503386615e-19 4.032615757564647833e-19 4.038411582979197587e-18
8.534540760983165342e+01 3.170638162335807018e-21 0.000000000000000000e+00 1.874064830313800040e-19 3.195969212985898266e-19 3.520983924811257492e-18
9.499584548401358575e+01 3.167271842398775657e-21 0.000000000000000000e+00 1.695132619837409293e-19 2.429436339530489692e-19 3.122820502160440480e-18
1.057375072889466310e+02 3.163107488013678741e-21 0.000000000000000000e+00 1.485471003653025161e-19 1.682486497437614291e-19 2.687465938822124828e-18
1.176937832461472624e+02 3.157958156024200737e-21 0.000000000000000000e+00 1.256377761098430817e-19 1.041338934447404127e-19 2.117757147954367783e-18
1.310020159349736844e+02 3.151593732837670225e-21 0.000000000000000000e+00 1.045280816029113934e-19 6.018073655548593576e-20 1.497918706893970254e-18
1.458150779564580262e+02 3.143731744833259439e-21 0.000000000000000000e+00 8.882434906260563262e-20 3.634540429260041522e-20 1.026899792358952528e-18
1.623031279915676635e+02 3.134026375120374253e-21 0.000000000000000000e+00 7.797850436761603278e-20 2.449553114185014196e-20 7.751146407884461861e-19
1.806555654259147161e+02 3.122055409901777349e-21 0.000000000000000000e+00 6.762923667947564906e-20 1.646321126279218048e-20 6.541459207085252306e-19
2.010832059937378347e+02 3.107305131252358540e-21 0.000000000000000000e+00 5.581664649633286440e-20 9.739262963203247844e-21 5.204037361157393794e-19
2.238207034330328042e+02 3.089153832095888579e-21 0.000000000000000000e+00 4.559426344970112588e-20 5.339209354948688715e-21 3.591099917082565534e-19
2.491292449694543905e+02 3.066852527837009460e-21 0.000000000000000000e+00 3.827825637103923694e-20 3.126886585872044913e-21 2.543267504618958801e-19
2.772995515922919481e+02 3.039506740390284899e-21 0.000000000000000000e+00 3.170609056660510242e-20 1.854922743807193284e-21 1.987804437751574097e-19
3.086552175868076802e+02 3.006056651379827747e-21 0.000000000000000000e+00 2.571778651576233553e-20 1.021460854285301456e-21 1.465809714187219574e-19
3.435564276845046834e+02 2.965262579229950189e-21 0.000000000000000000e+00 2.092641827194801907e-20 5.615629945430095624e-22 1.052595213680187490e-19
3.824040945302937757e+02 2.915696925491383969e-21 0.000000000000000000e+00 1.690590248416554362e-20 3.078442841261501925e-22 7.924471264990794239e-20
4.256444639942141634e+02 2.855745950505384273e-21 0.000000000000000000e+00 1.352886279564560394e-20 1.650912429259127122e-22 5.887580430322937840e-20
4.737742412289155709e+02 2.783639355759798593e-21 0.000000000000000000e+00 1.075411114048245686e-20 8.716746778239346718e-23 4.501155682053309943e-20
5.273462963565856398e+02 2.697502812515199264e-21 0.000000000000000000e+00 8.498788647445745295e-21 4.573005530511624318e-23 3.456938613085150084e-20
5.869760153267689020e+02 2.595459903452016766e-21 0.000000000000000000e+00 6.644893758374624374e-21 2.362027971992963011e-23 2.663912622900881574e-20
6.533483688978308237e+02 2.475790964445537332e-21 0.000000000000000000e+00 5.146105274325913732e-21 1.200479647370881740e-23 2.108384840870875333e-20
7.272257809440862957e+02 2.337151396522905592e-21 0.000000000000000000e+00 3.948539815239007529e-21 6.043930674416817331e-24 1.696219753114618829e-20
8.094568864722074295e+02 2.178871047962941850e-21 0.000000000000000000e+00 2.995098788708780106e-21 3.011428642353516883e-24 1.379033352803416717e-20
9.009862799510120794e+02 2.001303870306888794e-21 0.000000000000000000e+00 2.241872109535660958e-21 1.482886623306254934e-24 1.138966040800520964e-20
1.002865365934268880e+03 1.806194049473500685e-21 0.000000000000000000e+00 1.653557912644831783e-21 7.217807362843287963e-25 9.506209181666365312e-21
1.116264436618460877e+03 1.596978953333782005e-21 0.000000000000000000e+00 1.199348729801513769e-21 3.473435410749254080e-25 7.977032287957214397e-21
1.242486115071199492e+03 1.378916066772563267e-21 0.000000000000000000e+00 8.533086645929276675e-22 1.651632194302781970e-25 6.717963734157751945e-21
1.382980318553656389e+03 1.158916563086969699e-21 0.000000000000000000e+00 5.942533404862660491e-22 7.762684639175906658e-26 5.666373750668706990e-21
1.539360913821697523e+03 9.449832099621193495e-22 0.000000000000000000e+00 4.040879175511743506e-22 3.606079036727061026e-26 4.757425798935680689e-21
1.713424255726343517e+03 7.452840184378101133e-22 0.000000000000000000e+00 2.674989704603142590e-22 1.653841696028860951e-26 3.949277054145294129e-21
1.907169822067742189e+03 5.670084021704746973e-22 0.000000000000000000e+00 1.719761366514918171e-22 7.480736406164028140e-27 3.232014178264774111e-21
2.122823181736748211e+03 4.152538168803103830e-22 0.000000000000000000e+00 1.071676488796148258e-22 3.337116659790240642e-27 2.597187715708081093e-21
2.362861559980607581e+03 2.923893854164858624e-22 0.000000000000000000e+00 6.461103526577156943e-23 1.466745385812600994e-27 2.038520330315270734e-21
2.630042294462951304e+03 1.979073660146966488e-22 0.000000000000000000e+00 3.764733408673427994e-23 6.342720320283330552e-28 1.558956717251028013e-21
2.927434508994474982e+03 1.288709813775518783e-22 0.000000000000000000e+00 2.119976934167826962e-23 2.696267658355831683e-28 1.159795365974611984e-21
3.258454368773508122e+03 8.092856474376080932e-23 0.000000000000000000e+00 1.155205340677975269e-23 1.126510608450460374e-28 8.378030208713394842e-22
3.626904322114499791e+03 4.920799330702986899e-23 0.000000000000000000e+00 6.105435895438578200e-24 4.621849585850370544e-29 5.878977947566802219e-22
4.037016779438275080e+03 2.913580222256870951e-23 0.000000000000000000e+00 3.141250409566648465e-24 1.859747388825974402e-29 4.016196278209440599e-22
4.493502731267226409e+03 1.692501282040106274e-23 0.000000000000000000e+00 1.581747959495441213e-24 7.346332262048415455e-30 2.677597780514426346e-22
5.001605863702974602e+03 9.723928041064488046e-24 0.000000000000000000e+00 7.838630281944606035e-25 2.851147423482818499e-30 1.748618563898400738e-22
5.567162793016338583e+03 5.563914950937391402e-24 0.000000000000000000e+00 3.841455640125951297e-25 1.086633558512564792e-30 1.123252742499225908e-22
6.196670111266974345e+03 3.182115339291617418e-24 0.000000000000000000e+00 1.867101302703038150e-25 4.071745540492473960e-31 7.124034048527570864e-23
6.897359013111165041e+03 1.819162146344894590e-24 0.000000000000000000e+00 9.011611450570337951e-26 1.501961012736287916e-31 4.471600778458239737e-23
7.677278361042189317e+03 1.036811410410400514e-24 0.000000000000000000e+00 4.314665298774312337e-26 5.459487354152211396e-32 2.780677457696949171e-23
8.545387143236317570e+03 5.870418959316492531e-25 0.000000000000000000e+00 2.046535872453888171e-26 1.955904599067460545e-32 1.714566339727836233e-23
9.511657386079081334e+03 3.293643180590323600e-25 0.000000000000000000e+00 9.607371142052977890e-27 6.912598104347055969e-33 1.048445400145519454e-23
1.058718870352829254e+04 1.828254455153107256e-25 0.000000000000000000e+00 4.462131508175609880e-27 2.412027307475856851e-33 6.356146046581712601e-24
1.178433579916051713e+04 1.003634221427373996e-25 0.000000000000000000e+00 2.049239899910612928e-27 8.309763801441390317e-34 3.821703546708729414e-24
1.311685038551288017e+04 5.449153124012962594e-26 0.000000000000000000e+00 9.381864421719350189e-28 2.830353335541938960e-34 2.278777963306782033e-24
1.460003915097147365e+04 2.927274972824881695e-26 0.000000000000000000e+00 4.197322299045430475e-28 9.585743322298795986e-35 1.347843261383530995e-24
1.625093958876844590e+04 1.556584488638547111e-26 0.000000000000000000e+00 1.876810186676704035e-28 3.236286872985918766e-35 7.908367911749735459e-25
1.808851570786662342e+04 8.196944909807679125e-27 0.000000000000000000e+00 8.311273375213697691e-29 1.084390161625640269e-35 4.603651395787828548e-25
2.013387587385212828e+04 4.276798262919753749e-27 0.000000000000000000e+00 3.644761206591535348e-29 3.591906546072850695e-36 2.661845219794718523e-25
2.241051528221264743e+04 2.211797695926681246e-27 0.000000000000000000e+00 1.582866441540793324e-29 1.174963726322838452e-36 1.528319655967642915e-25
2.494458584929090648e+04 1.134175071941668685e-27 0.000000000000000000e+00 6.808313870016092168e-30 3.795182468334074568e-37 8.716474540422568784e-26
2.776519662118276028e+04 5.770954162591384009e-28 0.000000000000000000e+00 2.901633629470495979e-30 1.210008723721586014e-37 4.939396928842679873e-26
3.090474815138586200e+04 2.914293474614149907e-28 0.000000000000000000e+00 1.225768102833510762e-30 3.807107849408758038e-38 2.783686014158312262e-26
3.439930468822552211e+04 1.461256248483314410e-28 0.000000000000000000e+00 5.127804638853136886e-31 1.181381622628828542e-38 1.559755466001918814e-26
3.828900844740607135e+04 7.278358711408206747e-29 0.000000000000000000e+00 2.129181757164545374e-31 3.613975960568840208e-39 8.695961736610046418e-27
4.261854072845193878e+04 3.602481664321642969e-29 0.000000000000000000e+00 8.782325132179457822e-32 1.089356697358080352e-39 4.825251826851831004e-27
4.743763517192281142e+04 1.772706318059892339e-29 0.000000000000000000e+00 3.589261721208227988e-32 3.233780113013414271e-40 2.665140788272885527e-27
