1.056032981064548126e+00 3.809894334939430547e-16 0.000000000000000000e+00 2.044462190267156595e-14 5.682358776381023807e-14 1.542990284047707823e-15
1.175443983510534363e+00 3.809522454947686271e-16 0.000000000000000000e+00 1.953203198878407033e-14 5.190783549996364122e-14 1.749870017273520766e-15
1.308357393325258133e+00 3.808023443093185704e-16 0.000000000000000000e+00 1.856271572300704508e-14 4.718995450983968053e-14 1.977251107079297058e-15
1.456299996156748877e+00 3.805448871776639148e-16 0.000000000000000000e+00 1.752407715485735767e-14 4.279700676438974017e-14 2.227145625720255161e-15
1.620971219045888478e+00 3.802010741034844786e-16 0.000000000000000000e+00 1.645864866517627528e-14 3.874261558428643668e-14 2.503585506225892749e-15
1.804262651863866251e+00 3.797732010974689336e-16 0.000000000000000000e+00 1.540649162628293130e-14 3.508842596825887949e-14 2.806808487332091176e-15
2.008279776137516404e+00 3.792419520367868609e-16 0.000000000000000000e+00 1.440489376291830866e-14 3.178828341453821037e-14 3.139352891864433203e-15
2.235366150863083323e+00 3.785860213859866346e-16 0.000000000000000000e+00 1.342626403311949191e-14 2.886400004651406195e-14 3.505026715131331023e-15
2.488130333132567262e+00 3.777771490693254887e-16 0.000000000000000000e+00 1.246727458447773021e-14 2.626199712027657157e-14 3.901944598563832589e-15
2.769475842811750965e+00 3.767807858603168012e-16 0.000000000000000000e+00 1.154780764594214587e-14 2.397772648044403863e-14 4.330656980864070706e-15
3.082634515476230241e+00 3.755549862877015344e-16 0.000000000000000000e+00 1.067820815733640716e-14 2.199230886957150851e-14 4.792902185217547961e-15
3.431203626733101864e+00 3.740494172841006921e-16 0.000000000000000000e+00 9.845073498803790861e-15 2.026542760708455909e-14 5.279034602101723529e-15
3.819187214377767425e+00 3.722042568132106810e-16 0.000000000000000000e+00 9.076566260922840028e-15 1.877571120649186666e-14 5.791369843513159010e-15
4.251042073056519932e+00 3.699353129157297050e-16 0.000000000000000000e+00 8.345266687128100423e-15 1.750026797902333049e-14 6.321782349282401159e-15
4.731728949778890581e+00 3.671715183367057446e-16 0.000000000000000000e+00 7.662695832913324473e-15 1.640254601608400670e-14 6.862431189302513198e-15
5.266769528365972342e+00 3.638120826980563580e-16 0.000000000000000000e+00 7.035830197631144327e-15 1.545197076007846796e-14 7.402122351308747100e-15
5.862309857419115922e+00 3.597463452239088945e-16 0.000000000000000000e+00 6.432724766060476031e-15 1.458704236632492270e-14 7.924377814836621380e-15
6.525190950410857837e+00 3.548516864260739805e-16 0.000000000000000000e+00 5.891443856697533449e-15 1.378876820130864900e-14 8.415430094394336599e-15
7.263027368885755841e+00 3.489960985421115482e-16 0.000000000000000000e+00 5.382623479525971166e-15 1.300437830168168305e-14 8.854901087627402397e-15
8.084294691462201143e+00 3.420427351711746646e-16 0.000000000000000000e+00 4.920243284869642171e-15 1.219246380017339422e-14 9.218716204883657940e-15
8.998426873397548320e+00 3.338614439415309431e-16 0.000000000000000000e+00 4.460885919024577969e-15 1.132318556980079695e-14 9.485996094936275649e-15
1.001592461509324039e+01 3.243242294897880774e-16 0.000000000000000000e+00 4.045060301550268906e-15 1.038080128042070263e-14 9.630356001162141692e-15
1.114847598437533449e+01 3.133488432017276338e-16 0.000000000000000000e+00 3.655846411741620571e-15 9.370189768105545169e-15 9.638494160411477931e-15
1.240909067814867583e+01 3.008953032331365362e-16 0.000000000000000000e+00 3.292426586752088431e-15 8.297135463625656580e-15 9.488602604706140562e-15
1.381224946569640366e+01 2.869835019289984576e-16 0.000000000000000000e+00 2.949909407314550982e-15 7.198728966913948052e-15 9.182280666580532190e-15
1.537407053029052229e+01 2.717481156932099154e-16 0.000000000000000000e+00 2.632214246716476384e-15 6.106033503003350946e-15 8.723498706502557654e-15
1.711249461989307719e+01 2.551915461649026937e-16 0.000000000000000000e+00 2.337998553132424652e-15 5.065251950183786904e-15 8.124769539109357666e-15
1.904749113378321468e+01 2.382574995520504199e-16 0.000000000000000000e+00 2.068355595180491328e-15 4.110000730490912869e-15 7.419617299176903466e-15
2.120128751244688203e+01 2.206684415302991701e-16 0.000000000000000000e+00 1.823322189498362378e-15 3.268188818605527992e-15 6.644606453764583432e-15
2.359862456574094125e+01 2.030022584467011334e-16 0.000000000000000000e+00 1.602580196896257203e-15 2.552438715431325035e-15 5.840207132425564285e-15
2.626704067231091244e+01 1.855981990286983725e-16 0.000000000000000000e+00 1.404922425903764133e-15 1.963110892146185925e-15 5.052385953870399286e-15
2.923718811487309566e+01 1.687910046282594983e-16 0.000000000000000000e+00 1.228175218502971603e-15 1.492049287219398614e-15 4.312752611201752323e-15
3.254318518513449021e+01 1.528243206927122184e-16 0.000000000000000000e+00 1.069543433995440259e-15 1.121423447864614822e-15 3.644666044818834188e-15
3.622300810299908846e+01 1.380458287727523080e-16 0.000000000000000000e+00 9.276542876592944989e-16 8.348314179440215428e-16 3.060073402550518872e-15
4.031892725206589034e+01 1.242771143440499514e-16 0.000000000000000000e+00 8.001558923295386162e-16 6.145924145112286391e-16 2.556908445983048338e-15
4.487799274248540371e+01 1.115809774804542723e-16 0.000000000000000000e+00 6.862944522286480619e-16 4.459670664674069719e-16 2.126761341528816404e-15
4.995257487887015913e+01 1.002217345088808756e-16 0.000000000000000000e+00 5.844905591677935107e-16 3.177788996956284815e-16 1.756475500056489854e-15
5.560096574165519456e+01 8.987128760915559200e-17 0.000000000000000000e+00 4.946557142288225142e-16 2.216860248293142251e-16 1.435719881710519453e-15
6.188804879230252709e+01 8.060887122573904972e-17 0.000000000000000000e+00 4.163554965163151989e-16 1.509809117741630644e-16 1.158288790983781290e-15
6.888604419417499969e+01 7.226665152486380395e-17 0.000000000000000000e+00 3.485656842421386658e-16 1.001425871595577099e-16 9.188367898232008326e-16
7.667533841060405564e+01 6.476891042091014844e-17 0.000000000000000000e+00 2.901496197150971261e-16 6.468721065400937993e-17 7.157744404932350664e-16
8.534540760983165342e+01 5.803895417012158741e-17 0.000000000000000000e+00 2.401209951684614073e-16 4.091612986314498494e-17 5.494807046910269262e-16
9.499584548401358575e+01 5.200180954051839605e-17 0.000000000000000000e+00 1.977237347814816631e-16 2.553486251046585019e-17 4.193181719796021294e-16
1.057375072889466310e+02 4.658325419347414143e-17 0.000000000000000000e+00 1.621784656230608169e-16 1.578525814477658585e-17 3.200598825887855451e-16
1.176937832461472624e+02 4.173025423814064429e-17 0.000000000000000000e+00 1.320988469113922513e-16 9.619885993876864578e-18 2.434761139327507455e-16
1.310020159349736844e+02 3.737819699039445705e-17 0.000000000000000000e+00 1.068341329627373370e-16 5.737121987028198659e-18 1.836593264523286311e-16
1.458150779564580262e+02 3.342925368532616968e-17 0.000000000000000000e+00 8.592439320104011136e-17 3.373365578152217214e-18 1.382242436840590488e-16
1.623031279915676635e+02 2.988240985639673024e-17 0.000000000000000000e+00 6.870955232930297936e-17 1.958504278088471690e-18 1.045207878805753203e-16
1.806555654259147161e+02 2.668667822078589390e-17 0.000000000000000000e+00 5.455174005726319861e-17 1.119256350102302025e-18 7.907349368294489585e-17
2.010832059937378347e+02 2.379119392986904836e-17 0.000000000000000000e+00 4.301780229249425146e-17 6.302200071997784315e-19 5.994131265559097236e-17
2.238207034330328042e+02 2.113151495573286614e-17 0.000000000000000000e+00 3.367464640395561234e-17 3.495552114756898526e-19 4.581379505191677248e-17
2.491292449694543905e+02 1.872559303490728023e-17 0.000000000000000000e+00 2.615550732869493573e-17 1.908994795264747764e-19 3.529366439228742055e-17
2.772995515922919481e+02 1.650349166915693415e-17 0.000000000000000000e+00 2.013749835205603445e-17 1.017403816680170414e-19 2.748483050016552988e-17
3.086552175868076802e+02 1.445259862952978467e-17 0.000000000000000000e+00 1.536804712193437839e-17 5.511954149183063886e-20 2.169602720775156366e-17
3.435564276845046834e+02 1.255533975530619891e-17 0.000000000000000000e+00 1.160969433922503179e-17 2.901025042781731810e-20 1.730797657853844687e-17
3.824040945302937757e+02 1.079946678626116003e-17 0.000000000000000000e+00 8.675092287085927814e-18 1.509617600020349845e-20 1.397262553441331567e-17
4.256444639942141634e+02 9.182298189248723659e-18 0.000000000000000000e+00 6.405565652542369047e-18 7.766317379949493326e-21 1.139763264554150482e-17
4.737742412289155709e+02 7.699900650854785236e-18 0.000000000000000000e+00 4.667408967601643382e-18 3.948250567116500175e-21 9.369015719140324920e-18
5.273462963565856398e+02 6.355344078915467587e-18 0.000000000000000000e+00 3.354082490046885916e-18 1.984619209840117293e-21 7.745627724411884983e-18
5.869760153267689020e+02 5.154337575987382395e-18 0.000000000000000000e+00 2.372725948054472853e-18 9.863019073379040422e-22 6.419874741408817503e-18
6.533483688978308237e+02 4.098821937691081988e-18 0.000000000000000000e+00 1.650262183103132234e-18 4.847836656566663576e-22 5.314654664840398432e-18
7.272257809440862957e+02 3.191202648384075627e-18 0.000000000000000000e+00 1.127023123960426088e-18 2.356360117570632073e-22 4.382065032225861719e-18
8.094568864722074295e+02 2.428843274649301939e-18 0.000000000000000000e+00 7.552462601685869236e-19 1.132684185574869920e-22 3.587639967281456045e-18
9.009862799510120794e+02 1.805650727081400650e-18 0.000000000000000000e+00 4.956584777225867450e-19 5.384782625860628236e-23 2.908028931831301272e-18
1.002865365934268880e+03 1.309660444877558734e-18 0.000000000000000000e+00 3.183965391623292244e-19 2.529564208748591234e-23 2.327507845026235304e-18
1.116264436618460877e+03 9.263690080508032194e-19 0.000000000000000000e+00 1.999426717285802450e-19 1.174715671716878959e-23 1.834825100367899813e-18
1.242486115071199492e+03 6.389473978625691625e-19 0.000000000000000000e+00 1.226685958391331775e-19 5.388402102891845112e-24 1.421814542982183108e-18
1.382980318553656389e+03 4.298541464854745264e-19 0.000000000000000000e+00 7.350168002892156109e-20 2.440665767312644166e-24 1.082564900433827696e-18
1.539360913821697523e+03 2.822563804648141305e-19 0.000000000000000000e+00 4.300012057515724142e-20 1.091480098931180347e-24 8.081312593842860698e-19
1.713424255726343517e+03 1.810028627880844805e-19 0.000000000000000000e+00 2.456608580848996738e-20 4.813068263868137626e-25 5.913633040213235563e-19
1.907169822067742189e+03 1.137927101680834096e-19 0.000000000000000000e+00 1.371455694134580619e-20 2.093639053575180114e-25 4.241053889983647331e-19
2.122823181736748211e+03 7.022568793121328058e-20 0.000000000000000000e+00 7.488086746809668160e-21 8.974684343619157762e-26 2.982515518457866898e-19
2.362861559980607581e+03 4.252609132993105513e-20 0.000000000000000000e+00 4.003877474891701342e-21 3.790833128894169621e-26 2.057668428035416475e-19
2.630042294462951304e+03 2.542357399863390420e-20 0.000000000000000000e+00 2.100149926352590465e-21 1.576720754876101638e-26 1.394417461084162797e-19
2.927434508994474982e+03 1.502610364919148482e-20 0.000000000000000000e+00 1.082660754070969134e-21 6.458519455336545750e-27 9.293854346259679404e-20
3.258454368773508122e+03 8.796780941881075119e-21 0.000000000000000000e+00 5.492808655999496008e-22 2.603644501581768441e-27 6.101770144961322576e-20
3.626904322114499791e+03 5.108988484514146758e-21 0.000000000000000000e+00 2.748767389998220899e-22 1.033326263971734617e-27 3.950961067589134507e-20
4.037016779438275080e+03 2.947036255891411213e-21 0.000000000000000000e+00 1.358517994359233901e-22 4.037535842619513976e-28 2.526492166190110821e-20
4.493502731267226409e+03 1.685030602018844769e-21 0.000000000000000000e+00 6.639008132684054663e-23 1.553187496071240380e-28 1.597477413677356548e-20
5.001605863702974602e+03 9.565494487291477821e-22 0.000000000000000000e+00 3.210453880854943086e-23 5.884786159926488403e-29 9.996459865081228581e-21
5.567162793016338583e+03 5.386585925021994219e-22 0.000000000000000000e+00 1.537154311566804406e-23 2.197614875762721684e-29 6.196081754880574932e-21
6.196670111266974345e+03 3.006434278351260774e-22 0.000000000000000000e+00 7.288792946242752772e-24 8.070680622186733421e-30 3.805713893231141853e-21
6.897359013111165041e+03 1.661579126037177585e-22 0.000000000000000000e+00 3.423994227145191730e-24 2.936897711045091353e-30 2.317528758803814083e-21
7.677278361042189317e+03 9.100727754047422386e-23 0.000000000000000000e+00 1.593240703355852797e-24 1.052557718791592713e-30 1.399656506713180827e-21
8.545387143236317570e+03 4.936464522112532708e-23 0.000000000000000000e+00 7.343742242729442312e-25 3.726311320186348358e-31 8.385044322255692573e-22
9.511657386079081334e+03 2.611142306716373061e-23 0.000000000000000000e+00 3.353692804136779165e-25 1.303979613961779545e-31 4.984269736361853460e-22
1.058718870352829254e+04 1.409739313519421817e-23 0.000000000000000000e+00 1.517800067939274860e-25 4.514134053256518568e-32 2.939927362549426179e-22
1.178433579916051713e+04 7.445909720625791531e-24 0.000000000000000000e+00 6.806532018583125762e-26 1.548006418582718398e-32 1.721350808883960537e-22
1.311685038551288017e+04 3.892937923009392678e-24 0.000000000000000000e+00 3.029354146648764100e-26 5.259700538273541286e-33 1.000693617345959672e-22
1.460003915097147365e+04 2.018307632837571856e-24 0.000000000000000000e+00 1.335105468721744002e-26 1.773038279744154990e-33 5.778746598470652419e-23
1.625093958876844590e+04 1.037995589110514801e-24 0.000000000000000000e+00 5.825695569852297055e-27 5.930355146605418702e-34 3.316405963724041426e-23
1.808851570786662342e+04 5.296745288593583138e-25 0.000000000000000000e+00 2.523617584956216139e-27 1.966988485650542600e-34 1.891572329516302897e-23
2.013387587385212828e+04 2.683547283986826437e-25 0.000000000000000000e+00 1.083907620351712228e-27 6.465830133720596118e-35 1.071724651388322739e-23
2.241051528221264743e+04 1.349936626076597995e-25 0.000000000000000000e+00 4.614235316048509024e-28 2.099138473064169646e-35 6.033546799916214820e-24
2.494458584929090648e+04 6.745866960981405052e-26 0.000000000000000000e+00 1.948195177561512514e-28 6.739143926568571975e-36 3.379986086564180957e-24
2.776519662118276028e+04 3.349117329121189524e-26 0.000000000000000000e+00 8.159304584294678338e-29 2.135276325577384258e-36 1.884264909514634809e-24
3.090474815138586200e+04 1.652565857736344579e-26 0.000000000000000000e+00 3.389576665567530139e-29 6.676271364076157331e-37 1.045664091520213666e-24
3.439930468822552211e+04 8.100794004831210719e-27 0.000000000000000000e+00 1.396573364289471651e-29 2.059452377138111405e-37 5.776812153189519978e-25
3.828900844740607135e+04 3.947499480878422143e-27 0.000000000000000000e+00 5.710704246643580426e-30 6.263901858594176901e-38 3.176684123772941294e-25
4.261854072845193878e+04 1.908676038800834171e-27 0.000000000000000000e+00 2.319288978648491329e-30 1.878149338216682976e-38 1.737927168049584662e-25
4.743763517192281142e+04 9.131426282732630229e-28 0.000000000000000000e+00 9.337008936752424107e-31 5.548200481625428430e-39 9.445791735151987611e-26
