3.812964325961454681e-25
3.805348704996855863e-25
3.795959375994666603e-25
3.784396492846760597e-25
3.770176944919046492e-25
3.752720558202526396e-25
3.731335862912807947e-25
3.705206530117709226e-25
3.673380235846120733e-25
3.634762554482105317e-25
3.588119468794349256e-25
3.532093067906470045e-25
3.465235688020109456e-25
3.386067634758713372e-25
3.293162031387406419e-25
3.185256581999682611e-25
3.061385881519153997e-25
2.921020274359727204e-25
2.764190999585868198e-25
2.591581117278996630e-25
2.404571699097249952e-25
2.205251466137500468e-25
1.996415306304434120e-25
1.781564354983570425e-25
1.564871046137387718e-25
1.351170521274223743e-25
1.145489230402309297e-25
9.527985488733282464e-26
7.773826348703336664e-26
6.223753664675761293e-26
4.894445168312144639e-26
3.787166841874653378e-26
2.889516194724822426e-26
2.179093689202567430e-26
1.628038199572862778e-26
1.207299745937606745e-26
8.728665534598906728e-27
6.280349263928086846e-27
4.527690357003582976e-27
3.258528573060674514e-27
2.377115560645815486e-27
1.682378694739054385e-27
1.206250072590554684e-27
8.802035104124173693e-28
6.186717838232269477e-28
4.416319669878130257e-28
3.146707091752138784e-28
2.237199549857098912e-28
1.588103629524312610e-28
1.123503070578430913e-28
7.916507927570378166e-29
5.560469707472202566e-29
3.894036860290844458e-29
2.713651951548315407e-29
1.880474133481423983e-29
1.297002349858059518e-29
8.884225384412578405e-30
6.043620146858947340e-30
4.083283417592160818e-30
2.731042518663646260e-30
1.811807715893231194e-30
1.188390699387521828e-30
7.703468444495281295e-31
4.934294978133206506e-31
3.110711550372686165e-31
1.934468927668366687e-31
1.180891974339898437e-31
7.060694167485666180e-32
4.145834042288828320e-32
2.376173983851118392e-32
1.325944211497710961e-32
7.172716727181145883e-33
3.749641033297153837e-33
1.885164456331405108e-33
9.046617576448094559e-34
4.099366002434464996e-34
1.719704466805794637e-34
6.554946696150496860e-35
2.185220766016668144e-35
5.876036616788132717e-36
1.085140478377392998e-36
8.035282952449053664e-38
0.000000000000000000e+00
0.000000000000000000e+00
0.000000000000000000e+00
0.000000000000000000e+00
0.000000000000000000e+00
0.000000000000000000e+00
0.000000000000000000e+00
0.000000000000000000e+00
0.000000000000000000e+00
0.000000000000000000e+00
0.000000000000000000e+00
0.000000000000000000e+00
0.000000000000000000e+00
0.000000000000000000e+00
0.000000000000000000e+00
0.000000000000000000e+00
0.000000000000000000e+00
0.000000000000000000e+00
0.000000000000000000e+00
