1.056032981064548126e+00 1.471228273809049271e-19 0.000000000000000000e+00 1.014193881146749351e-18 1.690512922724880917e-18 2.956095525061726751e-20
1.175443983510534363e+00 1.320722025093860710e-19 0.000000000000000000e+00 9.084535619131678576e-19 1.510639090398242110e-18 3.267209999010608418e-20
1.308357393325258133e+00 1.185180370035392879e-19 0.000000000000000000e+00 8.113238806090627365e-19 1.330487618433533806e-18 3.595114242234767382e-20
1.456299996156748877e+00 1.063654428459804291e-19 0.000000000000000000e+00 7.249589569326734978e-19 1.205313815452048229e-18 3.940896824348110972e-20
1.620971219045888478e+00 9.538585848702235738e-20 0.000000000000000000e+00 6.476081792194404909e-19 1.073983212263843583e-18 4.300853418865840156e-20
1.804262651863866251e+00 8.558238145201439152e-20 0.000000000000000000e+00 5.783927978779409865e-19 9.567541515139176286e-19 4.676018774414331713e-20
2.008279776137516404e+00 7.679836461977215022e-20 0.000000000000000000e+00 5.160608528609569145e-19 8.514118864884593045e-19 5.061209998348149398e-20
2.235366150863083323e+00 6.889758468495729220e-20 0.000000000000000000e+00 4.593218033313362241e-19 7.565889232497009400e-19 5.454629811357571415e-20
2.488130333132567262e+00 6.182290071147882491e-20 0.000000000000000000e+00 4.090147558001597716e-19 6.716116872627101465e-19 5.853385384574397639e-20
2.769475842811750965e+00 5.540816230700598050e-20 0.000000000000000000e+00 3.638349679711892846e-19 5.945227832256490736e-19 6.250544228780790176e-20
3.082634515476230241e+00 4.969552510089987500e-20 0.000000000000000000e+00 3.232918773063662189e-19 5.260778150951979044e-19 6.643126166890913267e-20
3.431203626733101864e+00 4.453615155319837492e-20 0.000000000000000000e+00 2.868477015017318515e-19 4.645252448475786022e-19 7.023965788868281669e-20
3.819187214377767425e+00 3.990267771379073527e-20 0.000000000000000000e+00 2.546055741733378671e-19 4.091207502933654336e-19 7.386046877888496599e-20
4.251042073056519932e+00 3.571791165862649484e-20 0.000000000000000000e+00 2.250369098928263345e-19 3.594397670512938403e-19 7.723699120163547536e-20
4.731728949778890581e+00 3.201239245785733623e-20 0.000000000000000000e+00 1.989050422560857869e-19 3.149788960985231257e-19 8.026827278850057518e-20
5.266769528365972342e+00 2.864998511952976127e-20 0.000000000000000000e+00 1.755273894395837291e-19 2.751026561385901405e-19 8.288551517182638597e-20
5.862309857419115922e+00 2.561890432104912999e-20 0.000000000000000000e+00 1.546346187361060036e-19 2.394468393784869503e-19 8.501011039717581557e-20
6.525190950410857837e+00 2.292681232456905114e-20 0.000000000000000000e+00 1.360267715792201291e-19 2.076147396969664511e-19 8.649653491539833600e-20
7.263027368885755841e+00 2.050398713136702108e-20 0.000000000000000000e+00 1.193971649416591095e-19 1.792850759404425771e-19 8.749413886149528292e-20
8.084294691462201143e+00 1.832141876418233848e-20 0.000000000000000000e+00 1.045812661390763021e-19 1.540441536996875864e-19 8.771738767895701902e-20
8.998426873397548320e+00 1.636996340530117099e-20 0.000000000000000000e+00 9.138527230875948051e-20 1.316568561137032356e-19 8.720604289932549661e-20
1.001592461509324039e+01 1.463219215908423304e-20 0.000000000000000000e+00 7.970597268128132441e-20 1.118553599040765136e-19 8.592806832220892492e-20
1.114847598437533449e+01 1.305820830892975364e-20 0.000000000000000000e+00 6.932843384989404156e-20 9.441356657370188850e-20 8.386683403060731260e-20
1.240909067814867583e+01 1.164791450899709272e-20 0.000000000000000000e+00 6.012699432212571160e-20 7.909977005309521106e-20 8.104895665340754988e-20
1.381224946569640366e+01 1.039541907749435909e-20 0.000000000000000000e+00 5.200742910694373044e-20 6.574291557318202739e-20 7.751233303734239471e-20
1.537407053029052229e+01 9.267098688385550549e-21 0.000000000000000000e+00 4.485388903614925033e-20 5.416313770603266710e-20 7.331452341315536832e-20
1.711249461989307719e+01 8.249302721912458181e-21 0.000000000000000000e+00 3.856471163648763334e-20 4.418916083881618386e-20 6.856129458609021819e-20
1.904749113378321468e+01 7.335670629227722280e-21 0.000000000000000000e+00 3.305594200681905622e-20 3.568485656267918557e-20 6.335134056678313582e-20
2.120128751244688203e+01 6.514948811112642318e-21 0.000000000000000000e+00 2.824646632297666303e-20 2.849874875466190565e-20 5.781677102545001597e-20
2.359862456574094125e+01 5.783918772761418065e-21 0.000000000000000000e+00 2.405858435441612502e-20 2.249711963710204712e-20 5.209844660568969006e-20
2.626704067231091244e+01 5.127688367061227904e-21 0.000000000000000000e+00 2.042286115195851567e-20 1.753694243973717956e-20 4.635449950567406877e-20
2.923718811487309566e+01 4.540337459837111736e-21 0.000000000000000000e+00 1.727567334044631958e-20 1.349678825608647271e-20 4.070311216092405667e-20
3.254318518513449021e+01 4.018806582797012128e-21 0.000000000000000000e+00 1.456123094118958780e-20 1.025139498525352632e-20 3.529076915257021436e-20
3.622300810299908846e+01 3.544298435131376314e-21 0.000000000000000000e+00 1.222338836266940379e-20 7.685068295316085267e-21 3.022129349407898608e-20
4.031892725206589034e+01 3.131774392028381158e-21 0.000000000000000000e+00 1.024530616854833287e-20 5.679237486606342767e-21 2.557915932353652229e-20
4.487799274248540371e+01 2.761205302705587486e-21 0.000000000000000000e+00 8.517655047040992658e-21 4.156526500084805522e-21 2.142155145077638862e-20
4.995257487887015913e+01 2.427400882391597551e-21 0.000000000000000000e+00 7.060244619576937162e-21 3.002747763941711984e-21 1.776573700284616638e-20
5.560096574165519456e+01 2.133183560022348058e-21 0.000000000000000000e+00 5.833890729557671982e-21 2.145065698555056302e-21 1.461550565039231936e-20
6.188804879230252709e+01 1.865748954506446827e-21 0.000000000000000000e+00 4.789879310610198742e-21 1.515087259806643224e-21 1.193103859619493376e-20
6.888604419417499969e+01 1.627469383571993944e-21 0.000000000000000000e+00 3.927441695946424656e-21 1.057363972661125554e-21 9.669961355851186268e-21
7.667533841060405564e+01 1.418771596206125951e-21 0.000000000000000000e+00 3.198918874673325925e-21 7.280986460870287461e-22 7.786285756979945881e-21
8.534540760983165342e+01 1.232534602106419506e-21 0.000000000000000000e+00 2.593278760944882776e-21 4.935501324321691457e-22 6.229169813250333882e-21
9.499584548401358575e+01 1.067455329627088819e-21 0.000000000000000000e+00 2.092085342496481958e-21 3.283032828432011994e-22 4.947280575445320762e-21
1.057375072889466310e+02 9.214280251455870573e-22 0.000000000000000000e+00 1.678894857830301548e-21 2.137087386471636635e-22 3.881953946538482835e-21
1.176937832461472624e+02 7.940191556165700425e-22 0.000000000000000000e+00 1.340263161258965525e-21 1.359349329809229894e-22 3.000491108537558602e-21
1.310020159349736844e+02 6.805403994417820235e-22 0.000000000000000000e+00 1.064800424003314793e-21 8.454920081610970377e-23 2.286579382986597455e-21
1.458150779564580262e+02 5.813693542233496526e-22 0.000000000000000000e+00 8.409377578984096560e-22 5.170170286057162071e-23 1.730949879407817065e-21
1.623031279915676635e+02 4.942984000116753596e-22 0.000000000000000000e+00 6.601480761177841967e-22 3.114576332598308835e-23 1.309356509284720785e-21
1.806555654259147161e+02 4.186950987591196750e-22 0.000000000000000000e+00 5.155415635593942961e-22 1.865493628615668154e-23 9.928875525892667119e-22
2.010832059937378347e+02 3.527150577716547341e-22 0.000000000000000000e+00 4.002674335065667576e-22 1.108077021781099877e-23 7.549342097160206559e-22
2.238207034330328042e+02 2.950576945301245383e-22 0.000000000000000000e+00 3.086467310726634648e-22 6.481226146077746802e-24 5.749694121934361095e-22
2.491292449694543905e+02 2.457557624514476831e-22 0.000000000000000000e+00 2.363855237064492934e-22 3.709951804856653769e-24 4.381662932000406721e-22
2.772995515922919481e+02 2.033310999852197842e-22 0.000000000000000000e+00 1.797465747008012566e-22 2.080744121617493561e-24 3.344035499467684686e-22
3.086552175868076802e+02 1.669628118815790195e-22 0.000000000000000000e+00 1.357124169870513455e-22 1.153823588248529135e-24 2.568499652760112160e-22
3.435564276845046834e+02 1.363940745952371641e-22 0.000000000000000000e+00 1.016419210469536156e-22 6.348240635573582987e-25 1.992860415361332568e-22
3.824040945302937757e+02 1.104644290720598858e-22 0.000000000000000000e+00 7.550510905319446640e-23 3.445786851063189925e-25 1.561209075489993369e-22
4.256444639942141634e+02 8.871134605890467233e-23 0.000000000000000000e+00 5.559803666118707293e-23 1.838735593799966211e-25 1.232780539170630383e-22
4.737742412289155709e+02 7.061162742865616590e-23 0.000000000000000000e+00 4.050518460351324091e-23 9.703851426779790028e-26 9.817067583769474742e-23
5.273462963565856398e+02 5.566482882271406939e-23 0.000000000000000000e+00 2.930030010414465216e-23 5.067843534564019969e-26 7.881578188448638839e-23
5.869760153267689020e+02 4.343012738350622383e-23 0.000000000000000000e+00 2.094173875592352408e-23 2.611896849973318882e-26 6.362198851757553505e-23
6.533483688978308237e+02 3.350861736656716854e-23 0.000000000000000000e+00 1.482545737632583660e-23 1.331095459972729345e-26 5.154918375557725468e-23
7.272257809440862957e+02 2.555305531138493819e-23 0.000000000000000000e+00 1.033861479957543839e-23 6.708583124769367294e-27 4.184069106234387198e-23
8.094568864722074295e+02 1.924017107548094165e-23 0.000000000000000000e+00 7.131349866881261226e-24 3.346046607537483521e-27 3.394363031615175513e-23
9.009862799510120794e+02 1.429467604850459105e-23 0.000000000000000000e+00 4.851763030838070402e-24 1.647627672220309569e-27 2.746455625388592062e-23
1.002865365934268880e+03 1.047157629811273445e-23 0.000000000000000000e+00 3.254229973603362754e-24 8.032557058478841929e-28 2.211714301513687105e-23
1.116264436618460877e+03 7.557976183014317666e-24 0.000000000000000000e+00 2.149521351772381394e-24 3.875798398602537214e-28 1.769064989563584987e-23
1.242486115071199492e+03 5.370778577820804352e-24 0.000000000000000000e+00 1.396999173712060582e-24 1.849418083672258277e-28 1.403074188986917742e-23
1.382980318553656389e+03 3.753585438119857037e-24 0.000000000000000000e+00 8.926936843263927759e-25 8.728807721915648499e-29 1.101909696353608366e-23
1.539360913821697523e+03 2.579408585232697000e-24 0.000000000000000000e+00 5.603112480582965917e-25 4.072352849359936794e-29 8.553804446332204227e-24
1.713424255726343517e+03 1.743120627651747145e-24 0.000000000000000000e+00 3.450935568667850503e-25 1.878345106398757107e-29 6.555268429248182567e-24
1.907169822067742189e+03 1.156639577921742239e-24 0.000000000000000000e+00 2.083892095277895963e-25 8.562097727891359243e-30 4.953919011764027723e-24
2.122823181736748211e+03 7.516657823963555221e-25 0.000000000000000000e+00 1.231199563871928634e-25 3.854560607197587854e-30 3.684919075930558324e-24
2.362861559980607581e+03 4.820948746581168509e-25 0.000000000000000000e+00 7.143133579683428049e-26 1.713192698952052806e-30 2.701102673767027951e-24
2.630042294462951304e+03 3.030079873848833025e-25 0.000000000000000000e+00 4.051709227044884786e-26 7.512992897008303362e-31 1.946066835775515028e-24
2.927434508994474982e+03 1.871642673195053501e-25 0.000000000000000000e+00 2.249036429289398297e-26 3.248979192483032343e-31 1.378188549614162470e-24
3.258454368773508122e+03 1.137091079956267648e-25 0.000000000000000000e+00 1.222065956942968033e-26 1.386542076818857659e-31 9.592484282311435628e-25
3.626904322114499791e+03 6.802818937141883596e-26 0.000000000000000000e+00 6.499774910417462948e-27 5.814464768960208725e-32 6.560812764180103881e-25
4.037016779438275080e+03 4.013700964696129819e-26 0.000000000000000000e+00 3.389668376281169845e-27 2.403328608382468442e-32 4.412254406986529001e-25
4.493502731267226409e+03 2.338575797955438061e-26 0.000000000000000000e+00 1.735101574818117114e-27 9.778085555076500373e-33 2.919589690249029171e-25
5.001605863702974602e+03 1.348143162401448538e-26 0.000000000000000000e+00 8.731314431942290044e-28 3.913186643619480339e-33 1.903474090706802970e-25
5.567162793016338583e+03 7.699934013611397742e-27 0.000000000000000000e+00 4.328314809263235097e-28 1.540727878758937304e-33 1.222741408640741814e-25
6.196670111266974345e+03 4.361972118536541321e-27 0.000000000000000000e+00 2.117317674867886370e-28 5.968162265841199800e-34 7.758708146458551556e-26
6.897359013111165041e+03 2.453141333410450387e-27 0.000000000000000000e+00 1.024205855255861781e-28 2.275223852188478536e-34 4.866547186788905180e-26
7.677278361042189317e+03 1.369949492115821855e-27 0.000000000000000000e+00 4.894833291382871244e-29 8.540521859599241604e-35 3.021429588086516406e-26
8.545387143236317570e+03 7.595632112423569866e-28 0.000000000000000000e+00 2.325738640739268280e-29 3.154644707251765820e-35 1.858673411294124920e-26
9.511657386079081334e+03 4.179188018657796340e-28 0.000000000000000000e+00 1.095093640212128663e-29 1.148705617711076896e-35 1.133365765306547147e-26
1.058718870352829254e+04 2.280927687435878258e-28 0.000000000000000000e+00 5.095246271624795557e-30 4.126946064311292182e-36 6.854139990128092522e-27
1.178433579916051713e+04 1.234392151099843393e-28 0.000000000000000000e+00 2.352741432531615849e-30 1.462631466630230144e-36 4.123890522680383134e-27
1.311685038551288017e+04 6.621836144087521245e-29 0.000000000000000000e+00 1.076447471216749406e-30 5.118026663119608724e-37 2.457759810939592072e-27
1.460003915097147365e+04 3.520369367489220126e-29 0.000000000000000000e+00 4.880782426480548247e-31 1.770341364792152189e-37 1.452986995411066060e-27
1.625093958876844590e+04 1.855538402254299340e-29 0.000000000000000000e+00 2.192979002328612930e-31 6.059447009814565037e-38 8.493635423915930457e-28
1.808851570786662342e+04 9.697914594589530691e-30 0.000000000000000000e+00 9.770506450541181093e-32 2.057274533454768360e-38 4.950422609729076516e-28
2.013387587385212828e+04 5.026671332928268420e-30 0.000000000000000000e+00 4.315960754697554397e-32 6.935866304013781759e-39 2.864391714129292007e-28
2.241051528221264743e+04 2.584962313275835245e-30 0.000000000000000000e+00 1.889895657394927716e-32 2.320947330682475308e-39 1.646536952673266869e-28
2.494458584929090648e+04 1.319306073176760367e-30 0.000000000000000000e+00 8.053911658593015404e-33 7.685069179740201216e-40 9.405288805081899851e-29
2.776519662118276028e+04 6.684423727544904147e-31 0.000000000000000000e+00 3.531786619253156883e-33 2.517032939733313496e-40 5.342960009168447958e-29
3.090474815138586200e+04 3.362517020466584688e-31 0.000000000000000000e+00 1.503454459984309297e-33 8.096891226427534317e-41 3.016483907660255638e-29
3.439930468822552211e+04 1.680227646084480498e-31 0.000000000000000000e+00 6.350834718780112464e-34 2.575600825291022037e-41 1.694495271476610886e-29
3.828900844740607135e+04 8.340900511819070429e-32 0.000000000000000000e+00 2.659432305873094081e-34 8.079128878901477335e-42 9.471215542131966399e-30
4.261854072845193878e+04 4.108692762594854333e-32 0.000000000000000000e+00 1.106063376609816381e-34 2.497914873543318534e-42 5.263803932420678668e-30
4.743763517192281142e+04 2.013548150791473278e-32 0.000000000000000000e+00 4.559593116697547031e-35 7.609068389847665839e-43 2.911302970184234428e-30
