1.056032981064548126e+00 7.834349867983013391e+07 2.508396108421362403e-01 1.462338290005660951e+08 8.508055462367126020e+05 1.757732772820633545e+04
1.175443983510534363e+00 7.832109241958878934e+07 2.508396108421362403e-01 1.394068719102128148e+08 7.509122746358946897e+05 1.744813132397582740e+04
1.308357393325258133e+00 7.829330591867777705e+07 2.508396108421362403e-01 1.311926486791764498e+08 6.410122261936445720e+05 1.710437825707656521e+04
1.456299996156748877e+00 7.825882850162050128e+07 2.508396108421362403e-01 1.220493141160640419e+08 5.297388158114715479e+05 1.655708978124181522e+04
1.620971219045888478e+00 7.821616579601952434e+07 2.508396108421362403e-01 1.125087543836941123e+08 4.261593757250650669e+05 1.584276170234515303e+04
1.804262651863866251e+00 7.816332949415791035e+07 2.508396108421362403e-01 1.031292528963912725e+08 3.361955306344803539e+05 1.500943983748953906e+04
2.008279776137516404e+00 7.809792547451923788e+07 2.508396108421362403e-01 9.435209884741383791e+07 2.624470507773649297e+05 1.411523127332300282e+04
2.235366150863083323e+00 7.801694904681475461e+07 2.508396108421362403e-01 8.638868254765434563e+07 2.044373583924135601e+05 1.322048040544437208e+04
2.488130333132567262e+00 7.791673885051390529e+07 2.508396108421362403e-01 7.913068503852856159e+07 1.593853457259237475e+05 1.237228205538289512e+04
2.769475842811750965e+00 7.779281293137311935e+07 2.508396108421362403e-01 7.220242080722662807e+07 1.235860721639550175e+05 1.159430483840599118e+04
3.082634515476230241e+00 7.763965634640493989e+07 2.508396108421362403e-01 6.517849181153176725e+07 9.427506353672374098e+04 1.088894233018917839e+04
3.431203626733101864e+00 7.745045673437599838e+07 2.508396108421362403e-01 5.788366202640731633e+07 7.002734872332261875e+04 1.020323157295036435e+04
3.819187214377767425e+00 7.721688336157867312e+07 2.508396108421362403e-01 5.060569345445991307e+07 5.034232546239711519e+04 9.515720590385610194e+03
4.251042073056519932e+00 7.692874136770039797e+07 2.508396108421362403e-01 4.385018368990399688e+07 3.531817638115588488e+04 8.833570267842609610e+03
4.731728949778890581e+00 7.657362399884533882e+07 2.508396108421362403e-01 3.794096454547019303e+07 2.436447533007672610e+04 8.181610942544691170e+03
5.266769528365972342e+00 7.613667345146247745e+07 2.508396108421362403e-01 3.268425557744766399e+07 1.660850848229201802e+04 7.585277863321656696e+03
5.862309857419115922e+00 7.559974727574791014e+07 2.508396108421362403e-01 2.785247796141115576e+07 1.125338840321806492e+04 7.042211406419088235e+03
6.525190950410857837e+00 7.494149842400310934e+07 2.508396108421362403e-01 2.366568625212920085e+07 7.569081728881310482e+03 6.560473692593238411e+03
7.263027368885755841e+00 7.413618968779326975e+07 2.508396108421362403e-01 1.998120407970778644e+07 5.037591591132873873e+03 6.132379837017086174e+03
8.084294691462201143e+00 7.315347757039543986e+07 2.508396108421362403e-01 1.666494345397187583e+07 3.281579180123868355e+03 5.745494446969713863e+03
8.998426873397548320e+00 7.195925596953965724e+07 2.508396108421362403e-01 1.380337136888690107e+07 2.117811806341136162e+03 5.383297867068789856e+03
1.001592461509324039e+01 7.051471813187816739e+07 2.508396108421362403e-01 1.139032501185006648e+07 1.368905185792283646e+03 5.058747246739299044e+03
1.114847598437533449e+01 6.877663424699862301e+07 2.508396108421362403e-01 9.312720155638370663e+06 8.849041317408799614e+02 4.774129364808617538e+03
1.240909067814867583e+01 6.669937577028973401e+07 2.508396108421362403e-01 7.553024185781989247e+06 5.689311972580893553e+02 4.516636016274559552e+03
1.381224946569640366e+01 6.423695164926370233e+07 2.508396108421362403e-01 6.068535012335036881e+06 3.642222415120895107e+02 4.274294768572151952e+03
1.537407053029052229e+01 6.134761580272332579e+07 2.508396108421362403e-01 4.842092653008503839e+06 2.352755995982053605e+02 4.049134149538021575e+03
1.711249461989307719e+01 5.799812889844825864e+07 2.508396108421362403e-01 3.829106646757977549e+06 1.536235809099023584e+02 3.840086214026117887e+03
1.904749113378321468e+01 5.417181203593564779e+07 2.508396108421362403e-01 2.990638140189319849e+06 1.014279531265446508e+02 3.636910423494443421e+03
2.120128751244688203e+01 4.987630360239910334e+07 2.508396108421362403e-01 2.311245872402704787e+06 6.832924467498149568e+01 3.435142540147888667e+03
2.359862456574094125e+01 4.515244356153346598e+07 2.508396108421362403e-01 1.764425719656008063e+06 4.734178877683166320e+01 3.233066159773210984e+03
2.626704067231091244e+01 4.008285617690820992e+07 2.508396108421362403e-01 1.328965852584669832e+06 3.389454711193130265e+01 3.026292703417812845e+03
2.923718811487309566e+01 3.479172546084788442e+07 2.508396108421362403e-01 9.860698825216738041e+05 2.520708994920832424e+01 2.812124897879837135e+03
3.254318518513449021e+01 2.944585585603832081e+07 2.508396108421362403e-01 7.200648971088798717e+05 1.948431909759800718e+01 2.589961221517220565e+03
3.622300810299908846e+01 2.424113201487324387e+07 2.508396108421362403e-01 5.164853500499854563e+05 1.559024351213662030e+01 1.925080346092850505e+03
4.031892725206589034e+01 1.933157783027991280e+07 2.508396108421362403e-01 3.638983588746422320e+05 1.285444870472928258e+01 2.122593048699497558e+03
4.487799274248540371e+01 1.497307502983782440e+07 2.508396108421362403e-01 2.514322930256563122e+05 1.081215714231407077e+01 1.882928792351797711e+03
4.995257487887015913e+01 1.121545684297191165e+07 2.508396108421362403e-01 1.706273536747987673e+05 9.192527753003322033e+00 1.645181164316565628e+03
5.560096574165519456e+01 8.135985095812589861e+06 2.508396108421362403e-01 1.135809862062677421e+05 7.825983369967056902e+00 1.415079054474850636e+03
6.188804879230252709e+01 5.724552298597468063e+06 2.508396108421362403e-01 7.437254507847258355e+04 6.622206113701412100e+00 1.198183966478952470e+03
6.888604419417499969e+01 3.918580269128973596e+06 2.508396108421362403e-01 4.799799565846172482e+04 5.536897520942519080e+00 9.994439632122370085e+02
7.667533841060405564e+01 2.620027354347947985e+06 2.508396108421362403e-01 3.065078979657704258e+04 4.554042696207551977e+00 8.223689604693603314e+02
8.534540760983165342e+01 1.720889196156178601e+06 2.508396108421362403e-01 1.940915825922554723e+04 3.674227538778132907e+00 6.686919095227115122e+02
9.499584548401358575e+01 1.117239380619340343e+06 2.508396108421362403e-01 1.224370926486240205e+04 2.901112304178888213e+00 5.400807118812419958e+02
1.057375072889466310e+02 7.171287724782089936e+05 2.508396108421362403e-01 7.724734298749465779e+03 2.249033156264527822e+00 4.324627217564427042e+02
1.176937832461472624e+02 4.592105034168491256e+05 2.508396108421362403e-01 4.892351447428749452e+03 1.711128671847846006e+00 3.448031932201488985e+02
1.310020159349736844e+02 2.931078782099648379e+05 2.508396108421362403e-01 3.125310193097950105e+03 1.283137779607960383e+00 2.744242667601638459e+02
1.458150779564580262e+02 1.866003739884889510e+05 2.508396108421362403e-01 2.017656799270404008e+03 9.528316502244701391e-01 2.195906035634443754e+02
1.623031279915676635e+02 1.186070719495100639e+05 2.508396108421362403e-01 1.311858020563421860e+03 7.024305844618485839e-01 1.745234721257917272e+02
1.806555654259147161e+02 7.534971617589541711e+04 2.508396108421362403e-01 8.684126573890418967e+02 5.147265865747624458e-01 1.394742188635476623e+02
2.010832059937378347e+02 4.785022788613268494e+04 2.508396108421362403e-01 5.814614164166468981e+02 3.747613743764448557e-01 1.118185695399216684e+02
2.238207034330328042e+02 3.044459743620922745e+04 2.508396108421362403e-01 3.947509050865410813e+02 2.703101460049568971e-01 8.996869375518838297e+01
2.491292449694543905e+02 1.950154142457424678e+04 2.508396108421362403e-01 2.724420892290403344e+02 1.918059848641599785e-01 7.268582890940113828e+01
2.772995515922919481e+02 1.251788718609720127e+04 2.508396108421362403e-01 1.910477496755684967e+02 1.315951432872894955e-01 5.897083976006749850e+01
3.086552175868076802e+02 8.134087611861750702e+03 2.508396108421362403e-01 1.356771730447482582e+02 8.570655650502989609e-02 4.800366775093019811e+01
3.435564276845046834e+02 5.345129296545083889e+03 2.508396108421362403e-01 9.689350751011939167e+01 5.277461103813779059e-02 3.911357169772839626e+01
3.824040945302937757e+02 3.561247717642222142e+03 2.508396108421362403e-01 6.994796342126332434e+01 3.160671251513337554e-02 3.194581865679619881e+01
4.256444639942141634e+02 2.407272992152697952e+03 2.508396108421362403e-01 5.093143699130551028e+01 1.933907973098729707e-02 2.622095269075762403e+01
4.737742412289155709e+02 1.657384291251919421e+03 2.508396108421362403e-01 3.719443053015451994e+01 1.226538821857000791e-02 2.166638307713172651e+01
5.273462963565856398e+02 1.160928931558082468e+03 2.508396108421362403e-01 2.723849481537666151e+01 7.662472818594220220e-03 1.797851356509671561e+01
5.869760153267689020e+02 8.273135826036518665e+02 2.508396108421362403e-01 1.994614617013477087e+01 4.459299475194438388e-03 1.493706860891994026e+01
6.533483688978308237e+02 5.969861174453072863e+02 2.508396108421362403e-01 1.464190487039742194e+01 2.472887660106711915e-03 1.240798745501068900e+01
7.272257809440862957e+02 4.407867033580096177e+02 2.508396108421362403e-01 1.070961622936147428e+01 1.416611747095117236e-03 1.032575217302251325e+01
8.094568864722074295e+02 3.278590783034578067e+02 2.508396108421362403e-01 7.836916649388132150e+00 8.172007767042160486e-04 8.603314044107898795e+00
9.009862799510120794e+02 2.461331728432705575e+02 2.508396108421362403e-01 5.671894639148133521e+00 4.442558088729004710e-04 7.159386353158920357e+00
1.002865365934268880e+03 1.861158619274044668e+02 2.508396108421362403e-01 4.073287426979657511e+00 2.418640644396412049e-04 5.942768507637587128e+00
1.116264436618460877e+03 1.410968839839046041e+02 2.508396108421362403e-01 2.918361667133232640e+00 1.307169967611126538e-04 4.917291050534966068e+00
1.242486115071199492e+03 1.069066788700984461e+02 2.508396108421362403e-01 2.073695746380533667e+00 6.933325565787121095e-05 4.048709210352936516e+00
1.382980318553656389e+03 8.074379592171996478e+01 2.508396108421362403e-01 1.452210025287324680e+00 3.629338993589461513e-05 3.313692516212066064e+00
1.539360913821697523e+03 6.053383558286304833e+01 2.508396108421362403e-01 1.007161551221230633e+00 1.885960782994297060e-05 2.690539488708159510e+00
1.713424255726343517e+03 4.491978121126660994e+01 2.508396108421362403e-01 6.887192160164623544e-01 9.670615843561582186e-06 2.163648512913548316e+00
1.907169822067742189e+03 3.289153443058830817e+01 2.508396108421362403e-01 4.641393285026162996e-01 4.889453976817577656e-06 1.720560947504954141e+00
2.122823181736748211e+03 2.368226833828759226e+01 2.508396108421362403e-01 3.075999420675993301e-01 2.450420636202914550e-06 1.350488088117045349e+00
2.362861559980607581e+03 1.671677646360979352e+01 2.508396108421362403e-01 2.001839514664308650e-01 1.217979940730258337e-06 1.044588847116823649e+00
2.630042294462951304e+03 1.150571012824341821e+01 2.508396108421362403e-01 1.277367378015891453e-01 5.987396005209232027e-07 7.948414515606411213e-01
2.927434508994474982e+03 7.725097752278486496e+00 2.508396108421362403e-01 7.967809674475685722e-02 2.915282216485349278e-07 5.939187481078203046e-01
3.258454368773508122e+03 5.051777290506525908e+00 2.508396108421362403e-01 4.873929690225016487e-02 1.406636278435746094e-07 4.351427468980708646e-01
3.626904322114499791e+03 3.205920618798185906e+00 2.508396108421362403e-01 2.910304410444717119e-02 6.727150560344685138e-08 3.121249782138836304e-01
4.037016779438275080e+03 1.974203750439549099e+00 2.508396108421362403e-01 1.698430305842615895e-02 3.187136731727627682e-08 2.186493764033395348e-01
4.493502731267226409e+03 1.178931448298249807e+00 2.508396108421362403e-01 9.687486430361467310e-03 1.498391034521585609e-08 1.500636125275626176e-01
5.001605863702974602e+03 6.870342775634877830e-01 2.508396108421362403e-01 5.407198009859524868e-03 6.989361364070586198e-09 1.004890177373256172e-01
5.567162793016338583e+03 3.910646310430976325e-01 2.508396108421362403e-01 2.958839057185411788e-03 3.230299925071450081e-09 6.583568832168383567e-02
6.196670111266974345e+03 2.184112525760658619e-01 2.508396108421362403e-01 1.587112736449557268e-03 1.480611319094326570e-09 4.226114264035610302e-02
6.897359013111165041e+03 1.200997542837863863e-01 2.508396108421362403e-01 8.413075365020013675e-04 6.734464420383129762e-10 2.664774489084328207e-02
7.677278361042189317e+03 6.525929129123145267e-02 2.508396108421362403e-01 4.392060317174487452e-04 3.035453367363263483e-10 1.656508255785643646e-02
8.545387143236317570e+03 3.511722804310124513e-02 2.508396108421362403e-01 2.267158666806280080e-04 1.356396191887486339e-10 1.020633116700237972e-02
9.511657386079081334e+03 1.872181669437567031e-02 2.508396108421362403e-01 1.160263681964336863e-04 6.003181990665765899e-11 6.213719896946474051e-03
1.058718870352829254e+04 9.865758255319533390e-03 2.508396108421362403e-01 5.893721447955488634e-05 2.632319737336230604e-11 3.769939235905996489e-03
1.178433579916051713e+04 5.166342051442322607e-03 2.508396108421362403e-01 2.984384925823685010e-05 1.141953987968477573e-11 2.277526927870400942e-03
1.311685038551288017e+04 2.677438463660865211e-03 2.508396108421362403e-01 1.513628241102863656e-05 4.900384824292044594e-12 1.371268095001021078e-03
1.460003915097147365e+04 1.383183390220214934e-03 2.508396108421362403e-01 7.736738580818119216e-06 2.079257830785189854e-12 8.216808004164783026e-04
1.625093958876844590e+04 7.179885376815649863e-04 2.508396108421362403e-01 4.009063408361942798e-06 8.705451216295412947e-13 4.897461990251753515e-04
1.808851570786662342e+04 3.788536049846761926e-04 2.508396108421362403e-01 2.121263011434120156e-06 3.593721797782236071e-13 2.900641117433941938e-04
2.013387587385212828e+04 2.060593917218272303e-04 2.508396108421362403e-01 1.149934413745869891e-06 1.461243016146484482e-13 1.704558982058321606e-04
2.241051528221264743e+04 1.170795942506401728e-04 2.508396108421362403e-01 6.381329410186211046e-07 5.841360549462971088e-14 9.895713451511685399e-05
2.494458584929090648e+04 7.006430855221451180e-05 2.508396108421362403e-01 3.604262630801668000e-07 2.291058687226187600e-14 5.683564364704093936e-05
2.776519662118276028e+04 4.410429193829270992e-05 2.508396108421362403e-01 2.054354288468165075e-07 8.800400429046532126e-15 3.216269887795254067e-05
3.090474815138586200e+04 2.889754053953401581e-05 2.508396108421362403e-01 1.168959207263720494e-07 3.304068515973966265e-15 1.793032083038876827e-05
3.439930468822552211e+04 1.939287736112438489e-05 2.508396108421362403e-01 6.596901191735445651e-08 1.209224391218499554e-15 9.812659516647877906e-06
3.828900844740607135e+04 1.309343145686570964e-05 2.508396108421362403e-01 3.649853372666760154e-08 4.302995191658688804e-16 5.266832500688823143e-06
4.261854072845193878e+04 8.751479641367577710e-06 2.508396108421362403e-01 1.970136331300984757e-08 1.491712737089756669e-16 2.774229681559150207e-06
4.743763517192281142e+04 5.718297262031691287e-06 2.508396108421362403e-01 1.031468145232156039e-08 5.032410448268722130e-17 1.435289517287946129e-06
