1.056032981064548126e+00 2.036329574616936643e-18 0.000000000000000000e+00 1.100659402740237881e-16 3.082521192326045350e-16 7.119735178850264597e-18
1.175443983510534363e+00 2.036150187318754922e-18 0.000000000000000000e+00 1.049989352864881495e-16 2.812763746385252165e-16 8.011700694696822575e-18
1.308357393325258133e+00 2.035492281098042428e-18 0.000000000000000000e+00 9.961632462655281666e-17 2.553313186330779049e-16 8.982517814317589100e-18
1.456299996156748877e+00 2.034235880734606960e-18 0.000000000000000000e+00 9.384331074806534119e-17 2.310948206588959666e-16 1.003246778583734494e-17
1.620971219045888478e+00 2.032410148655615426e-18 0.000000000000000000e+00 8.792044244119883915e-17 2.086280242506074680e-16 1.116357079986304086e-17
1.804262651863866251e+00 2.030124839017859011e-18 0.000000000000000000e+00 8.206309514090624235e-17 1.882517771549266539e-16 1.238907810029185098e-17
2.008279776137516404e+00 2.027242569579963077e-18 0.000000000000000000e+00 7.647371329256021696e-17 1.697006386396991113e-16 1.369647283157454861e-17
2.235366150863083323e+00 2.023698881252047998e-18 0.000000000000000000e+00 7.100535623498424668e-17 1.530780066338324797e-16 1.510222558801930514e-17
2.488130333132567262e+00 2.019307009714137346e-18 0.000000000000000000e+00 6.563833067471549087e-17 1.380801473486021754e-16 1.660106691358742392e-17
2.769475842811750965e+00 2.013888700996387962e-18 0.000000000000000000e+00 6.048808877998034736e-17 1.246742667336731858e-16 1.818702685740245007e-17
3.082634515476230241e+00 2.007213382717884815e-18 0.000000000000000000e+00 5.560673998256771534e-17 1.127542731408787620e-16 1.985353593910655800e-17
3.431203626733101864e+00 1.998999114104715552e-18 0.000000000000000000e+00 5.097208608324939192e-17 1.020860723184690693e-16 2.158734208296720099e-17
3.819187214377767425e+00 1.988921174366560073e-18 0.000000000000000000e+00 4.660031400367480926e-17 9.259659149235922222e-17 2.336829603616291032e-17
4.251042073056519932e+00 1.976590331633707389e-18 0.000000000000000000e+00 4.248505155791759174e-17 8.418174666710307958e-17 2.517664821003563987e-17
4.731728949778890581e+00 1.961547873412454262e-18 0.000000000000000000e+00 3.864777079608307257e-17 7.669896438876383111e-17 2.705086435250411377e-17
5.266769528365972342e+00 1.943263592221102729e-18 0.000000000000000000e+00 3.512381743932250879e-17 7.003955206037958326e-17 2.874629152758456729e-17
5.862309857419115922e+00 1.921135241938338687e-18 0.000000000000000000e+00 3.176711813790758023e-17 6.394462565568589058e-17 3.042356902024377334e-17
6.525190950410857837e+00 1.894495511596572789e-18 0.000000000000000000e+00 2.862196270283902931e-17 5.846502182434340834e-17 3.196974247562084102e-17
7.263027368885755841e+00 1.862626029431284520e-18 0.000000000000000000e+00 2.592750692276188438e-17 5.334185653581226217e-17 3.332640554544919927e-17
8.084294691462201143e+00 1.824782137926802277e-18 0.000000000000000000e+00 2.331674121335613562e-17 4.848582002930713864e-17 3.442398759843643369e-17
8.998426873397548320e+00 1.780237347445060484e-18 0.000000000000000000e+00 2.092901511333878986e-17 4.382795711087644859e-17 3.521017810217151955e-17
1.001592461509324039e+01 1.728332001971253296e-18 0.000000000000000000e+00 1.883119234604845431e-17 3.926539122997845666e-17 3.561791298436659225e-17
1.114847598437533449e+01 1.668600534061113062e-18 0.000000000000000000e+00 1.671046342952059589e-17 3.483802100495918291e-17 3.560000822737595872e-17
1.240909067814867583e+01 1.600825896571799031e-18 0.000000000000000000e+00 1.486661140131004996e-17 3.050792523685839510e-17 3.511645240972838673e-17
1.381224946569640366e+01 1.525135408984429728e-18 0.000000000000000000e+00 1.316921969213341797e-17 2.631882729958824169e-17 3.415283376241128949e-17
1.537407053029052229e+01 1.442226374279371468e-18 0.000000000000000000e+00 1.162732543570446856e-17 2.236753896733173691e-17 3.272258932961627810e-17
1.711249461989307719e+01 1.353289540575998470e-18 0.000000000000000000e+00 1.022622728183747831e-17 1.870337735343050007e-17 3.085731220033712812e-17
1.904749113378321468e+01 1.259969542417935935e-18 0.000000000000000000e+00 8.963386594346501674e-18 1.537052637300840742e-17 2.863008078924523498e-17
2.120128751244688203e+01 1.164268550133160359e-18 0.000000000000000000e+00 7.829020099433379459e-18 1.242368968628913850e-17 2.613403846614633338e-17
2.359862456574094125e+01 1.068156826676509569e-18 0.000000000000000000e+00 6.816595691538711382e-18 9.881483592319617247e-18 2.347201470925796709e-17
2.626704067231091244e+01 9.734823883594917374e-19 0.000000000000000000e+00 5.917059945020903283e-18 7.742876025466591683e-18 2.076169994178588262e-17
2.923718811487309566e+01 8.820688096187974602e-19 0.000000000000000000e+00 5.118544408341893196e-18 5.974340964700293218e-18 1.810392472951722763e-17
3.254318518513449021e+01 7.952439760323288800e-19 0.000000000000000000e+00 4.410682541650631701e-18 4.548559004479615016e-18 1.558173856513963896e-17
3.622300810299908846e+01 7.149021855232862072e-19 0.000000000000000000e+00 3.788213385378202276e-18 3.418296053155530659e-18 1.326173697429962481e-17
4.031892725206589034e+01 6.400742850923460409e-19 0.000000000000000000e+00 3.237796595789930262e-18 2.537162178096651031e-18 1.117698833400254979e-17
4.487799274248540371e+01 5.710827069858240163e-19 0.000000000000000000e+00 2.756561111100424096e-18 1.859676478499071526e-18 9.343783184418004360e-18
4.995257487887015913e+01 5.094340556248259664e-19 0.000000000000000000e+00 2.333149055449844124e-18 1.345270287561408971e-18 7.749649043090679462e-18
5.560096574165519456e+01 4.532809588802869868e-19 0.000000000000000000e+00 1.965026519183095122e-18 9.594079035085335920e-19 6.378395116044143188e-18
6.188804879230252709e+01 4.030806686434925659e-19 0.000000000000000000e+00 1.647298432856449612e-18 6.733399091412522842e-19 5.205800857832169401e-18
6.888604419417499969e+01 3.579508914219934464e-19 0.000000000000000000e+00 1.373215469220133027e-18 4.639848412930614430e-19 4.202924621774614989e-18
7.667533841060405564e+01 3.175616008602282582e-19 0.000000000000000000e+00 1.138335566155704707e-18 3.133806283872292673e-19 3.354868003986949219e-18
8.534540760983165342e+01 2.811179932218196721e-19 0.000000000000000000e+00 9.389548449880823449e-19 2.074702942987597917e-19 2.648370054092822157e-18
9.499584548401358575e+01 2.486577497653680889e-19 0.000000000000000000e+00 7.704826847492826021e-19 1.347935072532380636e-19 2.071856864159933150e-18
1.057375072889466310e+02 2.196326407797118763e-19 0.000000000000000000e+00 6.292099309572743702e-19 8.596915654453060210e-20 1.606058063973893415e-18
1.176937832461472624e+02 1.937881164838886194e-19 0.000000000000000000e+00 5.109759554803297307e-19 5.372353284848815896e-20 1.230045000820280324e-18
1.310020159349736844e+02 1.707229744657529241e-19 0.000000000000000000e+00 4.124546070640772925e-19 3.289011388193425730e-20 9.312752945573309982e-19
1.458150779564580262e+02 1.499819525741028775e-19 0.000000000000000000e+00 3.312412830798181339e-19 1.981792158422778237e-20 7.018211134402448063e-19
1.623031279915676635e+02 1.315437312621266883e-19 0.000000000000000000e+00 2.642656273001114474e-19 1.182314036679314256e-20 5.299876716718882467e-19
1.806555654259147161e+02 1.152782227832258838e-19 0.000000000000000000e+00 2.094445673567904192e-19 6.995847905271894258e-21 4.014063682747025216e-19
2.010832059937378347e+02 1.005890844369181970e-19 0.000000000000000000e+00 1.651697908250887429e-19 4.090467676128470341e-21 3.042761489307920188e-19
2.238207034330328042e+02 8.755857895640376546e-20 0.000000000000000000e+00 1.292569244293577283e-19 2.344100099656168936e-21 2.312905494965653838e-19
2.491292449694543905e+02 7.587465930740316040e-20 0.000000000000000000e+00 1.004205937846979592e-19 1.314370418783582756e-21 1.758720043082780906e-19
2.772995515922919481e+02 6.547792795325454985e-20 0.000000000000000000e+00 7.744048463301456603e-20 7.281758647471008768e-22 1.345324745528247329e-19
3.086552175868076802e+02 5.620255353922341338e-20 0.000000000000000000e+00 5.922012966023715761e-20 4.000844318343109031e-22 1.041792773299243307e-19
3.435564276845046834e+02 4.790159666228493212e-20 0.000000000000000000e+00 4.489236058780564097e-20 2.168666486502617353e-22 8.147111091842661338e-20
3.824040945302937757e+02 4.050796662462969418e-20 0.000000000000000000e+00 3.371177523047149223e-20 1.159105964661199088e-22 6.439974920580265287e-20
4.256444639942141634e+02 3.393252374638938860e-20 0.000000000000000000e+00 2.504978791442598217e-20 6.109071420769255944e-23 5.140199006922583668e-20
4.737742412289155709e+02 2.811486987569263794e-20 0.000000000000000000e+00 1.841974047013858547e-20 3.187622836698894713e-23 4.144364231177282368e-20
5.273462963565856398e+02 2.300699792490267416e-20 0.000000000000000000e+00 1.337960520137836211e-20 1.642613582360573664e-23 3.369529303770170869e-20
5.869760153267689020e+02 1.856661756033714530e-20 0.000000000000000000e+00 9.594911871727844080e-21 8.369755096493550306e-24 2.754802977957341183e-20
6.533483688978308237e+02 1.475324251994763153e-20 0.000000000000000000e+00 6.786229135990060933e-21 4.221454494513547417e-24 2.258625752643217837e-20
7.272257809440862957e+02 1.153739308779449761e-20 0.000000000000000000e+00 4.731067622170528336e-21 2.100104221850895867e-24 1.852488483479407598e-20
8.094568864722074295e+02 8.847890569395180584e-21 0.000000000000000000e+00 3.244681126007106690e-21 1.034467542610734862e-24 1.515748873629645341e-20
9.009862799510120794e+02 6.667621498789117100e-21 0.000000000000000000e+00 2.188971490936384116e-21 5.041889483000857247e-25 1.233897740358649818e-20
1.002865365934268880e+03 4.922777027475481490e-21 0.000000000000000000e+00 1.451637063683503955e-21 2.430983480097989773e-25 9.967061677526408916e-21
1.116264436618460877e+03 3.561423594201264239e-21 0.000000000000000000e+00 9.448045862396692401e-22 1.159279053356371301e-25 7.970450656834499461e-21
1.242486115071199492e+03 2.523675337851629937e-21 0.000000000000000000e+00 6.032979881528834021e-22 5.464458666091028900e-26 6.299326158701837986e-21
1.382980318553656389e+03 1.750962123470422045e-21 0.000000000000000000e+00 3.776746170762324794e-22 2.547562068497946228e-26 4.911831716043431150e-21
1.539360913821697523e+03 1.189520779611444129e-21 0.000000000000000000e+00 2.303125686888973168e-22 1.173870369717186758e-26 3.773468903003462820e-21
1.713424255726343517e+03 7.914796062028986938e-22 0.000000000000000000e+00 1.391458534605125424e-22 5.343151229832667599e-27 2.853179212427365290e-21
1.907169822067742189e+03 5.160633461060662044e-22 0.000000000000000000e+00 8.183792025666939046e-23 2.402311808219070517e-27 2.121460406825292641e-21
2.122823181736748211e+03 3.299667881040769217e-22 0.000000000000000000e+00 4.710677294799272938e-23 1.066167260401060566e-27 1.550624084536151598e-21
2.362861559980607581e+03 2.070794833106428407e-22 0.000000000000000000e+00 2.654496684620375250e-23 4.669301434999039560e-28 1.113787468741504753e-21
2.630042294462951304e+03 1.277365952197040744e-22 0.000000000000000000e+00 1.464746732486746007e-23 2.015838526401866897e-28 7.856199208097691353e-22
2.927434508994474982e+03 7.754904989089605998e-23 0.000000000000000000e+00 7.917869115819539066e-24 8.576506383235620306e-29 5.447254598076252827e-22
3.258454368773508122e+03 4.640307776381557446e-23 0.000000000000000000e+00 4.194946778805483735e-24 3.594286668808087595e-29 3.713565215297355246e-22
3.626904322114499791e+03 2.741173300583984045e-23 0.000000000000000000e+00 2.180802272016136979e-24 1.483702636952372429e-29 2.490075404283394995e-22
4.037016779438275080e+03 1.604877303393682946e-23 0.000000000000000000e+00 1.113889678837015906e-24 6.024798320813331604e-30 1.643641829982600211e-22
4.493502731267226409e+03 9.255561595933783490e-24 0.000000000000000000e+00 5.597170809015842788e-25 2.410667198033496748e-30 1.069072914853705092e-22
5.001605863702974602e+03 5.302986843770501009e-24 0.000000000000000000e+00 2.772260521531232623e-25 9.464549251416792928e-31 6.859406924774049345e-23
5.567162793016338583e+03 3.014132513535622969e-24 0.000000000000000000e+00 1.355856503415205214e-25 3.661692082943568297e-31 4.346709163184102646e-23
6.196670111266974345e+03 1.699368343688120555e-24 0.000000000000000000e+00 6.557273054245241548e-26 1.394548081540000225e-31 2.724557948787940392e-23
6.897359013111165041e+03 9.513431276979546650e-25 0.000000000000000000e+00 3.139528148895606144e-26 5.228356592808112158e-32 1.690739925366483349e-23
7.677278361042189317e+03 5.284084692743422164e-25 0.000000000000000000e+00 1.489560425706257566e-26 1.931108442120627047e-32 1.039372196086190422e-23
8.545387143236317570e+03 2.910875955521225757e-25 0.000000000000000000e+00 7.002515106296047078e-27 7.031835928897816877e-33 6.334643484445853309e-24
9.511657386079081334e+03 1.590055973220698025e-25 0.000000000000000000e+00 3.262831797381649181e-27 2.525792877922624774e-33 3.827667279091454529e-24
1.058718870352829254e+04 8.607844006070633388e-26 0.000000000000000000e+00 1.506534476919512936e-27 8.954257324007872542e-34 2.296499926938636561e-24
1.178433579916051713e+04 4.618893174237832319e-26 0.000000000000000000e+00 6.892335944326997599e-28 3.135511670616897187e-34 1.367065310151218389e-24
1.311685038551288017e+04 2.458710131547080775e-26 0.000000000000000000e+00 3.124536409705620577e-28 1.085609488293363028e-34 8.072775112225941844e-25
1.460003915097147365e+04 1.300027399644186804e-26 0.000000000000000000e+00 1.403394457733739559e-28 3.719248680306196611e-35 4.734927017725315254e-25
1.625093958876844590e+04 6.770229185925286931e-27 0.000000000000000000e+00 6.313527847936993008e-29 1.262721189731924650e-35 2.757472747504544424e-25
1.808851570786662342e+04 3.507279078152596027e-27 0.000000000000000000e+00 2.759905626434599659e-29 4.256704194522783335e-36 1.595420830732533916e-25
2.013387587385212828e+04 1.803674907328837700e-27 0.000000000000000000e+00 1.208164025187174076e-29 1.424754125881766685e-36 9.167173978413091940e-26
2.241051528221264743e+04 9.203751848679715868e-28 0.000000000000000000e+00 5.245368617318103321e-30 4.723821062544629378e-37 5.232213489155873581e-26
2.494458584929090648e+04 4.662620083913771009e-28 0.000000000000000000e+00 2.254652394333148001e-30 1.547505984057758948e-37 2.969021662340674953e-26
2.776519662118276028e+04 2.345910496709257348e-28 0.000000000000000000e+00 9.611696430053817478e-31 5.004871332300531508e-38 1.675516012731702959e-26
3.090474815138586200e+04 1.171788254386387435e-28 0.000000000000000000e+00 4.062281992008447675e-31 1.597376793129266812e-38 9.406157078833816439e-27
3.439930468822552211e+04 5.819998376183639636e-29 0.000000000000000000e+00 1.701854076410597849e-31 5.030431053502255411e-39 5.253414406003334344e-27
3.828900844740607135e+04 2.871122249968977969e-29 0.000000000000000000e+00 7.069181234772802995e-32 1.561859320396757837e-39 2.919340599168898603e-27
4.261854072845193878e+04 1.406886712424008897e-29 0.000000000000000000e+00 2.917347228087526589e-32 4.779518785508334455e-40 1.614802978119941845e-27
4.743763517192281142e+04 6.843397012481966766e-30 0.000000000000000000e+00 1.194200040627338772e-32 1.441933216966877661e-40 8.882752498001313022e-28
