1.056032981064548126e+00 9.633115237017596778e-22 0.000000000000000000e+00 0.000000000000000000e+00 0.000000000000000000e+00 1.337441187239418759e-27
1.175443983510534363e+00 7.083797536735921194e-22 0.000000000000000000e+00 0.000000000000000000e+00 0.000000000000000000e+00 1.253089393209682005e-27
1.308357393325258133e+00 5.136282496502127794e-22 0.000000000000000000e+00 0.000000000000000000e+00 0.000000000000000000e+00 1.171945134879979036e-27
1.456299996156748877e+00 3.723877856581301567e-22 0.000000000000000000e+00 0.000000000000000000e+00 0.000000000000000000e+00 1.100412893001676789e-27
1.620971219045888478e+00 2.699011310225010106e-22 0.000000000000000000e+00 0.000000000000000000e+00 0.000000000000000000e+00 1.017712795862218615e-27
1.804262651863866251e+00 1.957148489807948840e-22 0.000000000000000000e+00 0.000000000000000000e+00 0.000000000000000000e+00 9.453443193908818377e-28
2.008279776137516404e+00 1.403706072650454436e-22 0.000000000000000000e+00 0.000000000000000000e+00 0.000000000000000000e+00 8.757144942378378733e-28
2.235366150863083323e+00 1.028597934632829250e-22 0.000000000000000000e+00 0.000000000000000000e+00 0.000000000000000000e+00 8.101666235126254027e-28
2.488130333132567262e+00 7.439626961681286115e-23 0.000000000000000000e+00 0.000000000000000000e+00 0.000000000000000000e+00 7.465215994005592944e-28
2.769475842811750965e+00 5.405774164948992528e-23 0.000000000000000000e+00 0.000000000000000000e+00 0.000000000000000000e+00 6.877856140729795103e-28
3.082634515476230241e+00 3.918401476666225381e-23 0.000000000000000000e+00 0.000000000000000000e+00 0.000000000000000000e+00 6.295613778435421485e-28
3.431203626733101864e+00 2.839923494775954451e-23 0.000000000000000000e+00 0.000000000000000000e+00 0.000000000000000000e+00 5.755324219239175928e-28
3.819187214377767425e+00 2.069133545466136591e-23 0.000000000000000000e+00 0.000000000000000000e+00 0.000000000000000000e+00 5.245390683409381122e-28
4.251042073056519932e+00 1.491803249842796166e-23 0.000000000000000000e+00 0.000000000000000000e+00 0.000000000000000000e+00 4.764772818389136472e-28
4.731728949778890581e+00 1.081158506245117464e-23 0.000000000000000000e+00 0.000000000000000000e+00 0.000000000000000000e+00 4.315295176998747776e-28
5.266769528365972342e+00 7.834959357480925321e-24 0.000000000000000000e+00 0.000000000000000000e+00 0.000000000000000000e+00 3.896161641551499353e-28
5.862309857419115922e+00 5.677320670732159024e-24 0.000000000000000000e+00 0.000000000000000000e+00 0.000000000000000000e+00 3.500543552587457377e-28
6.525190950410857837e+00 4.113446578894815778e-24 0.000000000000000000e+00 0.000000000000000000e+00 0.000000000000000000e+00 3.136006721387531736e-28
7.263027368885755841e+00 2.979891895907580430e-24 0.000000000000000000e+00 0.000000000000000000e+00 0.000000000000000000e+00 2.797937541685921539e-28
8.084294691462201143e+00 2.158927923249560883e-24 0.000000000000000000e+00 0.000000000000000000e+00 0.000000000000000000e+00 2.484273477686993794e-28
8.998426873397548320e+00 1.563592859765384725e-24 0.000000000000000000e+00 0.000000000000000000e+00 0.000000000000000000e+00 2.200477623229313920e-28
1.001592461509324039e+01 1.128410860419923761e-24 0.000000000000000000e+00 0.000000000000000000e+00 0.000000000000000000e+00 1.938868635414878813e-28
1.114847598437533449e+01 8.200638660607208948e-25 0.000000000000000000e+00 0.000000000000000000e+00 0.000000000000000000e+00 1.701116038537382398e-28
1.240909067814867583e+01 5.930163652889102979e-25 0.000000000000000000e+00 0.000000000000000000e+00 0.000000000000000000e+00 1.485490913419584785e-28
1.381224946569640366e+01 4.297808680334402019e-25 0.000000000000000000e+00 0.000000000000000000e+00 0.000000000000000000e+00 1.291782807100272854e-28
1.537407053029052229e+01 3.110072472722157911e-25 0.000000000000000000e+00 0.000000000000000000e+00 0.000000000000000000e+00 1.118471034544710212e-28
1.711249461989307719e+01 2.250407908360945098e-25 0.000000000000000000e+00 0.000000000000000000e+00 0.000000000000000000e+00 9.636808287059770679e-29
1.904749113378321468e+01 1.627931357158691190e-25 0.000000000000000000e+00 0.000000000000000000e+00 0.000000000000000000e+00 8.273396710539592761e-29
2.120128751244688203e+01 1.177299969958044949e-25 0.000000000000000000e+00 0.000000000000000000e+00 0.000000000000000000e+00 7.073235089206887712e-29
2.359862456574094125e+01 8.511144158647699570e-26 0.000000000000000000e+00 0.000000000000000000e+00 0.000000000000000000e+00 6.016426973374863884e-29
2.626704067231091244e+01 6.151565345449399662e-26 0.000000000000000000e+00 0.000000000000000000e+00 0.000000000000000000e+00 5.104683395406577205e-29
2.923718811487309566e+01 4.443384869182249304e-26 0.000000000000000000e+00 0.000000000000000000e+00 0.000000000000000000e+00 4.307296475988332299e-29
3.254318518513449021e+01 3.208523553179769107e-26 0.000000000000000000e+00 0.000000000000000000e+00 0.000000000000000000e+00 3.616606487691372994e-29
3.622300810299908846e+01 2.315784366452657194e-26 0.000000000000000000e+00 0.000000000000000000e+00 0.000000000000000000e+00 3.040079228365021052e-29
4.031892725206589034e+01 1.666107493035843008e-26 0.000000000000000000e+00 0.000000000000000000e+00 0.000000000000000000e+00 2.543588013800146547e-29
4.487799274248540371e+01 1.204188920411700365e-26 0.000000000000000000e+00 0.000000000000000000e+00 0.000000000000000000e+00 2.123904644673926528e-29
4.995257487887015913e+01 8.676038853217616186e-27 0.000000000000000000e+00 0.000000000000000000e+00 0.000000000000000000e+00 1.766714477791496374e-29
5.560096574165519456e+01 6.244252403746963935e-27 0.000000000000000000e+00 0.000000000000000000e+00 0.000000000000000000e+00 1.468407573231218765e-29
6.188804879230252709e+01 4.491554270079456623e-27 0.000000000000000000e+00 0.000000000000000000e+00 0.000000000000000000e+00 1.217660265101379126e-29
6.888604419417499969e+01 3.225256087038121608e-27 0.000000000000000000e+00 0.000000000000000000e+00 0.000000000000000000e+00 9.923497808839279361e-30
7.667533841060405564e+01 2.316243563516785201e-27 0.000000000000000000e+00 0.000000000000000000e+00 0.000000000000000000e+00 8.330611750833971094e-30
8.534540760983165342e+01 1.660336622266009488e-27 0.000000000000000000e+00 0.000000000000000000e+00 0.000000000000000000e+00 6.875873817686120972e-30
9.499584548401358575e+01 1.188537190497990042e-27 0.000000000000000000e+00 0.000000000000000000e+00 0.000000000000000000e+00 5.683356939630817782e-30
1.057375072889466310e+02 8.496337186826729057e-28 0.000000000000000000e+00 0.000000000000000000e+00 0.000000000000000000e+00 4.691816664419747869e-30
1.176937832461472624e+02 6.059760284607216244e-28 0.000000000000000000e+00 0.000000000000000000e+00 0.000000000000000000e+00 3.866019584259109297e-30
1.310020159349736844e+02 4.314509385337140225e-28 0.000000000000000000e+00 0.000000000000000000e+00 0.000000000000000000e+00 3.175041652053460790e-30
1.458150779564580262e+02 3.064632009962937891e-28 0.000000000000000000e+00 0.000000000000000000e+00 0.000000000000000000e+00 2.609720351754216136e-30
1.623031279915676635e+02 2.170879587199620586e-28 0.000000000000000000e+00 0.000000000000000000e+00 0.000000000000000000e+00 2.140868477101343769e-30
1.806555654259147161e+02 1.534253521403545816e-28 0.000000000000000000e+00 0.000000000000000000e+00 0.000000000000000000e+00 1.755051006044840324e-30
2.010832059937378347e+02 1.080429533759785442e-28 0.000000000000000000e+00 0.000000000000000000e+00 0.000000000000000000e+00 1.434460379236268908e-30
2.238207034330328042e+02 7.580315952984181705e-29 0.000000000000000000e+00 0.000000000000000000e+00 0.000000000000000000e+00 1.168773673822357406e-30
2.491292449694543905e+02 5.298241784880856307e-29 0.000000000000000000e+00 0.000000000000000000e+00 0.000000000000000000e+00 9.494678007080725932e-31
2.772995515922919481e+02 3.685507229788561574e-29 0.000000000000000000e+00 0.000000000000000000e+00 0.000000000000000000e+00 7.680149885554025685e-31
3.086552175868076802e+02 2.550526620266284747e-29 0.000000000000000000e+00 0.000000000000000000e+00 0.000000000000000000e+00 6.181630797883149884e-31
3.435564276845046834e+02 1.755523204239284240e-29 0.000000000000000000e+00 0.000000000000000000e+00 0.000000000000000000e+00 4.943637392992745392e-31
3.824040945302937757e+02 1.200847872723130092e-29 0.000000000000000000e+00 0.000000000000000000e+00 0.000000000000000000e+00 3.929314749884757688e-31
4.256444639942141634e+02 8.158101917049108348e-30 0.000000000000000000e+00 0.000000000000000000e+00 0.000000000000000000e+00 3.099525905235517319e-31
4.737742412289155709e+02 5.501484071623246289e-30 0.000000000000000000e+00 0.000000000000000000e+00 0.000000000000000000e+00 2.424800659533205617e-31
5.273462963565856398e+02 3.679063990470060205e-30 0.000000000000000000e+00 0.000000000000000000e+00 0.000000000000000000e+00 1.879933322494385969e-31
5.869760153267689020e+02 2.437507384549912151e-30 0.000000000000000000e+00 0.000000000000000000e+00 0.000000000000000000e+00 1.442287515782758095e-31
6.533483688978308237e+02 1.599565017607632446e-30 0.000000000000000000e+00 0.000000000000000000e+00 0.000000000000000000e+00 1.094416011002225151e-31
7.272257809440862957e+02 1.038877047532510904e-30 0.000000000000000000e+00 0.000000000000000000e+00 0.000000000000000000e+00 8.203654241794934693e-32
8.094568864722074295e+02 6.684267863610940107e-31 0.000000000000000000e+00 0.000000000000000000e+00 0.000000000000000000e+00 6.068712923447251112e-32
9.009862799510120794e+02 4.216805338662778062e-31 0.000000000000000000e+00 0.000000000000000000e+00 0.000000000000000000e+00 4.424613387282234647e-32
1.002865365934268880e+03 2.631773081115980472e-31 0.000000000000000000e+00 0.000000000000000000e+00 0.000000000000000000e+00 3.176350992800321432e-32
1.116264436618460877e+03 1.615225694855671177e-31 0.000000000000000000e+00 0.000000000000000000e+00 0.000000000000000000e+00 2.240673746913312639e-32
1.242486115071199492e+03 9.736930039326538391e-32 0.000000000000000000e+00 0.000000000000000000e+00 0.000000000000000000e+00 1.552551195770917278e-32
1.382980318553656389e+03 5.758393383543830013e-32 0.000000000000000000e+00 0.000000000000000000e+00 0.000000000000000000e+00 1.054595384153578687e-32
1.539360913821697523e+03 3.339366180527019954e-32 0.000000000000000000e+00 0.000000000000000000e+00 0.000000000000000000e+00 7.004644595800976624e-33
1.713424255726343517e+03 1.893747950103409208e-32 0.000000000000000000e+00 0.000000000000000000e+00 0.000000000000000000e+00 4.557587095164336193e-33
1.907169822067742189e+03 1.049790305907490765e-32 0.000000000000000000e+00 0.000000000000000000e+00 0.000000000000000000e+00 2.889656967447344075e-33
2.122823181736748211e+03 5.657227410414594658e-33 0.000000000000000000e+00 0.000000000000000000e+00 0.000000000000000000e+00 1.774560527420425834e-33
2.362861559980607581e+03 2.959876522681910086e-33 0.000000000000000000e+00 0.000000000000000000e+00 0.000000000000000000e+00 1.056631601920078807e-33
2.630042294462951304e+03 1.505173071725188111e-33 0.000000000000000000e+00 0.000000000000000000e+00 0.000000000000000000e+00 6.129827091992566018e-34
2.927434508994474982e+03 7.373367969076897464e-34 0.000000000000000000e+00 0.000000000000000000e+00 0.000000000000000000e+00 3.433483673587968915e-34
3.258454368773508122e+03 3.480340695912533543e-34 0.000000000000000000e+00 0.000000000000000000e+00 0.000000000000000000e+00 1.837657808441423409e-34
3.626904322114499791e+03 1.573610199638586459e-34 0.000000000000000000e+00 0.000000000000000000e+00 0.000000000000000000e+00 9.280371122809928634e-35
4.037016779438275080e+03 6.785511813800409142e-35 0.000000000000000000e+00 0.000000000000000000e+00 0.000000000000000000e+00 4.405140998343858501e-35
4.493502731267226409e+03 2.768958205702751866e-35 0.000000000000000000e+00 0.000000000000000000e+00 0.000000000000000000e+00 1.960761533382636161e-35
5.001605863702974602e+03 1.062651759311497104e-35 0.000000000000000000e+00 0.000000000000000000e+00 0.000000000000000000e+00 8.167394162583960105e-36
5.567162793016338583e+03 3.794132525438733432e-36 0.000000000000000000e+00 0.000000000000000000e+00 0.000000000000000000e+00 3.159975950901224172e-36
6.196670111266974345e+03 1.243725544112136264e-36 0.000000000000000000e+00 0.000000000000000000e+00 0.000000000000000000e+00 1.118168527359482415e-36
6.897359013111165041e+03 3.674708056543725560e-37 0.000000000000000000e+00 0.000000000000000000e+00 0.000000000000000000e+00 3.531287287864756593e-37
7.677278361042189317e+03 9.553633486745814873e-38 0.000000000000000000e+00 0.000000000000000000e+00 0.000000000000000000e+00 9.628714469754390946e-38
8.545387143236317570e+03 2.110215928662286573e-38 0.000000000000000000e+00 0.000000000000000000e+00 0.000000000000000000e+00 2.176900944217920873e-38
9.511657386079081334e+03 3.764986964416352387e-39 0.000000000000000000e+00 0.000000000000000000e+00 0.000000000000000000e+00 3.850881250687116408e-39
1.058718870352829254e+04 5.064820810463161668e-40 0.000000000000000000e+00 0.000000000000000000e+00 0.000000000000000000e+00 4.998281504127293404e-40
1.178433579916051713e+04 4.712304077807518833e-41 0.000000000000000000e+00 0.000000000000000000e+00 0.000000000000000000e+00 4.602759877482613223e-41
1.311685038551288017e+04 2.636113720686042622e-42 0.000000000000000000e+00 0.000000000000000000e+00 0.000000000000000000e+00 2.648884776264721032e-42
1.460003915097147365e+04 3.909451223815419078e-44 0.000000000000000000e+00 0.000000000000000000e+00 0.000000000000000000e+00 2.244863453187183485e-44
1.625093958876844590e+04 0.000000000000000000e+00 0.000000000000000000e+00 0.000000000000000000e+00 0.000000000000000000e+00 0.000000000000000000e+00
1.808851570786662342e+04 0.000000000000000000e+00 0.000000000000000000e+00 0.000000000000000000e+00 0.000000000000000000e+00 0.000000000000000000e+00
2.013387587385212828e+04 0.000000000000000000e+00 0.000000000000000000e+00 0.000000000000000000e+00 0.000000000000000000e+00 0.000000000000000000e+00
2.241051528221264743e+04 0.000000000000000000e+00 0.000000000000000000e+00 0.000000000000000000e+00 0.000000000000000000e+00 0.000000000000000000e+00
2.494458584929090648e+04 0.000000000000000000e+00 0.000000000000000000e+00 0.000000000000000000e+00 0.000000000000000000e+00 0.000000000000000000e+00
2.776519662118276028e+04 0.000000000000000000e+00 0.000000000000000000e+00 0.000000000000000000e+00 0.000000000000000000e+00 0.000000000000000000e+00
3.090474815138586200e+04 0.000000000000000000e+00 0.000000000000000000e+00 0.000000000000000000e+00 0.000000000000000000e+00 0.000000000000000000e+00
3.439930468822552211e+04 0.000000000000000000e+00 0.000000000000000000e+00 0.000000000000000000e+00 0.000000000000000000e+00 0.000000000000000000e+00
3.828900844740607135e+04 0.000000000000000000e+00 0.000000000000000000e+00 0.000000000000000000e+00 0.000000000000000000e+00 0.000000000000000000e+00
4.261854072845193878e+04 0.000000000000000000e+00 0.000000000000000000e+00 0.000000000000000000e+00 0.000000000000000000e+00 0.000000000000000000e+00
4.743763517192281142e+04 0.000000000000000000e+00 0.000000000000000000e+00 0.000000000000000000e+00 0.000000000000000000e+00 0.000000000000000000e+00
