1.056032981064548126e+00 0.000000000000000000e+00 0.000000000000000000e+00 0.000000000000000000e+00 0.000000000000000000e+00 0.000000000000000000e+00
1.175443983510534363e+00 0.000000000000000000e+00 0.000000000000000000e+00 0.000000000000000000e+00 0.000000000000000000e+00 0.000000000000000000e+00
1.308357393325258133e+00 0.000000000000000000e+00 0.000000000000000000e+00 0.000000000000000000e+00 0.000000000000000000e+00 0.000000000000000000e+00
1.456299996156748877e+00 0.000000000000000000e+00 0.000000000000000000e+00 0.000000000000000000e+00 0.000000000000000000e+00 0.000000000000000000e+00
1.620971219045888478e+00 0.000000000000000000e+00 0.000000000000000000e+00 0.000000000000000000e+00 0.000000000000000000e+00 0.000000000000000000e+00
1.804262651863866251e+00 0.000000000000000000e+00 0.000000000000000000e+00 0.000000000000000000e+00 0.000000000000000000e+00 0.000000000000000000e+00
2.008279776137516404e+00 0.000000000000000000e+00 0.000000000000000000e+00 0.000000000000000000e+00 0.000000000000000000e+00 0.000000000000000000e+00
2.235366150863083323e+00 0.000000000000000000e+00 0.000000000000000000e+00 0.000000000000000000e+00 0.000000000000000000e+00 0.000000000000000000e+00
2.488130333132567262e+00 1.713892801914071435e-22 0.000000000000000000e+00 7.491214796093430608e-21 4.036628616345727150e-21 1.100963406916524013e-19
2.769475842811750965e+00 2.384232932586596234e-22 0.000000000000000000e+00 1.178055799306868273e-20 7.875123594707144646e-21 2.040697096272136683e-19
3.082634515476230241e+00 2.603278451349223142e-22 0.000000000000000000e+00 1.443248242226680417e-20 1.195128193714112311e-20 2.891173412906569619e-19
3.431203626733101864e+00 2.665898087870253703e-22 0.000000000000000000e+00 1.645176386603747795e-20 1.678436344502037870e-20 3.741233411992873195e-19
3.819187214377767425e+00 2.681594548104583819e-22 0.000000000000000000e+00 1.830799136235434086e-20 2.286914014921552182e-20 4.660599526432248649e-19
4.251042073056519932e+00 2.682554093482590500e-22 0.000000000000000000e+00 2.015059660732157005e-20 3.053188627235224446e-20 5.630410265984784537e-19
4.731728949778890581e+00 2.682552492837220689e-22 0.000000000000000000e+00 2.213497550112450226e-20 4.053115322868571278e-20 6.768174479041214191e-19
5.266769528365972342e+00 2.682550510037058033e-22 0.000000000000000000e+00 2.428063889384345169e-20 5.358908410276506498e-20 8.121313223221527005e-19
5.862309857419115922e+00 2.682548053696323239e-22 0.000000000000000000e+00 2.659238532085166222e-20 7.053687725624705445e-20 9.732864634030055122e-19
6.525190950410857837e+00 2.682545010715187515e-22 0.000000000000000000e+00 2.907310090527586099e-20 9.238356319644377852e-20 1.164432957728120344e-18
7.263027368885755841e+00 2.682541240796312882e-22 0.000000000000000000e+00 3.172317763031357035e-20 1.203175500086281565e-19 1.390215722141992410e-18
8.084294691462201143e+00 2.682536569961769024e-22 0.000000000000000000e+00 3.453695356841100307e-20 1.557207827291783859e-19 1.653795947841617656e-18
8.998426873397548320e+00 2.682530782227229204e-22 0.000000000000000000e+00 3.750842147203633987e-20 2.001220785646692763e-19 1.962036176966081481e-18
1.001592461509324039e+01 2.682523610353623167e-22 0.000000000000000000e+00 4.062522236859829763e-20 2.552140702748026438e-19 2.320277809678273854e-18
1.114847598437533449e+01 2.682514721959805034e-22 0.000000000000000000e+00 4.386787577812445335e-20 3.226915600104788227e-19 2.729448064128335662e-18
1.240909067814867583e+01 2.682503705177221318e-22 0.000000000000000000e+00 4.721133569884348488e-20 4.041380469748448957e-19 3.195252909319186015e-18
1.381224946569640366e+01 2.682490054032270986e-22 0.000000000000000000e+00 5.062416495400511737e-20 5.008445999456071489e-19 3.723722424424355278e-18
1.537407053029052229e+01 2.682473142554871109e-22 0.000000000000000000e+00 5.406183820013696076e-20 6.135310935606886328e-19 4.311206562101390471e-18
1.711249461989307719e+01 2.682452193177587695e-22 0.000000000000000000e+00 5.747458539698975091e-20 7.419764214191654198e-19 4.954262722202343581e-18
1.904749113378321468e+01 2.682426241796063504e-22 0.000000000000000000e+00 6.079867317541987548e-20 8.846849281514909211e-19 5.654724047396959010e-18
2.120128751244688203e+01 2.682394095406166605e-22 0.000000000000000000e+00 6.396037106309929736e-20 1.038512985920729797e-18 6.402800272737000261e-18
2.359862456574094125e+01 2.682354275248845235e-22 0.000000000000000000e+00 6.687375177879604826e-20 1.198140341100293161e-18 7.180087444316743043e-18
2.626704067231091244e+01 2.682304950002427927e-22 0.000000000000000000e+00 6.943930894580907484e-20 1.355871300800535155e-18 7.956988140123575135e-18
2.923718811487309566e+01 2.682243849815668175e-22 0.000000000000000000e+00 7.154793403098253201e-20 1.501643890467684303e-18 8.723430772002454758e-18
3.254318518513449021e+01 2.682168162816954709e-22 0.000000000000000000e+00 7.308664604024845220e-20 1.623728471341243015e-18 9.439805981460375691e-18
3.622300810299908846e+01 2.682074406332564754e-22 0.000000000000000000e+00 7.393579626285536059e-20 1.709127880880833333e-18 1.004742290806976519e-17
4.031892725206589034e+01 2.681958259622332711e-22 0.000000000000000000e+00 7.398328343145222013e-20 1.745647884042492719e-18 1.052521848327841165e-17
4.487799274248540371e+01 2.681814366911043041e-22 0.000000000000000000e+00 7.313992064689631468e-20 1.724439589272003073e-18 1.082459011028462081e-17
4.995257487887015913e+01 2.681636098692077190e-22 0.000000000000000000e+00 7.135024565067158374e-20 1.642149557441089214e-18 1.088331080885274620e-17
5.560096574165519456e+01 2.681415228923738643e-22 0.000000000000000000e+00 6.861094858008308605e-20 1.502966572292578644e-18 1.068208270934727805e-17
6.188804879230252709e+01 2.681141541034866875e-22 0.000000000000000000e+00 6.499784253906636813e-20 1.319134950198577260e-18 1.020769292020857637e-17
6.888604419417499969e+01 2.680802395742830238e-22 0.000000000000000000e+00 6.067106608130670706e-20 1.109705009139442986e-18 9.466605369618744148e-18
7.667533841060405564e+01 2.680382120458260739e-22 0.000000000000000000e+00 5.588128516663528462e-20 8.962570241469323519e-19 8.513026400239760382e-18
8.534540760983165342e+01 2.679861554093038891e-22 0.000000000000000000e+00 5.094102326482884997e-20 6.983932272276139583e-19 7.424142391212892306e-18
9.499584548401358575e+01 2.679216856550074607e-22 0.000000000000000000e+00 4.617117663867344487e-20 5.297684907949753967e-19 6.289118812895551416e-18
1.057375072889466310e+02 2.678418487698809857e-22 0.000000000000000000e+00 4.185452177078711129e-20 3.966765291218792122e-19 5.215054669894046470e-18
1.176937832461472624e+02 2.677429949612944022e-22 0.000000000000000000e+00 3.815545770563869565e-20 2.982676215744992050e-19 4.286951161190188652e-18
1.310020159349736844e+02 2.676206084472028153e-22 0.000000000000000000e+00 3.502968641395911851e-20 2.282231439593836118e-19 3.543453250635708414e-18
1.458150779564580262e+02 2.674691060411168895e-22 0.000000000000000000e+00 3.222220276113521488e-20 1.773787574986455185e-19 2.989706459505375296e-18
1.623031279915676635e+02 2.672815923523086031e-22 0.000000000000000000e+00 2.933417390642071549e-20 1.367235766272545339e-19 2.576869030242717152e-18
1.806555654259147161e+02 2.670495508472734346e-22 0.000000000000000000e+00 2.603766844056344506e-20 1.008226797995844425e-19 2.220441311477423358e-18
2.010832059937378347e+02 2.667624678149625619e-22 0.000000000000000000e+00 2.236704754334774702e-20 6.952540444999310030e-20 1.836877375233263912e-18
2.238207034330328042e+02 2.664073791884683368e-22 0.000000000000000000e+00 1.880123620915625635e-20 4.511409985619477036e-20 1.421104602225136488e-18
2.491292449694543905e+02 2.659683284392805482e-22 0.000000000000000000e+00 1.594231128430283386e-20 2.848044790919598136e-20 1.050826075399214623e-18
2.772995515922919481e+02 2.654256947443189828e-22 0.000000000000000000e+00 1.387606661524595038e-20 1.804032014762669693e-20 7.766711261798043796e-19
3.086552175868076802e+02 2.647553694539970045e-22 0.000000000000000000e+00 1.204141157975678124e-20 1.144147862752695170e-20 5.942828000062755925e-19
3.435564276845046834e+02 2.639278081826694066e-22 0.000000000000000000e+00 1.007473475348622399e-20 7.061766485582533488e-21 4.512859454080759548e-19
3.824040945302937757e+02 2.629069930793826141e-22 0.000000000000000000e+00 8.327004229402657297e-21 4.288264683878779564e-21 3.283617224285277621e-19
4.256444639942141634e+02 2.616490276677635728e-22 0.000000000000000000e+00 6.987850549107587210e-21 2.613565970924879659e-21 2.413438920217198257e-19
4.737742412289155709e+02 2.601012012899445731e-22 0.000000000000000000e+00 5.809110781303997995e-21 1.546836824227310586e-21 1.806612478981462010e-19
5.273462963565856398e+02 2.582004954711134941e-22 0.000000000000000000e+00 4.749326918652536291e-21 8.703585937020279389e-22 1.292884254409849130e-19
5.869760153267689020e+02 2.558713729776911770e-22 0.000000000000000000e+00 3.891160739412322693e-21 4.908439318615859853e-22 9.060126069808676906e-20
6.533483688978308237e+02 2.530246470124702447e-22 0.000000000000000000e+00 3.164125550767188086e-21 2.781921656042898634e-22 6.572245510193295755e-20
7.272257809440862957e+02 2.495452949390821490e-22 0.000000000000000000e+00 2.553988264859907327e-21 1.535649139920832573e-22 4.706945425868122964e-20
8.094568864722074295e+02 2.453356839594821560e-22 0.000000000000000000e+00 2.048174036969964425e-21 8.229494452062173637e-23 3.371496572872291051e-20
9.009862799510120794e+02 2.402504556137156827e-22 0.000000000000000000e+00 1.635697138463000926e-21 4.443033156256900106e-23 2.425514582200006331e-20
1.002865365934268880e+03 2.341426602320208690e-22 0.000000000000000000e+00 1.294809157531416753e-21 2.346903306449095499e-23 1.765040670248818798e-20
1.116264436618460877e+03 2.268579488104805678e-22 0.000000000000000000e+00 1.017753134584880158e-21 1.224604088411528626e-23 1.292268137872383305e-20
1.242486115071199492e+03 2.182435508762317222e-22 0.000000000000000000e+00 7.943171679060498359e-22 6.329735816118170001e-24 9.654275308488468954e-21
1.382980318553656389e+03 2.081616655175627749e-22 0.000000000000000000e+00 6.148360372659965006e-22 3.230415919559881709e-24 7.272805942869759657e-21
1.539360913821697523e+03 1.965088631616736481e-22 0.000000000000000000e+00 4.715326745379317106e-22 1.628390696868904709e-24 5.593433553493588750e-21
1.713424255726343517e+03 1.832412245903079097e-22 0.000000000000000000e+00 3.580114507480135619e-22 8.132613012257702273e-25 4.384253181948521997e-21
1.907169822067742189e+03 1.684033441524639070e-22 0.000000000000000000e+00 2.687664550297808435e-22 4.023679746126677395e-25 3.487547707543723864e-21
2.122823181736748211e+03 1.521568690173592094e-22 0.000000000000000000e+00 1.991631339072459179e-22 1.970157879443128238e-25 2.817004193417259990e-21
2.362861559980607581e+03 1.348025682054629007e-22 0.000000000000000000e+00 1.455374269473359006e-22 9.549985659892629450e-26 2.310688487704725124e-21
2.630042294462951304e+03 1.167843576734471427e-22 0.000000000000000000e+00 1.046718416015534200e-22 4.584771964318250218e-26 1.915332948081595864e-21
2.927434508994474982e+03 9.865804501675976831e-23 0.000000000000000000e+00 7.393201681390003629e-23 2.179185244520184140e-26 1.596100258327363224e-21
3.258454368773508122e+03 8.105242031621013407e-23 0.000000000000000000e+00 5.118430350019356037e-23 1.025277403799686501e-26 1.332856674196957942e-21
3.626904322114499791e+03 6.459960678857125786e-23 0.000000000000000000e+00 3.467847695489657174e-23 4.776826745962735572e-27 1.110440440642198799e-21
4.037016779438275080e+03 4.984367505832898340e-23 0.000000000000000000e+00 2.295252367393450272e-23 2.204619755406040209e-27 9.175971274303037830e-22
4.493502731267226409e+03 3.719200730944155929e-23 0.000000000000000000e+00 1.482066896310266897e-23 1.007527287917888111e-27 7.493774445368755185e-22
5.001605863702974602e+03 2.680963680760270802e-23 0.000000000000000000e+00 9.327618061755535561e-24 4.559348487915345589e-28 6.030888718272393494e-22
5.567162793016338583e+03 1.867453616044200293e-23 0.000000000000000000e+00 5.720094814474353104e-24 2.042198673676074711e-28 4.765076068220151283e-22
6.196670111266974345e+03 1.258054794041798366e-23 0.000000000000000000e+00 3.417484526571842107e-24 9.050508722408781123e-29 3.688846831918482742e-22
6.897359013111165041e+03 8.210080706988999215e-24 0.000000000000000000e+00 1.990143584248985078e-24 3.965309410972217035e-29 2.796661406650628676e-22
7.677278361042189317e+03 5.203282938741247777e-24 0.000000000000000000e+00 1.130769175093829057e-24 1.717396154044843406e-29 2.074094979013860027e-22
8.545387143236317570e+03 3.211215124621058022e-24 0.000000000000000000e+00 6.274393797061244440e-25 7.348495937653276431e-30 1.505314352767262800e-22
9.511657386079081334e+03 1.936923259880017171e-24 0.000000000000000000e+00 3.404920134365774194e-25 3.103470312065058128e-30 1.069831864097272578e-22
1.058718870352829254e+04 1.145808443878650568e-24 0.000000000000000000e+00 1.809377572887262530e-25 1.292990457506118784e-30 7.460345279294319593e-23
1.178433579916051713e+04 6.670515262385912318e-25 0.000000000000000000e+00 9.427649302034004286e-26 5.316337749451941370e-31 5.108903329985640858e-23
1.311685038551288017e+04 3.832441462499983758e-25 0.000000000000000000e+00 4.821680104011697742e-26 2.151769143926834118e-31 3.440010262031049928e-23
1.460003915097147365e+04 2.177301387897884228e-25 0.000000000000000000e+00 2.422699527645494726e-26 8.577696344433468225e-32 2.281299228622278340e-23
1.625093958876844590e+04 1.225046067600982271e-25 0.000000000000000000e+00 1.197142181990114744e-26 3.367364172327009285e-32 1.489287050038979900e-23
1.808851570786662342e+04 6.826416590585873093e-26 0.000000000000000000e+00 5.823144307091497619e-27 1.299005130130737864e-32 9.589994477293966569e-24
2.013387587385212828e+04 3.776151708825672549e-26 0.000000000000000000e+00 2.791386618581164135e-27 4.927103742582607175e-33 6.094144784767005575e-24
2.241051528221264743e+04 2.071577256243149457e-26 0.000000000000000000e+00 1.320871086140145909e-27 1.837621442029284708e-33 3.825939708480942746e-24
2.494458584929090648e+04 1.128147783992061137e-26 0.000000000000000000e+00 6.185302405562231177e-28 6.754870635144236308e-34 2.375101731690933290e-24
2.776519662118276028e+04 6.102644162296642002e-27 0.000000000000000000e+00 2.870108236440049574e-28 2.448242267972577364e-34 1.459301575644781720e-24
3.090474815138586200e+04 3.278455286660051805e-27 0.000000000000000000e+00 1.320904952196845295e-28 8.752398891701569201e-35 8.883299292819238755e-25
3.439930468822552211e+04 1.749016465546368034e-27 0.000000000000000000e+00 6.033602896548696340e-29 3.094231246637335708e-35 5.361441680864405486e-25
3.828900844740607135e+04 9.265279088392105690e-28 0.000000000000000000e+00 2.736692179931729127e-29 1.086429428841379959e-35 3.209935349801748476e-25
4.261854072845193878e+04 4.872703816406098314e-28 0.000000000000000000e+00 1.230567059336860098e-29 3.764123555608829969e-36 1.907445239362320404e-25
4.743763517192281142e+04 2.543742970549154880e-28 0.000000000000000000e+00 5.481742275622926616e-30 1.282651689247601726e-36 1.125367567398280711e-25
