1.056032981064548126e+00 0.000000000000000000e+00 0.000000000000000000e+00 0.000000000000000000e+00 0.000000000000000000e+00 0.000000000000000000e+00
1.175443983510534363e+00 0.000000000000000000e+00 0.000000000000000000e+00 0.000000000000000000e+00 0.000000000000000000e+00 0.000000000000000000e+00
1.308357393325258133e+00 2.014073359248253506e-18 0.000000000000000000e+00 4.580171700491040767e-17 9.962139996444224162e-18 1.839222175005062356e-16
1.456299996156748877e+00 2.307139215042310627e-17 0.000000000000000000e+00 5.733882164472380643e-16 1.435365868141857608e-16 2.757791869670059567e-15
1.620971219045888478e+00 3.262245315150950076e-17 0.000000000000000000e+00 8.884746182233921316e-16 2.645308351398360268e-16 4.770085950887282456e-15
1.804262651863866251e+00 3.311843872591008624e-17 0.000000000000000000e+00 9.944413377317856740e-16 3.597321648824210065e-16 5.792663026669437134e-15
2.008279776137516404e+00 3.311993311346946271e-17 0.000000000000000000e+00 1.095722446465042238e-15 4.816419843589432397e-16 6.911446190753440082e-15
2.235366150863083323e+00 3.311991415793300832e-17 0.000000000000000000e+00 1.206064516201424405e-15 6.429897435507194062e-16 8.250167857297156746e-15
2.488130333132567262e+00 3.311989067363797469e-17 0.000000000000000000e+00 1.326006373238926293e-15 8.555730818878056324e-16 9.855229454195783034e-15
2.769475842811750965e+00 3.311986157958719836e-17 0.000000000000000000e+00 1.455988918085726478e-15 1.134173990529718243e-15 1.176661061920595588e-14
3.082634515476230241e+00 3.311982553481084849e-17 0.000000000000000000e+00 1.596378290614372989e-15 1.497172369014838155e-15 1.402370549499493953e-14
3.431203626733101864e+00 3.311978087853634391e-17 0.000000000000000000e+00 1.747447633809192432e-15 1.967060786837309819e-15 1.670138719573001298e-14
3.819187214377767425e+00 3.311972555228453614e-17 0.000000000000000000e+00 1.909331761984392903e-15 2.570903609026259450e-15 1.986654698368452149e-14
4.251042073056519932e+00 3.311965700602574992e-17 0.000000000000000000e+00 2.081953057622134285e-15 3.340291180392948848e-15 2.358552904521812937e-14
4.731728949778890581e+00 3.311957208033648715e-17 0.000000000000000000e+00 2.264981401299601523e-15 4.311164842350412194e-15 2.789698035782758188e-14
5.266769528365972342e+00 3.311946686028075517e-17 0.000000000000000000e+00 2.457831460208810375e-15 5.523257513567832685e-15 3.290964832619365199e-14
5.862309857419115922e+00 3.311933649546865100e-17 0.000000000000000000e+00 2.659646891845504102e-15 7.018954966169733292e-15 3.871783307080242784e-14
6.525190950410857837e+00 3.311917497630741632e-17 0.000000000000000000e+00 2.869081311342942834e-15 8.839276985083414234e-15 4.529583434496929583e-14
7.263027368885755841e+00 3.311897485987989657e-17 0.000000000000000000e+00 3.084363200041625139e-15 1.102081891106876224e-14 5.271145932023160892e-14
8.084294691462201143e+00 3.311872692549579141e-17 0.000000000000000000e+00 3.303259503431797422e-15 1.359043736992719967e-14 6.110413116471032690e-14
8.998426873397548320e+00 3.311841975322155244e-17 0.000000000000000000e+00 3.522839270175697074e-15 1.655561483148624545e-14 7.034605047274562486e-14
1.001592461509324039e+01 3.311803919457047454e-17 0.000000000000000000e+00 3.739513025697069981e-15 1.989608781652448379e-14 8.029251222754736360e-14
1.114847598437533449e+01 3.311756771703905104e-17 0.000000000000000000e+00 3.949014645783188010e-15 2.355444993371290006e-14 9.106735578699279430e-14
1.240909067814867583e+01 3.311698362571346382e-17 0.000000000000000000e+00 4.146405380509587880e-15 2.742655840621248236e-14 1.024398236681062340e-13
1.381224946569640366e+01 3.311625999409370388e-17 0.000000000000000000e+00 4.325898595370075755e-15 3.134985668922506641e-14 1.140146947216354526e-13
1.537407053029052229e+01 3.311536352925122770e-17 0.000000000000000000e+00 4.480834344694927655e-15 3.509713745851417522e-14 1.252143896911783064e-13
1.711249461989307719e+01 3.311425295180843734e-17 0.000000000000000000e+00 4.604172606037590675e-15 3.839092271807155590e-14 1.360329360576342822e-13
1.904749113378321468e+01 3.311287713251009318e-17 0.000000000000000000e+00 4.688461688369476727e-15 4.091343769239092113e-14 1.457756274216690970e-13
2.120128751244688203e+01 3.311117271493462788e-17 0.000000000000000000e+00 4.726060051992141323e-15 4.233628329842195902e-14 1.532743638832396590e-13
2.359862456574094125e+01 3.310906114363972048e-17 0.000000000000000000e+00 4.710005359891474272e-15 4.237969968488216746e-14 1.584297315739351247e-13
2.626704067231091244e+01 3.310644524509382248e-17 0.000000000000000000e+00 4.635146698477393726e-15 4.088386975126006084e-14 1.605965486340974602e-13
2.923718811487309566e+01 3.310320461432039400e-17 0.000000000000000000e+00 4.498844250588661000e-15 3.786225167654052383e-14 1.585899292423882948e-13
3.254318518513449021e+01 3.309919014221479219e-17 0.000000000000000000e+00 4.302113118938170579e-15 3.353864122051918722e-14 1.524197701588054241e-13
3.622300810299908846e+01 3.309421709904758191e-17 0.000000000000000000e+00 4.051377268615702616e-15 2.835196768011035484e-14 1.423132409294810023e-13
4.031892725206589034e+01 3.308805691956037714e-17 0.000000000000000000e+00 3.758775197479350372e-15 2.287504730956576019e-14 1.284128750230513474e-13
4.487799274248540371e+01 3.308042671013154961e-17 0.000000000000000000e+00 3.442028325790252799e-15 1.768419152931159071e-14 1.120018419018751434e-13
4.995257487887015913e+01 3.307097632237217978e-17 0.000000000000000000e+00 3.122758215152840035e-15 1.322873246669385737e-14 9.467345687459395325e-14
5.560096574165519456e+01 3.305927266662351754e-17 0.000000000000000000e+00 2.821964322676139838e-15 9.731443407913722042e-15 7.777369847780817470e-14
6.188804879230252709e+01 3.304477983548118365e-17 0.000000000000000000e+00 2.556631705638199498e-15 7.197252704496552380e-15 6.307384883798649662e-14
6.888604419417499969e+01 3.302683618982014983e-17 0.000000000000000000e+00 2.334924429021482414e-15 5.474441925328003155e-15 5.160603793975730603e-14
7.667533841060405564e+01 3.300462227643585785e-17 0.000000000000000000e+00 2.149458335764350138e-15 4.307801319833011622e-15 4.330445226978501708e-14
8.534540760983165342e+01 3.297712839900235007e-17 0.000000000000000000e+00 1.979413687653932873e-15 3.429294852606384668e-15 3.774623488818156628e-14
9.499584548401358575e+01 3.294310656273762621e-17 0.000000000000000000e+00 1.796108985077797953e-15 2.626266876546781647e-15 3.359383744861637630e-14
1.057375072889466310e+02 3.290101872885793969e-17 0.000000000000000000e+00 1.579213475599460177e-15 1.828018709194071998e-15 2.913071031249986662e-14
1.176937832461472624e+02 3.284897057447227008e-17 0.000000000000000000e+00 1.337209118025731273e-15 1.128718425041834492e-15 2.309699706197761606e-14
1.310020159349736844e+02 3.278463154068845600e-17 0.000000000000000000e+00 1.109209782181415143e-15 6.452971183056255603e-16 1.625776315540853011e-14
1.458150779564580262e+02 3.270514055130757149e-17 0.000000000000000000e+00 9.385332017622498889e-16 3.861104463011600408e-16 1.099598647470687632e-14
1.623031279915676635e+02 3.260699361832408985e-17 0.000000000000000000e+00 8.249726344750909591e-16 2.621928365784594535e-16 8.247145523448790158e-15
1.806555654259147161e+02 3.248591050733541967e-17 0.000000000000000000e+00 7.202998127257927223e-16 1.792606796956190342e-16 7.042805547606127986e-15
2.010832059937378347e+02 3.233668104760203015e-17 0.000000000000000000e+00 5.958656482543063836e-16 1.061273216453291131e-16 5.706405581232141151e-15
2.238207034330328042e+02 3.215299634506157144e-17 0.000000000000000000e+00 4.834255137857682033e-16 5.686530908823969972e-17 3.896902303580650157e-15
2.491292449694543905e+02 3.192724933253687880e-17 0.000000000000000000e+00 4.059730324655083035e-16 3.340176897090463296e-17 2.689671992569104823e-15
2.772995515922919481e+02 3.165034720357133322e-17 0.000000000000000000e+00 3.388489572182302878e-16 2.024860697590230222e-17 2.157828432908245859e-15
3.086552175868076802e+02 3.131149799645669215e-17 0.000000000000000000e+00 2.733628985777617758e-16 1.094057586967382552e-17 1.596518745121021307e-15
3.435564276845046834e+02 3.089805423318212961e-17 0.000000000000000000e+00 2.229059302662129458e-16 6.035673398109504453e-18 1.121918414337036350e-15
3.824040945302937757e+02 3.039541530003973670e-17 0.000000000000000000e+00 1.802175018926050620e-16 3.316618039194360532e-18 8.598258254982575376e-16
4.256444639942141634e+02 2.978700581690750747e-17 0.000000000000000000e+00 1.442698296407619206e-16 1.774783215922864498e-18 6.319933314819962340e-16
4.737742412289155709e+02 2.905455677711524642e-17 0.000000000000000000e+00 1.146654160299193786e-16 9.354963337313485928e-19 4.846644210437940898e-16
5.273462963565856398e+02 2.817857656812972436e-17 0.000000000000000000e+00 9.071785944477045892e-17 4.911357768042036739e-19 3.728817783987423091e-16
5.869760153267689020e+02 2.713934221871520466e-17 0.000000000000000000e+00 7.096780469545207373e-17 2.536190575440804796e-19 2.860429201467233720e-16
6.533483688978308237e+02 2.591845241014801461e-17 0.000000000000000000e+00 5.498008398186453539e-17 1.286493282373645796e-19 2.264797361992270704e-16
7.272257809440862957e+02 2.450103648611151284e-17 0.000000000000000000e+00 4.221986360343044363e-17 6.477918386087670562e-20 1.823631526669751492e-16
8.094568864722074295e+02 2.287884577828670850e-17 0.000000000000000000e+00 3.205366054156434997e-17 3.227629346377500042e-20 1.480456517347553257e-16
9.009862799510120794e+02 2.105384762204766463e-17 0.000000000000000000e+00 2.401677163632191982e-17 1.588556651631034501e-20 1.222353023692353822e-16
1.002865365934268880e+03 1.904209826125971470e-17 0.000000000000000000e+00 1.773370480652269453e-17 7.730014183309767840e-21 1.020797012927682702e-16
1.116264436618460877e+03 1.687708310132081236e-17 0.000000000000000000e+00 1.287801096282614355e-17 3.719132295692081799e-21 8.565012484696542034e-17
1.242486115071199492e+03 1.461137492419502510e-17 0.000000000000000000e+00 9.174511245023040612e-18 1.767538850927887055e-21 7.214856093538559313e-17
1.382980318553656389e+03 1.231536675753020006e-17 0.000000000000000000e+00 6.397537592667778114e-18 8.302437325862841468e-22 6.088537243082304611e-17
1.539360913821697523e+03 1.007191063297973706e-17 0.000000000000000000e+00 4.355822847706737494e-18 3.854895263498872343e-22 5.119002092199757245e-17
1.713424255726343517e+03 7.967095102977565814e-18 0.000000000000000000e+00 2.886896981208402960e-18 1.766734794070110508e-22 4.253711462144112560e-17
1.907169822067742189e+03 6.078411993317105008e-18 0.000000000000000000e+00 1.857732610087587807e-18 7.982768242287041347e-23 3.484958650167494377e-17
2.122823181736748211e+03 4.462951603823049783e-18 0.000000000000000000e+00 1.158329203662081822e-18 3.557241313757837367e-23 2.805166800939958601e-17
2.362861559980607581e+03 3.148909729587420303e-18 0.000000000000000000e+00 6.984889521134396800e-19 1.561483904013261777e-23 2.204581915027246056e-17
2.630042294462951304e+03 2.134214075694809849e-18 0.000000000000000000e+00 4.068867436500309644e-19 6.742732738747011863e-24 1.687505377274126937e-17
2.927434508994474982e+03 1.390760763660815851e-18 0.000000000000000000e+00 2.289358599251855463e-19 2.861265537969371331e-24 1.256609080573473241e-17
3.258454368773508122e+03 8.735140117829747115e-19 0.000000000000000000e+00 1.245937039570821318e-19 1.193208798182723044e-24 9.081823603703203716e-18
3.626904322114499791e+03 5.307958865788498980e-19 0.000000000000000000e+00 6.573794368895765888e-20 4.885228592121801903e-25 6.371244494442766396e-18
4.037016779438275080e+03 3.139696997369091065e-19 0.000000000000000000e+00 3.376017729244754055e-20 1.961665979832049209e-25 4.350690751604791696e-18
4.493502731267226409e+03 1.821829752726803523e-19 0.000000000000000000e+00 1.697292233125596776e-20 7.732007662693362172e-26 2.899026523300738927e-18
5.001605863702974602e+03 1.045639460842217027e-19 0.000000000000000000e+00 8.401372474759222469e-21 2.994614512885205489e-26 1.891271541505390894e-18
5.567162793016338583e+03 5.977724155300135570e-20 0.000000000000000000e+00 4.113826059757311707e-21 1.138931812604182072e-26 1.214002799007579154e-18
6.196670111266974345e+03 3.419900949664021981e-20 0.000000000000000000e+00 1.999008213910007758e-21 4.257850211508554009e-27 7.693987859368461348e-19
6.897359013111165041e+03 1.956257865877736159e-20 0.000000000000000000e+00 9.648195884064364673e-22 1.567458251005943733e-27 4.828153742730509532e-19
7.677278361042189317e+03 1.115691739912181916e-20 0.000000000000000000e+00 4.619968438071368780e-22 5.684868762673667721e-28 3.001585847541968768e-19
8.545387143236317570e+03 6.321298569613673699e-21 0.000000000000000000e+00 2.191033750362812349e-22 2.032022704854596390e-28 1.850383532699551934e-19
9.511657386079081334e+03 3.547809064138233375e-21 0.000000000000000000e+00 1.028127602534764747e-22 7.165863363909603962e-29 1.131320776244547426e-19
1.058718870352829254e+04 1.969609731898258777e-21 0.000000000000000000e+00 4.771610573593973689e-23 2.495261269432543634e-29 6.857322767437729834e-20
1.178433579916051713e+04 1.081196190535052227e-21 0.000000000000000000e+00 2.190049055018022851e-23 8.580759606634282768e-30 4.121293481616202139e-20
1.311685038551288017e+04 5.868423521202552410e-22 0.000000000000000000e+00 9.941627830332615712e-24 2.915537257842708891e-30 2.456563338009987702e-20
1.460003915097147365e+04 3.151686040703388022e-22 0.000000000000000000e+00 4.477635077612987097e-24 9.864027819257820242e-31 1.452565365440714471e-20
1.625093958876844590e+04 1.675313015019370020e-22 0.000000000000000000e+00 2.000594551889357682e-24 3.329515068729108120e-31 8.519975898851681709e-21
1.808851570786662342e+04 8.817989155260666715e-23 0.000000000000000000e+00 8.853363744842343803e-25 1.113954648030155492e-31 4.958930522699296384e-21
2.013387587385212828e+04 4.599453476850068635e-23 0.000000000000000000e+00 3.879371503698742042e-25 3.682386938697075039e-32 2.865798179194772392e-21
2.241051528221264743e+04 2.377863426495027984e-23 0.000000000000000000e+00 1.682981600010042318e-25 1.202161056747330347e-32 1.644122424520306776e-21
2.494458584929090648e+04 1.219257207977731177e-23 0.000000000000000000e+00 7.233970477454178635e-26 3.875812507345009105e-33 9.375751906762433188e-22
2.776519662118276028e+04 6.203094493167042158e-24 0.000000000000000000e+00 3.081850806108236430e-26 1.233705433824827643e-33 5.312617902796412764e-22
3.090474815138586200e+04 3.132483445446636468e-24 0.000000000000000000e+00 1.301290826161975189e-26 3.876593827108019202e-34 2.992534826575752841e-22
3.439930468822552211e+04 1.570609807234909779e-24 0.000000000000000000e+00 5.441117093414242836e-27 1.200569283433920126e-34 1.676802152086474920e-22
3.828900844740607135e+04 7.824518431091152491e-25 0.000000000000000000e+00 2.259472045107501786e-27 3.665966849526825442e-35 9.345752990284188283e-23
4.261854072845193878e+04 3.873286416853149161e-25 0.000000000000000000e+00 9.312038230068296259e-28 1.102759935570341958e-35 5.184573878722786647e-23
4.743763517192281142e+04 1.905869663275611155e-25 0.000000000000000000e+00 3.803269518660558761e-28 3.267086695184721161e-36 2.862736166894266138e-23
