1.056032981064548126e+00 8.788589341795939774e-21 0.000000000000000000e+00 4.262326936442853667e-19 1.004594839594209489e-18 1.987340702791903098e-19
1.175443983510534363e+00 8.949859445335917155e-21 0.000000000000000000e+00 4.493750909009786408e-19 1.090705427668520952e-18 2.435363823495478124e-19
1.308357393325258133e+00 9.076677565158127523e-21 0.000000000000000000e+00 4.718838596606065767e-19 1.182121379041223114e-18 2.966018878452548920e-19
1.456299996156748877e+00 9.168031442628745265e-21 0.000000000000000000e+00 4.934638910437507534e-19 1.277835310203254633e-18 3.572003913690075291e-19
1.620971219045888478e+00 9.223614416935579692e-21 0.000000000000000000e+00 5.137361506403212497e-19 1.377333971927938011e-18 4.264089642762847314e-19
1.804262651863866251e+00 9.260538750026067683e-21 0.000000000000000000e+00 5.330098105370204600e-19 1.480472378519881320e-18 5.042544116031472692e-19
2.008279776137516404e+00 9.273576246356108988e-21 0.000000000000000000e+00 5.505865263583224066e-19 1.584117020456657690e-18 5.917902264064169261e-19
2.235366150863083323e+00 9.281770042694789440e-21 0.000000000000000000e+00 5.669374429217243518e-19 1.689955837142657248e-18 6.898675057100681276e-19
2.488130333132567262e+00 9.282217211436086535e-21 0.000000000000000000e+00 5.815499612657540609e-19 1.795383657941751530e-18 7.994727728736130889e-19
2.769475842811750965e+00 9.281268956770553629e-21 0.000000000000000000e+00 5.943898181864379263e-19 1.899992779779699446e-18 9.220528572300250513e-19
3.082634515476230241e+00 9.278405182589569592e-21 0.000000000000000000e+00 6.053161311380142220e-19 2.001075563323957681e-18 1.058357639453041668e-18
3.431203626733101864e+00 9.274717567338159294e-21 0.000000000000000000e+00 6.141091096709752070e-19 2.097943102441618538e-18 1.208890220636325973e-18
3.819187214377767425e+00 9.270097952343469093e-21 0.000000000000000000e+00 6.205997236475301547e-19 2.188139355524913367e-18 1.374127567537137071e-18
4.251042073056519932e+00 9.263152137188194606e-21 0.000000000000000000e+00 6.245546342374954645e-19 2.269602646838790164e-18 1.553720059606248073e-18
4.731728949778890581e+00 9.256173904498940515e-21 0.000000000000000000e+00 6.257958334873901577e-19 2.339553218311804448e-18 1.746874407334324894e-18
5.266769528365972342e+00 9.247620284020995249e-21 0.000000000000000000e+00 6.241813278902593864e-19 2.396139513958397867e-18 1.952068730854985277e-18
5.862309857419115922e+00 9.237166615449506315e-21 0.000000000000000000e+00 6.197438601365079849e-19 2.437306743340242010e-18 2.167167159086946628e-18
6.525190950410857837e+00 9.224432810954397833e-21 0.000000000000000000e+00 6.122748058595633011e-19 2.461443546343578876e-18 2.389141296121308407e-18
7.263027368885755841e+00 9.210305128323299654e-21 0.000000000000000000e+00 6.018330937126814666e-19 2.465419573744831809e-18 2.614497302808026121e-18
8.084294691462201143e+00 9.191637687527057900e-21 0.000000000000000000e+00 5.871310756694939300e-19 2.448238903771086001e-18 2.838120832012698948e-18
8.998426873397548320e+00 9.169187758669865350e-21 0.000000000000000000e+00 5.720624016749119436e-19 2.408963096741036138e-18 3.054466972911278539e-18
1.001592461509324039e+01 9.142345811760259877e-21 0.000000000000000000e+00 5.531296963103456586e-19 2.346798642421379684e-18 3.257926088620154375e-18
1.114847598437533449e+01 9.110448063291511330e-21 0.000000000000000000e+00 5.315489223904027312e-19 2.262237656257271876e-18 3.441456633235879579e-18
1.240909067814867583e+01 9.072838547508904228e-21 0.000000000000000000e+00 5.078111924495032491e-19 2.155966238941666399e-18 3.597834198202044107e-18
1.381224946569640366e+01 9.028829193779893759e-21 0.000000000000000000e+00 4.820640359650547613e-19 2.030499307117959639e-18 3.720236429161294840e-18
1.537407053029052229e+01 8.977789036576301481e-21 0.000000000000000000e+00 4.547905584979051181e-19 1.887077585144773471e-18 3.802284601850810654e-18
1.711249461989307719e+01 8.917790775307189095e-21 0.000000000000000000e+00 4.263398909777013749e-19 1.730230334685640775e-18 3.838526044129120596e-18
1.904749113378321468e+01 8.851084928309844202e-21 0.000000000000000000e+00 3.970418498391259641e-19 1.563706565755615841e-18 3.824266177699575741e-18
2.120128751244688203e+01 8.775656499249844583e-21 0.000000000000000000e+00 3.674598434305040410e-19 1.391818518992118267e-18 3.758990548181661766e-18
2.359862456574094125e+01 8.691352155829797834e-21 0.000000000000000000e+00 3.379284391471130972e-19 1.219221011516236562e-18 3.642107252269470378e-18
2.626704067231091244e+01 8.597727657389338306e-21 0.000000000000000000e+00 3.088426322433408482e-19 1.050304673017118553e-18 3.475869021147609664e-18
2.923718811487309566e+01 8.494385409736267300e-21 0.000000000000000000e+00 2.805550231167681577e-19 8.892799006386214869e-19 3.266036547849317790e-18
3.254318518513449021e+01 8.382486078780615527e-21 0.000000000000000000e+00 2.533273705798541851e-19 7.398338034368106311e-19 3.019956588412071446e-18
3.622300810299908846e+01 8.258598363904652081e-21 0.000000000000000000e+00 2.274430916972927727e-19 6.046910172095968280e-19 2.746741198319293577e-18
4.031892725206589034e+01 8.122255475653346252e-21 0.000000000000000000e+00 2.030526421226006319e-19 4.855553227411136011e-19 2.459141945877606242e-18
4.487799274248540371e+01 7.975926792176936102e-21 0.000000000000000000e+00 1.802918458735240980e-19 3.829601539155286543e-19 2.166349603075787078e-18
4.995257487887015913e+01 7.817634948885838234e-21 0.000000000000000000e+00 1.592180982414671844e-19 2.972622010105657487e-19 1.879589860052364404e-18
5.560096574165519456e+01 7.646869393273465351e-21 0.000000000000000000e+00 1.398307186332258804e-19 2.270420530671256233e-19 1.608666606635836663e-18
6.188804879230252709e+01 7.464153874328487301e-21 0.000000000000000000e+00 1.221086994430286518e-19 1.712153517152939716e-19 1.361496705525812204e-18
6.888604419417499969e+01 7.266926382821150359e-21 0.000000000000000000e+00 1.060048345709167965e-19 1.272576597810405783e-19 1.138845984469868441e-18
7.667533841060405564e+01 7.056201999606018716e-21 0.000000000000000000e+00 9.145213539878747988e-20 9.354476185825864704e-20 9.462395796084563795e-19
8.534540760983165342e+01 6.832071308345762598e-21 0.000000000000000000e+00 7.842330283037826088e-20 6.795130464080416122e-20 7.816518636853681773e-19
9.499584548401358575e+01 6.593417660755906530e-21 0.000000000000000000e+00 6.680805182772223789e-20 4.873753327937610923e-20 6.422844010861925871e-19
1.057375072889466310e+02 6.342587635686852420e-21 0.000000000000000000e+00 5.653648372282857955e-20 3.444932707811318732e-20 5.230074757926605921e-19
1.176937832461472624e+02 6.079128453862693874e-21 0.000000000000000000e+00 4.753886490230006806e-20 2.393094055467895627e-20 4.209149427919869445e-19
1.310020159349736844e+02 5.802726171931738559e-21 0.000000000000000000e+00 3.971240057729176734e-20 1.628846734517815165e-20 3.339562796377331966e-19
1.458150779564580262e+02 5.514478673061449596e-21 0.000000000000000000e+00 3.299663752464975089e-20 1.083721277845712817e-20 2.614273953467894451e-19
1.623031279915676635e+02 5.215322275234749148e-21 0.000000000000000000e+00 2.723527455594417623e-20 7.041047317083133055e-21 2.022681701430797737e-19
1.806555654259147161e+02 4.906672267125419710e-21 0.000000000000000000e+00 2.235820936330648873e-20 4.472683417145430940e-21 1.547483029097734048e-19
2.010832059937378347e+02 4.590197407165876908e-21 0.000000000000000000e+00 1.824240390777564658e-20 2.786881500135436114e-21 1.173388483880400694e-19
2.238207034330328042e+02 4.268859700886133730e-21 0.000000000000000000e+00 1.479318690927677669e-20 1.688724573383053279e-21 8.823981665010640954e-20
2.491292449694543905e+02 3.944448573846204394e-21 0.000000000000000000e+00 1.191886071840563592e-20 1.037652193264846053e-21 6.614482170351665482e-20
2.772995515922919481e+02 3.619226675852193840e-21 0.000000000000000000e+00 9.537490025912030758e-21 6.224183250860377057e-22 4.955641219680518801e-20
3.086552175868076802e+02 3.295795852665563233e-21 0.000000000000000000e+00 7.587175076588965350e-21 3.683939477565537904e-22 3.712270982127479178e-20
3.435564276845046834e+02 2.976831558463487416e-21 0.000000000000000000e+00 5.980921670593676931e-21 2.144523909118981047e-22 2.779983813627948889e-20
3.824040945302937757e+02 2.666412843359315672e-21 0.000000000000000000e+00 4.685114852379286509e-21 1.226294422723195414e-22 2.083027401408289425e-20
4.256444639942141634e+02 2.364378901594349862e-21 0.000000000000000000e+00 3.647139689633318449e-21 6.902722727397779812e-23 1.566321033466710697e-20
4.737742412289155709e+02 2.075778354576286682e-21 0.000000000000000000e+00 2.807390187598794803e-21 3.834677509110175832e-23 1.185960991325589101e-20
5.273462963565856398e+02 1.803110239094254220e-21 0.000000000000000000e+00 2.147140620539323463e-21 2.104748094474551831e-23 9.064526934539171310e-21
5.869760153267689020e+02 1.548326335788783611e-21 0.000000000000000000e+00 1.626246409381760448e-21 1.140204892456589885e-23 6.999734730181226061e-21
6.533483688978308237e+02 1.313110724221556175e-21 0.000000000000000000e+00 1.218873849728288200e-21 6.098836810789790819e-24 5.464203935802915133e-21
7.272257809440862957e+02 1.099767134171453273e-21 0.000000000000000000e+00 9.048472690003470894e-22 3.219639357777068227e-24 4.312775486719620334e-21
8.094568864722074295e+02 9.083137221465166267e-22 0.000000000000000000e+00 6.643998760530091501e-22 1.680282754552206525e-24 3.436649123675319939e-21
9.009862799510120794e+02 7.397664212367180047e-22 0.000000000000000000e+00 4.822742154857943977e-22 8.670268318912228886e-25 2.763230162956791912e-21
1.002865365934268880e+03 5.927585060703471076e-22 0.000000000000000000e+00 3.456896762874245934e-22 4.422840839017601352e-25 2.234779926875639768e-21
1.116264436618460877e+03 4.676886953153241551e-22 0.000000000000000000e+00 2.446032901515844691e-22 2.231914509920543420e-25 1.814034966157431977e-21
1.242486115071199492e+03 3.627303961525145688e-22 0.000000000000000000e+00 1.703389385488708388e-22 1.114280488360587457e-25 1.474006304122482054e-21
1.382980318553656389e+03 2.767200595419597546e-22 0.000000000000000000e+00 1.174914063283945451e-22 5.505742613358685340e-26 1.195851196666108183e-21
1.539360913821697523e+03 2.072592348746981226e-22 0.000000000000000000e+00 7.947026795357028151e-23 2.692635314584986551e-26 9.663317589438664086e-22
1.713424255726343517e+03 1.523835302185470105e-22 0.000000000000000000e+00 5.295593504979118002e-23 1.303786737727197693e-26 7.753793767837323082e-22
1.907169822067742189e+03 1.099079501528395899e-22 0.000000000000000000e+00 3.468759068601377813e-23 6.248662100483807307e-27 6.170428585997915211e-22
2.122823181736748211e+03 7.771950128360699686e-23 0.000000000000000000e+00 2.232943197642950803e-23 2.965479861931654530e-27 4.859560081895220057e-22
2.362861559980607581e+03 5.391463440631314827e-23 0.000000000000000000e+00 1.411642109169058396e-23 1.392735018985701007e-27 3.781104153857664168e-22
2.630042294462951304e+03 3.666880520008356496e-23 0.000000000000000000e+00 8.758968780209456255e-24 6.475339585476402562e-28 2.903113753869267502e-22
2.927434508994474982e+03 2.445871766939547532e-23 0.000000000000000000e+00 5.332713939729567468e-24 2.979840212646343237e-28 2.196926459663173266e-22
3.258454368773508122e+03 1.599842387031048827e-23 0.000000000000000000e+00 3.183331884850770816e-24 1.356564771461092021e-28 1.638014863579573172e-22
3.626904322114499791e+03 1.026894918720759310e-23 0.000000000000000000e+00 1.864493101919365879e-24 6.111627025381096158e-29 1.201891202775819663e-22
4.037016779438275080e+03 6.471399765299220776e-24 0.000000000000000000e+00 1.070632262844981677e-24 2.721751106058910000e-29 8.674594499161879787e-23
4.493502731267226409e+03 4.007519654999349148e-24 0.000000000000000000e+00 6.029915196487239076e-25 1.198577631817179970e-29 6.165168819222841834e-23
5.001605863702974602e+03 2.441499578801823672e-24 0.000000000000000000e+00 3.332259320886136247e-25 5.216578203897822153e-30 4.313519867298266174e-23
5.567162793016338583e+03 1.464627922546287262e-24 0.000000000000000000e+00 1.806737584231525357e-25 2.243545113066532574e-30 2.972216947079687026e-23
6.196670111266974345e+03 8.663690464963242733e-25 0.000000000000000000e+00 9.621187140941186384e-26 9.527933210969493657e-31 2.015940464370469571e-23
6.897359013111165041e+03 5.059633651745495377e-25 0.000000000000000000e+00 5.037258220052740420e-26 3.989388046018420774e-31 1.350569664950692590e-23
7.677278361042189317e+03 2.927487581219079826e-25 0.000000000000000000e+00 2.593324527639405837e-26 1.654117852835075802e-31 8.918208562101545133e-24
8.545387143236317570e+03 1.668656574938494360e-25 0.000000000000000000e+00 1.314814384827312812e-26 6.757810040073228695e-32 5.814041783673669835e-24
9.511657386079081334e+03 9.443163195063501460e-26 0.000000000000000000e+00 6.569327803647482159e-27 2.723826773787183224e-32 3.744022660216398120e-24
1.058718870352829254e+04 5.295715917371443427e-26 0.000000000000000000e+00 3.238540114002540682e-27 1.083286362618133955e-32 2.383764658717125715e-24
1.178433579916051713e+04 2.945555830991775413e-26 0.000000000000000000e+00 1.577740797563902385e-27 4.248780085007310376e-33 1.502059217564626952e-24
1.311685038551288017e+04 1.625532590151532047e-26 0.000000000000000000e+00 7.586169416713886394e-28 1.643549272277782436e-33 9.362109172969966841e-25
1.460003915097147365e+04 8.901807609282531693e-27 0.000000000000000000e+00 3.610906965594806811e-28 6.271485295905996624e-34 5.795542493528499876e-25
1.625093958876844590e+04 4.837547782967351816e-27 0.000000000000000000e+00 1.701235868064672414e-28 2.359905239789800160e-34 3.539679759011773766e-25
1.808851570786662342e+04 2.608704710663111040e-27 0.000000000000000000e+00 7.939169304179610180e-29 8.761930812248791481e-35 2.148403067326743043e-25
2.013387587385212828e+04 1.395790337105272250e-27 0.000000000000000000e+00 3.670698605917953903e-29 3.205500406715490134e-35 1.293726653687967134e-25
2.241051528221264743e+04 7.409934744821445995e-28 0.000000000000000000e+00 1.683331324638489181e-29 1.160341622338839787e-35 7.730817106044878130e-26
2.494458584929090648e+04 3.904173642350296994e-28 0.000000000000000000e+00 7.649417523252006152e-30 4.143017278191351987e-36 4.587339979564635679e-26
2.776519662118276028e+04 2.041047450764306203e-28 0.000000000000000000e+00 3.450490555987552508e-30 1.462657745444008553e-36 2.702516604856414473e-26
3.090474815138586200e+04 1.059545142131292371e-28 0.000000000000000000e+00 1.541870111866833595e-30 5.109045096518550321e-37 1.581502101238283292e-26
3.439930468822552211e+04 5.459031784200304435e-29 0.000000000000000000e+00 6.847556045126610475e-31 1.766610653949750064e-37 9.201890231126175127e-27
3.828900844740607135e+04 2.793169548469286407e-29 0.000000000000000000e+00 3.009960865513929579e-31 6.042084581922331911e-38 5.319491325795878850e-27
4.261854072845193878e+04 1.419083216862640112e-29 0.000000000000000000e+00 1.312526067805338280e-31 2.038646216229896340e-38 3.057628639983335120e-27
4.743763517192281142e+04 7.162235215953029741e-30 0.000000000000000000e+00 5.672857409358319404e-32 6.778766634654038535e-39 1.747557456023427077e-27
