1.047376681114152053e+00 8.044202310226232839e+03 3.411045273336622569e-03
1.147378904865844262e+00 8.042544353150401548e+03 3.411045273336622569e-03
1.256929216650817027e+00 8.040555260787059524e+03 3.411045273336622569e-03
1.376939256047382987e+00 8.038169035919733687e+03 3.411045273336622569e-03
1.508407704847735342e+00 8.035306588705603644e+03 3.411045273336622569e-03
1.652428597740346783e+00 8.031873166175577353e+03 3.411045273336622569e-03
1.810200426485989444e+00 8.027755288886412927e+03 3.411045273336622569e-03
1.983036113349190055e+00 8.022817105467822330e+03 3.411045273336622569e-03
2.172373936780469084e+00 8.016896062000010716e+03 3.411045273336622569e-03
2.379789500269210656e+00 8.009797768323500350e+03 3.411045273336622569e-03
2.607008843967693057e+00 8.001289928048310685e+03 3.411045273336622569e-03
2.855922808196662110e+00 7.991095184122423234e+03 3.411045273336622569e-03
3.128602768360589703e+00 7.978882718864266280e+03 3.411045273336622569e-03
3.427317872213148320e+00 7.964258438677356025e+03 3.411045273336622569e-03
3.754553922915217612e+00 7.946753573587544452e+03 3.411045273336622569e-03
4.113034065023922992e+00 7.925811532834580248e+03 3.411045273336622569e-03
4.505741445554233060e+00 7.900772894366811670e+03 3.411045273336622569e-03
4.935944038690323943e+00 7.870858469374770721e+03 3.411045273336622569e-03
5.407221840729851792e+00 7.835150498064056592e+03 3.411045273336622569e-03
5.923496661567464905e+00 7.792572213717481645e+03 3.411045273336622569e-03
6.489064760632228257e+00 7.741866288538123626e+03 3.411045273336622569e-03
7.108632598863702690e+00 7.681573080152468719e+03 3.411045273336622569e-03
7.787356004242504071e+00 7.610010172810662880e+03 3.411045273336622569e-03
8.530883076796710540e+00 7.525255497115233993e+03 3.411045273336622569e-03
9.345401190125155466e+00 7.425137358923683678e+03 3.411045273336622569e-03
1.023768848056787562e+01 7.307236038405747422e+03 3.411045273336622569e-03
1.121517025249811894e+01 7.168903220727756889e+03 3.411045273336622569e-03
1.228598076912194514e+01 7.007307298253230329e+03 3.411045273336622569e-03
1.345903094298667391e+01 6.819514311660554995e+03 3.411045273336622569e-03
1.474408248949403344e+01 6.597109038743750716e+03 3.411045273336622569e-03
1.615182916049993622e+01 6.348497470832363433e+03 3.411045273336622569e-03
1.769398573399677943e+01 6.065864054916220084e+03 3.411045273336622569e-03
1.938338550041915553e+01 5.747754733276266052e+03 3.411045273336622569e-03
2.123408705682203390e+01 5.393881495560613075e+03 3.411045273336622569e-03
2.326149129763491885e+01 5.005535187481119465e+03 3.411045273336622569e-03
2.548246957554494685e+01 4.596178154608979639e+03 3.411045273336622569e-03
2.791550409902576035e+01 4.150474754773912537e+03 3.411045273336622569e-03
3.058084173484374801e+01 3.687000953574105097e+03 3.411045273336622569e-03
3.350066249544163099e+01 3.207403732393132941e+03 3.411045273336622569e-03
3.669926411328104621e+01 2.742737422844219509e+03 3.411045273336622569e-03
4.020326423812159788e+01 2.293491414427855034e+03 3.411045273336622569e-03
4.404182193983774596e+01 1.873464968586111809e+03 3.411045273336622569e-03
4.824688036005658631e+01 1.493171458469378194e+03 3.411045273336622569e-03
5.285343253186462675e+01 1.160240705781845236e+03 3.411045273336622569e-03
5.789981257965639116e+01 8.787704727343746072e+02 3.411045273336622569e-03
6.342801472237731275e+01 6.490377070705104643e+02 3.411045273336622569e-03
6.948404273480723248e+01 4.679897049703533867e+02 3.411045273336622569e-03
7.611829277496100588e+01 3.301363611882714508e+02 3.411045273336622569e-03
8.338597276338916231e+01 2.285238324315056104e+02 3.411045273336622569e-03
9.134756180427312700e+01 1.557980580665959280e+02 3.411045273336622569e-03
1.000693134715016583e+02 1.051376782324936698e+02 3.411045273336622569e-03
1.096238071478445875e+02 7.051611808281160165e+01 3.411045273336622569e-03
1.200905520053401574e+02 4.719774616185935656e+01 3.411045273336622569e-03
1.315566486529429255e+02 3.160463298899025375e+01 3.411045273336622569e-03
1.441175139575057074e+02 2.119163915968914225e+01 3.411045273336622569e-03
1.578776750697290652e+02 1.422030734757740511e+01 3.411045273336622569e-03
1.729516392627509163e+02 9.537260845252724550e+00 3.411045273336622569e-03
1.894648468218269102e+02 6.386131715564891564e+00 3.411045273336622569e-03
2.075547149147497805e+02 4.268315208466349375e+00 3.411045273336622569e-03
2.273717811296867524e+02 2.850280289767403996e+00 3.411045273336622569e-03
2.490809561966414378e+02 1.905237053938072744e+00 3.411045273336622569e-03
2.728628963171397004e+02 1.277797919187315001e+00 3.411045273336622569e-03
2.989155065223001202e+02 8.618135760275347224e-01 3.411045273336622569e-03
3.274555875696430576e+02 5.856995727152168874e-01 3.411045273336622569e-03
3.587206400835506770e+02 4.019180157619531291e-01 3.411045273336622569e-03
3.929708409528589073e+02 2.790233532973908637e-01 3.411045273336622569e-03
4.304912084323515842e+02 1.963261301943592663e-01 3.411045273336622569e-03
4.715939739655653398e+02 1.403050620744608346e-01 3.411045273336622569e-03
5.166211804661829774e+02 1.019407851899651329e-01 3.411045273336622569e-03
5.659475286801639413e+02 7.541516298008374419e-02 3.411045273336622569e-03
6.199834953149968442e+02 5.672824451923533240e-02 3.411045273336622569e-03
6.791787488840413971e+02 4.340188243623602921e-02 3.411045273336622569e-03
7.440258916913708163e+02 3.373686010912577138e-02 3.411045273336622569e-03
8.150645590969156729e+02 2.660015867786814231e-02 3.411045273336622569e-03
8.928859101739425341e+02 2.123122521387909092e-02 3.411045273336622569e-03
9.781375471293952160e+02 1.711439715838850711e-02 3.411045273336622569e-03
1.071528904423998938e+03 1.390140837768945835e-02 3.411045273336622569e-03
1.173837152439038618e+03 1.134969306330693879e-02 3.411045273336622569e-03
1.285913664817961262e+03 9.291489706757570868e-03 3.411045273336622569e-03
1.408691103301366638e+03 7.609022911463515781e-03 3.411045273336622569e-03
1.543191179013896317e+03 6.219779094094489078e-03 3.411045273336622569e-03
1.690533154788281536e+03 5.063563842850511698e-03 3.411045273336622569e-03
1.851943159281576072e+03 4.097109706671799023e-03 3.411045273336622569e-03
2.028764390390979997e+03 3.288736032160601876e-03 3.411045273336622569e-03
2.222468292879554156e+03 2.612907365715093008e-03 3.411045273336622569e-03
2.434666803227443324e+03 2.052857106253775689e-03 3.411045273336622569e-03
2.667125763606631153e+03 1.590135107689673050e-03 3.411045273336622569e-03
2.921779616604781040e+03 1.213317648219404583e-03 3.411045273336622569e-03
3.200747502983503637e+03 9.108096094825191957e-04 3.411045273336622569e-03
3.506350896430803459e+03 6.720440318499351293e-04 3.411045273336622569e-03
3.841132922056807729e+03 4.870749817450917350e-04 3.411045273336622569e-03
4.207879519396391515e+03 3.466841601544469313e-04 3.411045273336622569e-03
4.609642626029024541e+03 2.423541614657587228e-04 3.411045273336622569e-03
5.049765574740205011e+03 1.665010640116932413e-04 3.411045273336622569e-03
5.531910915575709623e+03 1.125158821678603295e-04 3.411045273336622569e-03
6.060090894306204063e+03 7.488266571047316191e-05 3.411045273336622569e-03
6.638700840942902687e+03 4.917837411458805249e-05 3.411045273336622569e-03
7.272555746143336364e+03 3.185774152002347444e-05 3.411045273336622569e-03
7.966930329887627522e+03 2.040439658824861661e-05 3.411045273336622569e-03
8.727602935865841573e+03 1.292057418459614175e-05 3.411045273336622569e-03
9.560903616839295864e+03 8.097608205536019596e-06 3.411045273336622569e-03
