1.056032981064548126e+00 1.465013428781902736e-19 0.000000000000000000e+00 9.915817396667641936e-19 1.628363565947151047e-18 2.586703324381874986e-20
1.175443983510534363e+00 1.314619984947677112e-19 0.000000000000000000e+00 8.862236966858371182e-19 1.449080084218743052e-18 2.832379389156298698e-20
1.308357393325258133e+00 1.179195485622536159e-19 0.000000000000000000e+00 7.895231390475171117e-19 1.269797094046033342e-18 3.088766839402215479e-20
1.456299996156748877e+00 1.057784579322570598e-19 0.000000000000000000e+00 7.036015506513548134e-19 1.145086838033997077e-18 3.354799776779972803e-20
1.620971219045888478e+00 9.481126667100924839e-20 0.000000000000000000e+00 6.267275895848198766e-19 1.014570898578119482e-18 3.627427440905669026e-20
1.804262651863866251e+00 8.501990525743856520e-20 0.000000000000000000e+00 5.580155547274359759e-19 8.982126840026980677e-19 3.905199862450112361e-20
2.008279776137516404e+00 7.624810264196261226e-20 0.000000000000000000e+00 4.962094305249015265e-19 7.938406739825624922e-19 4.184678477133673249e-20
2.235366150863083323e+00 6.835958296305885904e-20 0.000000000000000000e+00 4.400338073133126631e-19 7.000952720350016255e-19 4.462227331327817046e-20
2.488130333132567262e+00 6.129711883606154598e-20 0.000000000000000000e+00 3.903096030691334252e-19 6.162931411701965329e-19 4.735870751929915435e-20
2.769475842811750965e+00 5.489467399289739082e-20 0.000000000000000000e+00 3.457346500747195061e-19 5.408118144524382084e-19 4.997288774506754140e-20
3.082634515476230241e+00 4.919426492609761247e-20 0.000000000000000000e+00 3.058295124675346378e-19 4.733942075380411924e-19 5.244488437372738437e-20
3.431203626733101864e+00 4.404713613618468492e-20 0.000000000000000000e+00 2.700365188111323236e-19 4.133447912203338694e-19 5.471219564972608720e-20
3.819187214377767425e+00 3.942590050338632605e-20 0.000000000000000000e+00 2.384593477531756145e-19 3.597059739066884756e-19 5.671426089163393253e-20
4.251042073056519932e+00 3.525405298566078292e-20 0.000000000000000000e+00 2.095924719195905575e-19 3.118124097784274083e-19 5.841410920784335007e-20
4.731728949778890581e+00 3.156008662774709244e-20 0.000000000000000000e+00 1.841687700955704782e-19 2.692687596411942531e-19 5.973451568605026745e-20
5.266769528365972342e+00 2.820987476463097328e-20 0.000000000000000000e+00 1.615130858800487114e-19 2.314398731998466297e-19 6.063583715031010685e-20
5.862309857419115922e+00 2.519082040708166789e-20 0.000000000000000000e+00 1.413716634580889228e-19 1.979548923954778299e-19 6.107205485578496468e-20
6.525190950410857837e+00 2.251111073809833494e-20 0.000000000000000000e+00 1.234856508956436842e-19 1.684087856602015962e-19 6.100872632068436862e-20
7.263027368885755841e+00 2.008316180410988073e-20 0.000000000000000000e+00 1.075999573519823840e-19 1.424720373184803262e-19 6.041792259658277626e-20
8.084294691462201143e+00 1.793001073950631770e-20 0.000000000000000000e+00 9.388374724431027093e-20 1.197230189197384863e-19 5.928400192400018018e-20
8.998426873397548320e+00 1.599064651862669784e-20 0.000000000000000000e+00 8.107278129217944970e-20 9.990478037734558555e-20 5.761857018397625133e-20
1.001592461509324039e+01 1.426491663969495655e-20 0.000000000000000000e+00 7.012618110478147682e-20 8.273044327936548003e-20 5.543722480037695738e-20
1.114847598437533449e+01 1.270301069698872635e-20 0.000000000000000000e+00 6.047266165564194274e-20 6.794091289140478496e-20 5.276898593366750852e-20
1.240909067814867583e+01 1.130463123378488993e-20 0.000000000000000000e+00 5.197444591821892858e-20 5.529107613839446762e-20 4.967853736520907948e-20
1.381224946569640366e+01 1.006416294372599996e-20 0.000000000000000000e+00 4.453447259638115699e-20 4.456484427885536548e-20 4.623403486216184017e-20
1.537407053029052229e+01 8.947723632547296519e-21 0.000000000000000000e+00 3.804734958797294319e-20 3.555561196896334387e-20 4.251319045506984978e-20
1.711249461989307719e+01 7.941816154204713722e-21 0.000000000000000000e+00 3.239320986962575626e-20 2.804644943706193959e-20 3.862065282425887259e-20
1.904749113378321468e+01 7.040052151649462755e-21 0.000000000000000000e+00 2.748682352977371043e-20 2.187870992512557885e-20 3.464700154421142066e-20
2.120128751244688203e+01 6.233003213630994013e-21 0.000000000000000000e+00 2.324747997315169093e-20 1.686768299987355884e-20 3.069254185884097387e-20
2.359862456574094125e+01 5.511845331786548861e-21 0.000000000000000000e+00 1.959346805518280099e-20 1.284978206528016896e-20 2.685138663176023796e-20
2.626704067231091244e+01 4.867294564101320510e-21 0.000000000000000000e+00 1.645462606319497719e-20 9.667690637297215640e-21 2.320963634118841443e-20
2.923718811487309566e+01 4.291494303278337892e-21 0.000000000000000000e+00 1.376659119528038834e-20 7.179318089109525018e-21 1.982629627865678329e-20
3.254318518513449021e+01 3.781460560116134617e-21 0.000000000000000000e+00 1.147371795526969070e-20 5.277088038342349866e-21 1.675338371329041351e-20
3.622300810299908846e+01 3.318308149060104443e-21 0.000000000000000000e+00 9.520624497138148758e-21 3.828631879115162683e-21 1.401627922953462920e-20
4.031892725206589034e+01 2.917094410712953946e-21 0.000000000000000000e+00 7.870823478235137321e-21 2.746476798539583321e-21 1.162298711231314454e-20
4.487799274248540371e+01 2.557641558234163240e-21 0.000000000000000000e+00 6.476095614381894475e-21 1.947391119441991439e-21 9.561421552091257645e-21
4.995257487887015913e+01 2.234878370986722630e-21 0.000000000000000000e+00 5.297648943566392653e-21 1.364788407351112791e-21 7.806490339777578805e-21
5.560096574165519456e+01 1.951065389593039911e-21 0.000000000000000000e+00 4.324249749658877545e-21 9.439749286532129839e-22 6.331066018043213715e-21
6.188804879230252709e+01 1.694823505159479905e-21 0.000000000000000000e+00 3.509593662389561113e-21 6.443809892550396393e-22 5.093683820983846129e-21
6.888604419417499969e+01 1.467053096222937088e-21 0.000000000000000000e+00 2.834594231487037703e-21 4.327215067464355660e-22 4.060495821032027224e-21
7.667533841060405564e+01 1.268828838338303170e-21 0.000000000000000000e+00 2.277193069531777364e-21 2.855193270892887515e-22 3.206860654103487469e-21
8.534540760983165342e+01 1.092593252400765313e-21 0.000000000000000000e+00 1.817460241603277102e-21 1.848149642495140486e-22 2.509328721314110644e-21
9.499584548401358575e+01 9.377412441911062163e-22 0.000000000000000000e+00 1.448255991236275184e-21 1.172466733167230089e-22 1.948788319458215003e-21
1.057375072889466310e+02 8.012929640016039413e-22 0.000000000000000000e+00 1.145681760736024974e-21 7.294738572964499334e-23 1.499440077213096676e-21
1.176937832461472624e+02 6.832463374359387869e-22 0.000000000000000000e+00 9.014623522407990970e-22 4.464738357445660635e-23 1.141416673649216917e-21
1.310020159349736844e+02 5.788853560023508762e-22 0.000000000000000000e+00 7.053995866084605882e-22 2.693224650683050171e-23 8.646630315627307126e-22
1.458150779564580262e+02 4.885151599720666783e-22 0.000000000000000000e+00 5.484732983519340505e-22 1.607377652800245001e-23 6.570044294693384559e-22
1.623031279915676635e+02 4.099001037890353338e-22 0.000000000000000000e+00 4.237997954225548896e-22 9.491771281074379096e-24 5.013109958501968973e-22
1.806555654259147161e+02 3.423777363532240327e-22 0.000000000000000000e+00 3.253790663291152460e-22 5.532656660290722871e-24 3.835819385377821868e-22
2.010832059937378347e+02 2.839814293102984797e-22 0.000000000000000000e+00 2.481323820878213163e-22 3.172934769080246959e-24 2.939369250357321540e-22
2.238207034330328042e+02 2.345594356466513394e-22 0.000000000000000000e+00 1.877876973295054806e-22 1.787831982579691658e-24 2.260209173510770866e-22
2.491292449694543905e+02 1.915132465286894973e-22 0.000000000000000000e+00 1.411069264443549684e-22 9.927208958197501220e-25 1.749336209233725733e-22
2.772995515922919481e+02 1.552971099400491361e-22 0.000000000000000000e+00 1.051581519457055178e-22 5.448112508425147904e-25 1.365596143280869941e-22
3.086552175868076802e+02 1.250926705660523007e-22 0.000000000000000000e+00 7.774352960653172754e-23 2.957482962556752878e-25 1.075638261341106087e-22
3.435564276845046834e+02 9.991580774245193047e-23 0.000000000000000000e+00 5.693726480441267073e-23 1.584120191069187544e-25 8.545896435888887840e-23
3.824040945302937757e+02 7.923171813279316168e-23 0.000000000000000000e+00 4.131317214805293414e-23 8.370219718746002477e-26 6.842714208530813174e-23
4.256444639942141634e+02 6.213993902831091762e-23 0.000000000000000000e+00 2.967643053519650108e-23 4.372157845008173967e-26 5.516631756287124285e-23
4.737742412289155709e+02 4.819419102884040652e-23 0.000000000000000000e+00 2.108742316739128030e-23 2.258208117964131833e-26 4.469801313442037859e-23
5.273462963565856398e+02 3.697481575037795522e-23 0.000000000000000000e+00 1.481685622703551789e-23 1.152716378053639659e-26 3.632925090474621154e-23
5.869760153267689020e+02 2.802908060059308974e-23 0.000000000000000000e+00 1.028313021392259821e-23 5.818097223493245482e-27 2.953981676338628296e-23
6.533483688978308237e+02 2.103343683375872613e-23 0.000000000000000000e+00 7.044473010876014214e-24 2.903968629888054876e-27 2.398858346076852483e-23
7.272257809440862957e+02 1.549262889806629341e-23 0.000000000000000000e+00 4.761686457815741002e-24 1.433460127004710369e-27 1.941647180172543027e-23
8.094568864722074295e+02 1.126980465901833395e-23 0.000000000000000000e+00 3.171654370027695610e-24 6.999238918482702528e-28 1.562889526540928133e-23
9.009862799510120794e+02 8.084850576641363874e-24 0.000000000000000000e+00 2.079796570609400803e-24 3.381215440571338384e-28 1.248449597314150114e-23
1.002865365934268880e+03 5.706713433012985162e-24 0.000000000000000000e+00 1.341831226141361230e-24 1.615521730950740393e-28 9.880113662164826388e-24
1.116264436618460877e+03 3.963036807794932052e-24 0.000000000000000000e+00 8.510355051252148401e-25 7.633404741337134702e-29 7.736931188584341685e-24
1.242486115071199492e+03 2.707911398951990469e-24 0.000000000000000000e+00 5.301750986222435945e-25 3.565659318332112161e-29 5.985362569070274398e-24
1.382980318553656389e+03 1.815512440919239442e-24 0.000000000000000000e+00 3.240301575531238617e-25 1.646595970585235814e-29 4.568878406786892948e-24
1.539360913821697523e+03 1.197322845510982454e-24 0.000000000000000000e+00 1.942393007053192241e-25 7.510215808814555043e-30 3.437005130891840060e-24
1.713424255726343517e+03 7.756771112311296107e-25 0.000000000000000000e+00 1.141269184396552372e-25 3.383980472294002875e-30 2.546019931965683511e-24
1.907169822067742189e+03 4.941250313912429100e-25 0.000000000000000000e+00 6.568587713513720733e-26 1.505145817388110156e-30 1.856082384280643170e-24
2.122823181736748211e+03 3.090978361837378037e-25 0.000000000000000000e+00 3.692526074440636520e-26 6.604887665637746773e-31 1.329013050661005346e-24
2.362861559980607581e+03 1.902944128849214197e-25 0.000000000000000000e+00 2.044201102564842048e-26 2.857797368750839840e-31 9.380326479746594244e-25
2.630042294462951304e+03 1.153912298699589294e-25 0.000000000000000000e+00 1.106116162956424357e-26 1.219014565622198207e-31 6.502999549089220839e-25
2.927434508994474982e+03 6.898646319251986147e-26 0.000000000000000000e+00 5.866763805732365525e-27 5.121491578227920583e-32 4.433413228243202173e-25
3.258454368773508122e+03 4.072149025807266097e-26 0.000000000000000000e+00 3.053645575671057851e-27 2.131893264997002461e-32 2.975156525645397338e-25
3.626904322114499791e+03 2.376678833249384620e-26 0.000000000000000000e+00 1.562151332426987822e-27 8.629129540461109900e-33 1.964222769170829673e-25
4.037016779438275080e+03 1.373659694976026674e-26 0.000000000000000000e+00 7.864854285500689676e-28 3.458541575132011638e-33 1.278626343811989348e-25
4.493502731267226409e+03 7.870738230230261212e-27 0.000000000000000000e+00 3.904365844418066568e-28 1.364069795983393807e-33 8.212168500830009822e-26
5.001605863702974602e+03 4.474283034552483024e-27 0.000000000000000000e+00 1.914092841374377199e-28 5.294635061907501515e-34 5.214915133947718035e-26
5.567162793016338583e+03 2.524278385431054934e-27 0.000000000000000000e+00 9.281352546783591548e-29 2.023266409486918259e-34 3.269459029492716765e-26
6.196670111266974345e+03 1.413580677504556159e-27 0.000000000000000000e+00 4.454744315318455063e-29 7.613439305593871209e-35 2.031222995816710702e-26
6.897359013111165041e+03 7.854805622490895489e-28 0.000000000000000000e+00 2.123340142743991381e-29 2.822526082647223184e-35 1.250203457704879316e-26
7.677278361042189317e+03 4.329729510504529882e-28 0.000000000000000000e+00 9.982437832399456685e-30 1.031763571732037909e-35 7.629332952816902876e-27
8.545387143236317570e+03 2.366834438331468930e-28 0.000000000000000000e+00 4.660556387474696415e-30 3.723291515761008093e-36 4.618633819529597498e-27
9.511657386079081334e+03 1.282354565479065342e-28 0.000000000000000000e+00 2.156919060683129958e-30 1.323690276859581569e-36 2.773475521306307950e-27
1.058718870352829254e+04 6.886012297978069231e-29 0.000000000000000000e+00 9.885738855746886696e-31 4.653346516508563214e-37 1.652700318891478819e-27
1.178433579916051713e+04 3.663885022735771756e-29 0.000000000000000000e+00 4.491258485620011564e-31 1.616850311201243202e-37 9.775125989684648920e-28
1.311685038551288017e+04 1.933611731897255078e-29 0.000000000000000000e+00 2.021290610581821523e-31 5.559063623754814416e-38 5.738854639605134819e-28
1.460003915097147365e+04 1.011180656299368550e-29 0.000000000000000000e+00 9.018984166687287686e-32 1.893244354529607575e-38 3.346037396776513545e-28
1.625093958876844590e+04 5.245820213308167246e-30 0.000000000000000000e+00 3.989263397558135133e-32 6.398137565964689181e-39 1.937646925470539592e-28
1.808851570786662342e+04 2.699868396833818616e-30 0.000000000000000000e+00 1.749980909362432832e-32 2.146444664924505085e-39 1.114934528543861126e-28
2.013387587385212828e+04 1.378954340792579336e-30 0.000000000000000000e+00 7.608249597293476043e-33 7.142634348010688989e-40 6.373291571473941918e-29
2.241051528221264743e+04 6.989871743106772861e-31 0.000000000000000000e+00 3.279245590850025893e-33 2.352455410627315395e-40 3.618429715432975167e-29
2.494458584929090648e+04 3.519556278821638457e-31 0.000000000000000000e+00 1.401158587606552941e-33 7.655251614406840366e-41 2.043114600221217005e-29
2.776519662118276028e+04 1.759770392316790844e-31 0.000000000000000000e+00 5.935903673801501464e-34 2.459003977518953381e-41 1.147726647980194759e-29
3.090474815138586200e+04 8.733526201197248946e-32 0.000000000000000000e+00 2.493583888916033807e-34 7.797574524301528455e-42 6.412028312943461572e-30
3.439930468822552211e+04 4.305322091913368384e-32 0.000000000000000000e+00 1.038468168975880894e-34 2.439186362426224968e-42 3.565315470275422463e-30
3.828900844740607135e+04 2.117985606874394477e-32 0.000000000000000000e+00 4.290134039113617712e-35 7.525906805969243480e-43 1.972337924558255690e-30
4.261854072845193878e+04 1.026012851520924949e-32 0.000000000000000000e+00 1.760176312712218356e-35 2.289303373540554927e-43 1.085468962574006538e-30
4.743763517192281142e+04 4.942462558864814817e-33 0.000000000000000000e+00 7.161423491635140788e-36 6.855888913008338137e-44 5.936875342106370658e-31
