1.056032981064548126e+00 0.000000000000000000e+00 0.000000000000000000e+00 0.000000000000000000e+00 0.000000000000000000e+00 0.000000000000000000e+00
1.175443983510534363e+00 0.000000000000000000e+00 0.000000000000000000e+00 0.000000000000000000e+00 0.000000000000000000e+00 0.000000000000000000e+00
1.308357393325258133e+00 1.653609662392468290e-21 0.000000000000000000e+00 3.765743110191482583e-20 8.235667950095856582e-21 1.501651120169013744e-19
1.456299996156748877e+00 8.913719304833120244e-21 0.000000000000000000e+00 2.223551136259631290e-19 5.621707923392911250e-20 1.051459694903204879e-18
1.620971219045888478e+00 1.290281128811221029e-20 0.000000000000000000e+00 3.514483934053617894e-19 1.053395153621155913e-19 1.875743069985378864e-18
1.804262651863866251e+00 1.356453278604500570e-20 0.000000000000000000e+00 4.073113993468908496e-19 1.473028406502489155e-19 2.372777515299683397e-18
2.008279776137516404e+00 1.357551409037346336e-20 0.000000000000000000e+00 4.490883511623153505e-19 1.973503565585824700e-19 2.833867431661109659e-18
2.235366150863083323e+00 1.357550631798636592e-20 0.000000000000000000e+00 4.943144988759249113e-19 2.634676356570896258e-19 3.383066101457624475e-18
2.488130333132567262e+00 1.357549668854154487e-20 0.000000000000000000e+00 5.434764490186637129e-19 3.505768518202155081e-19 4.041035003439808879e-18
2.769475842811750965e+00 1.357548475750584122e-20 0.000000000000000000e+00 5.967539154278640088e-19 4.647555026638164756e-19 4.824454303046405777e-18
3.082634515476230241e+00 1.357546997708582126e-20 0.000000000000000000e+00 6.543006271839412320e-19 6.134970654928533786e-19 5.751162758971843682e-18
3.431203626733101864e+00 1.357545166432009770e-20 0.000000000000000000e+00 7.162261293031923711e-19 8.060553166907609131e-19 6.849642693720094276e-18
3.819187214377767425e+00 1.357542897917880093e-20 0.000000000000000000e+00 7.825901590352742234e-19 1.053441322710193061e-18 8.148078831439560639e-18
4.251042073056519932e+00 1.357540087260642774e-20 0.000000000000000000e+00 8.533579127969019739e-19 1.368663440204951197e-18 9.673261306204425917e-18
4.731728949778890581e+00 1.357536605309032158e-20 0.000000000000000000e+00 9.284015870450616637e-19 1.766402248282384565e-18 1.144434519172577247e-17
5.266769528365972342e+00 1.357532291560897915e-20 0.000000000000000000e+00 1.007483808931997282e-18 2.262970777829430627e-18 1.350364675993490136e-17
5.862309857419115922e+00 1.357526946896705671e-20 0.000000000000000000e+00 1.090247318438802871e-18 2.875780383018928537e-18 1.588583320241275956e-17
6.525190950410857837e+00 1.357520325410225466e-20 0.000000000000000000e+00 1.176148539141755725e-18 3.621638157786617803e-18 1.858914832688873697e-17
7.263027368885755841e+00 1.357512121540168125e-20 0.000000000000000000e+00 1.264465453096997202e-18 4.515748472428371497e-18 2.164242639181323797e-17
8.084294691462201143e+00 1.357501957414596257e-20 0.000000000000000000e+00 1.354276800260114933e-18 5.569101762768057533e-18 2.508955931200368869e-17
8.998426873397548320e+00 1.357489364731273697e-20 0.000000000000000000e+00 1.444389927306568950e-18 6.784996896546276823e-18 2.888651204950578102e-17
1.001592461509324039e+01 1.357473762545419228e-20 0.000000000000000000e+00 1.533331145311406450e-18 8.155420909222534975e-18 3.299516745308626436e-17
1.114847598437533449e+01 1.357454432851851325e-20 0.000000000000000000e+00 1.619366119329016657e-18 9.657133623630471192e-18 3.742971858644326233e-17
1.240909067814867583e+01 1.357430483584427717e-20 0.000000000000000000e+00 1.700456388380126771e-18 1.124776675063765539e-17 4.211769504432618961e-17
1.381224946569640366e+01 1.357400812628295085e-20 0.000000000000000000e+00 1.774242246219906371e-18 1.286103325412779858e-17 4.688903444045519496e-17
1.537407053029052229e+01 1.357364052390482951e-20 0.000000000000000000e+00 1.838011982873500106e-18 1.440530074519549575e-17 5.154823548954193702e-17
1.711249461989307719e+01 1.357318510245152004e-20 0.000000000000000000e+00 1.888880084547340946e-18 1.576619945205644653e-17 5.602959269879829236e-17
1.904749113378321468e+01 1.357262091856510320e-20 0.000000000000000000e+00 1.923804829751574660e-18 1.681545365977502028e-17 6.006367909830023300e-17
2.120128751244688203e+01 1.357192199397396156e-20 0.000000000000000000e+00 1.939671830179337546e-18 1.741986793916025002e-17 6.324414376603812058e-17
2.359862456574094125e+01 1.357105618926994280e-20 0.000000000000000000e+00 1.933666664925532970e-18 1.746327736100658149e-17 6.544222696115364692e-17
2.626704067231091244e+01 1.356998364352374962e-20 0.000000000000000000e+00 1.903651689714088855e-18 1.688039341474709095e-17 6.639953072856741822e-17
2.923718811487309566e+01 1.356865498985165395e-20 0.000000000000000000e+00 1.848531523404813051e-18 1.567200611611557171e-17 6.569713323439232642e-17
3.254318518513449021e+01 1.356700916766143731e-20 0.000000000000000000e+00 1.768726517571336094e-18 1.392721501281509907e-17 6.328372687439487891e-17
3.622300810299908846e+01 1.356497042457773649e-20 0.000000000000000000e+00 1.666808259486683974e-18 1.182010035507323217e-17 5.921661209010845038e-17
4.031892725206589034e+01 1.356244510745397712e-20 0.000000000000000000e+00 1.547671248697327593e-18 9.580528589979995442e-18 5.360325501167840551e-17
4.487799274248540371e+01 1.355931708498699562e-20 0.000000000000000000e+00 1.418498656621639704e-18 7.443265448034962101e-18 4.692698651109577046e-17
4.995257487887015913e+01 1.355544296834204252e-20 0.000000000000000000e+00 1.287998575022344529e-18 5.593565553512790813e-18 3.979994465426645334e-17
5.560096574165519456e+01 1.355064493490041917e-20 0.000000000000000000e+00 1.164691866230979009e-18 4.127963525892246097e-18 3.282882624776782297e-17
6.188804879230252709e+01 1.354470330709411622e-20 0.000000000000000000e+00 1.055547741628767618e-18 3.055808966547414023e-18 2.670026900363901621e-17
6.888604419417499969e+01 1.353734670842820587e-20 0.000000000000000000e+00 9.637524946721437125e-19 2.318493525686368914e-18 2.184029431119012941e-17
7.667533841060405564e+01 1.352823868815301225e-20 0.000000000000000000e+00 8.864483303437314642e-19 1.815959523251242172e-18 1.829319130053535931e-17
8.534540760983165342e+01 1.351696593036586540e-20 0.000000000000000000e+00 8.154338194680294345e-19 1.439436675476252112e-18 1.586723682483563026e-17
9.499584548401358575e+01 1.350301510768007042e-20 0.000000000000000000e+00 7.394986107883836274e-19 1.102841392596803438e-18 1.405321505049776496e-17
1.057375072889466310e+02 1.348575779881021889e-20 0.000000000000000000e+00 6.509543775454124110e-19 7.756769458308714518e-19 1.216802575531868475e-17
1.176937832461472624e+02 1.346441610066571167e-20 0.000000000000000000e+00 5.530741144115765006e-19 4.886421428701881786e-19 9.728891582886853498e-18
1.310020159349736844e+02 1.343803800687958326e-20 0.000000000000000000e+00 4.607364490942814305e-19 2.847295371486672569e-19 6.992799652226035637e-18
1.458150779564580262e+02 1.340544834321103116e-20 0.000000000000000000e+00 3.900542602187106027e-19 1.698818011152602408e-19 4.795713147859657317e-18
1.623031279915676635e+02 1.336521557093329061e-20 0.000000000000000000e+00 3.411132505967283928e-19 1.125489483734594500e-19 3.550904953441349236e-18
1.806555654259147161e+02 1.331558370602835144e-20 0.000000000000000000e+00 2.967464442565766919e-19 7.612531068948679140e-20 2.955543855518487285e-18
2.010832059937378347e+02 1.325442001236119568e-20 0.000000000000000000e+00 2.466484871157587374e-19 4.611470285641102357e-20 2.386099789790299372e-18
2.238207034330328042e+02 1.317914200925259947e-20 0.000000000000000000e+00 2.014266944216277828e-19 2.547142672931257429e-20 1.683411053199308286e-18
2.491292449694543905e+02 1.308663403884649993e-20 0.000000000000000000e+00 1.684251027753350195e-19 1.468100651155213215e-20 1.176091753837259826e-18
2.772995515922919481e+02 1.297317157152767740e-20 0.000000000000000000e+00 1.399933731205682253e-19 8.742728288442560070e-21 9.073465472054142321e-19
3.086552175868076802e+02 1.283434258071406538e-20 0.000000000000000000e+00 1.137984940270269494e-19 4.877614870132688310e-21 6.783879096490010246e-19
3.435564276845046834e+02 1.266496182145025048e-20 0.000000000000000000e+00 9.253663154741116408e-20 2.672487314675217389e-21 4.865079792794137448e-19
3.824040945302937757e+02 1.245907236704788206e-20 0.000000000000000000e+00 7.486128063611012990e-20 1.467526443766476044e-21 3.635491369248396847e-19
4.256444639942141634e+02 1.220989331926459383e-20 0.000000000000000000e+00 5.998669493467360427e-20 7.902473426572614183e-22 2.707326810128986046e-19
4.737742412289155709e+02 1.190997914402428932e-20 0.000000000000000000e+00 4.772299416955430011e-20 4.180410885406195696e-22 2.057021248822591049e-19
5.273462963565856398e+02 1.155139561057560049e-20 0.000000000000000000e+00 3.774939598424402121e-20 2.195346673064973364e-22 1.579362843408518307e-19
5.869760153267689020e+02 1.112612053795459475e-20 0.000000000000000000e+00 2.956675471560323322e-20 1.137340660540181972e-22 1.214743752373757331e-19
6.533483688978308237e+02 1.062673456628691706e-20 0.000000000000000000e+00 2.293059786530282170e-20 5.795243373839377477e-23 9.563874327525800293e-20
7.272257809440862957e+02 1.004722690695496383e-20 0.000000000000000000e+00 1.762113225057637279e-20 2.921670054453508970e-23 7.675289826118065762e-20
8.094568864722074295e+02 9.384340904784130631e-21 0.000000000000000000e+00 1.339014815246601256e-20 1.459081263017174812e-23 6.226028211155196165e-20
9.009862799510120794e+02 8.638918266772015983e-21 0.000000000000000000e+00 1.004586281119280731e-20 7.199046443686511013e-24 5.126665196294955187e-20
1.002865365934268880e+03 7.817553964711665440e-21 0.000000000000000000e+00 7.428162727342757454e-21 3.511306164250237981e-24 4.271555562520519015e-20
1.116264436618460877e+03 6.933860170612236535e-21 0.000000000000000000e+00 5.402797769033400679e-21 1.693134435164735733e-24 3.580786572681142321e-20
1.242486115071199492e+03 6.009176747866958510e-21 0.000000000000000000e+00 3.857332790609219200e-21 8.071179208422205778e-25 3.013436823504444477e-20
1.382980318553656389e+03 5.071979395296453913e-21 0.000000000000000000e+00 2.696546750573889811e-21 3.801880627319084661e-25 2.541206673969279849e-20
1.539360913821697523e+03 4.155788403881317379e-21 0.000000000000000000e+00 1.841460575629293652e-21 1.770045251960661340e-25 2.135671286865174479e-20
1.713424255726343517e+03 3.295359523968178990e-21 0.000000000000000000e+00 1.224957203441785506e-21 8.138647718954108413e-26 1.776489724584365993e-20
1.907169822067742189e+03 2.522028211025463337e-21 0.000000000000000000e+00 7.917999788068577381e-22 3.715681988931384747e-26 1.457518176858050336e-20
2.122823181736748211e+03 1.859007318079476763e-21 0.000000000000000000e+00 4.962520115095131172e-22 1.651169631081176751e-26 1.175257767535684744e-20
2.362861559980607581e+03 1.317794439641262203e-21 0.000000000000000000e+00 3.010650547230378523e-22 7.279418439770683941e-27 9.264215209636023677e-21
2.630042294462951304e+03 8.980550807563837552e-22 0.000000000000000000e+00 1.765521001378402435e-22 3.158672450807922966e-27 7.118737572722872034e-21
2.927434508994474982e+03 5.886615149665444401e-22 0.000000000000000000e+00 1.000719947834479407e-22 1.347629832807355339e-27 5.323226422150529628e-21
3.258454368773508122e+03 3.720366974667901994e-22 0.000000000000000000e+00 5.487833885559802102e-23 5.651474028357654396e-28 3.866907245923679273e-21
3.626904322114499791e+03 2.274912745362100109e-22 0.000000000000000000e+00 2.917630087561543022e-23 2.327949041952211285e-28 2.728222328935285469e-21
4.037016779438275080e+03 1.353044819127970749e-22 0.000000000000000000e+00 1.508880197919719675e-23 9.409765747631845596e-29 1.873224365325317620e-21
4.493502731267226409e+03 7.883831817084149580e-23 0.000000000000000000e+00 7.628734173070557445e-24 3.733926703352384856e-29 1.254805300718057328e-21
5.001605863702974602e+03 4.535378947018026439e-23 0.000000000000000000e+00 3.791692898535744042e-24 1.454622667257713495e-29 8.225060761611992495e-22
5.567162793016338583e+03 2.595194824180679601e-23 0.000000000000000000e+00 1.861530007049283640e-24 5.569500261204269832e-30 5.300376295790045607e-22
6.196670111266974345e+03 1.483277847585296495e-23 0.000000000000000000e+00 9.059256689341522297e-25 2.094633935597696854e-30 3.369094326762941361e-22
6.897359013111165041e+03 8.475843150144903579e-24 0.000000000000000000e+00 4.376681168755059458e-25 7.754324336889386165e-31 2.118598466203097412e-22
7.677278361042189317e+03 4.830624500186892127e-24 0.000000000000000000e+00 2.098305515604979197e-25 2.828851521029937277e-31 1.319624343909578154e-22
8.545387143236317570e+03 2.737025240902677440e-24 0.000000000000000000e+00 9.968940650271156369e-26 1.016420597569333176e-31 8.149096292314238176e-23
9.511657386079081334e+03 1.537615523608936357e-24 0.000000000000000000e+00 4.688178633448284822e-26 3.601992851392923109e-32 4.990017885827152723e-23
1.058718870352829254e+04 8.548184751270022452e-25 0.000000000000000000e+00 2.180960764731815208e-26 1.260219842151784314e-32 3.029631983297706283e-23
1.178433579916051713e+04 4.701254623802390124e-25 0.000000000000000000e+00 1.010656985590124118e-26 4.352408010966758492e-33 1.824223451629398443e-23
1.311685038551288017e+04 2.556792947366499372e-25 0.000000000000000000e+00 4.569943947900117790e-27 1.486232229072944185e-33 1.089307251490923287e-23
1.460003915097147365e+04 1.383382426933349856e-25 0.000000000000000000e+00 2.062480414676834072e-27 5.036963164006559844e-34 6.452395897513247679e-24
1.625093958876844590e+04 7.327415660275879310e-26 0.000000000000000000e+00 9.234503593163186577e-28 1.702085767618199931e-34 3.791531372188342178e-24
1.808851570786662342e+04 3.864511279694940465e-26 0.000000000000000000e+00 4.096060165102536395e-28 5.715060495707882026e-35 2.210854999619062596e-24
2.013387587385212828e+04 2.019304622081796239e-26 0.000000000000000000e+00 1.800089239668036047e-28 1.897605180983090156e-35 1.279824571012563177e-24
2.241051528221264743e+04 1.045798482849568780e-26 0.000000000000000000e+00 7.831058203960333384e-29 6.215979793579750488e-36 7.357686944169134791e-25
2.494458584929090648e+04 5.370930948358441118e-27 0.000000000000000000e+00 3.374435815936164564e-29 2.015062051750445366e-36 4.200937099188560744e-25
2.776519662118276028e+04 2.736022522206521071e-27 0.000000000000000000e+00 1.440834034701147708e-29 6.438473455643282466e-37 2.383906183430776802e-25
3.090474815138586200e+04 1.383666904734214000e-27 0.000000000000000000e+00 6.097254326242258909e-30 2.032460743670687516e-37 1.344838440501823629e-25
3.439930468822552211e+04 6.946700347352304655e-28 0.000000000000000000e+00 2.554790946944890619e-30 6.322408484280848827e-38 7.544832096729267114e-26
3.828900844740607135e+04 3.464189542100770245e-28 0.000000000000000000e+00 1.062139826312426011e-30 1.940441519127721643e-38 4.210663466991535918e-26
4.261854072845193878e+04 1.716653006602693941e-28 0.000000000000000000e+00 4.389085993171213777e-31 5.859458940207990940e-39 2.338525062298261504e-26
4.743763517192281142e+04 8.456369025285589692e-29 0.000000000000000000e+00 1.796883458958271382e-31 1.743355039404225473e-39 1.292746144060357089e-26
