1.056032981064548126e+00 1.955987926347583961e-18 0.000000000000000000e+00 1.057440495504817796e-16 2.961082355124403618e-16 5.949232733746950561e-18
1.175443983510534363e+00 1.955318999754029352e-18 0.000000000000000000e+00 1.006356520350123373e-16 2.690796489080497026e-16 6.619540129469187420e-18
1.308357393325258133e+00 1.954289626377311402e-18 0.000000000000000000e+00 9.522425195114210767e-17 2.430947242863675421e-16 7.335436023348157754e-18
1.456299996156748877e+00 1.952851533383890557e-18 0.000000000000000000e+00 8.943852828273585509e-17 2.188225162088945186e-16 8.100930645493062923e-18
1.620971219045888478e+00 1.950999224488839831e-18 0.000000000000000000e+00 8.351894776297269081e-17 1.963212687556718325e-16 8.910662724595564213e-18
1.804262651863866251e+00 1.948700446348723993e-18 0.000000000000000000e+00 7.766955483420767391e-17 1.759040229907840428e-16 9.775541190275992977e-18
2.008279776137516404e+00 1.945851879946996022e-18 0.000000000000000000e+00 7.209852087555403002e-17 1.573081459317561556e-16 1.068085469703842419e-17
2.235366150863083323e+00 1.942359769682558148e-18 0.000000000000000000e+00 6.665720385105584842e-17 1.406222024940293367e-16 1.163442681582203848e-17
2.488130333132567262e+00 1.938033213818404197e-18 0.000000000000000000e+00 6.132634831362871637e-17 1.255508253917001935e-16 1.262799646921963848e-17
2.769475842811750965e+00 1.932695565065398850e-18 0.000000000000000000e+00 5.622039466602140791e-17 1.120615580773303741e-16 1.365218440365577930e-17
3.082634515476230241e+00 1.926119691336697832e-18 0.000000000000000000e+00 5.139138761372553904e-17 1.000285898263542393e-16 1.469951123128158696e-17
3.431203626733101864e+00 1.918027945054481256e-18 0.000000000000000000e+00 4.681707697461570171e-17 8.925661297625405249e-17 1.575601691708573394e-17
3.819187214377767425e+00 1.908100569633107656e-18 0.000000000000000000e+00 4.251326370425033583e-17 7.965287250188719990e-17 1.680759984074533345e-17
4.251042073056519932e+00 1.895954324701717439e-18 0.000000000000000000e+00 3.847601897571916872e-17 7.111874603506130152e-17 1.783336219704874224e-17
4.731728949778890581e+00 1.881137627489537044e-18 0.000000000000000000e+00 3.472539572257051620e-17 6.353318704530930043e-17 1.881235949681699620e-17
5.266769528365972342e+00 1.863128626269151835e-18 0.000000000000000000e+00 3.129388608570002164e-17 5.679779192423614614e-17 1.972230884717806486e-17
5.862309857419115922e+00 1.841334747931303912e-18 0.000000000000000000e+00 2.805667904873792732e-17 5.066208270621664183e-17 2.052950049014101881e-17
6.525190950410857837e+00 1.815099625910883651e-18 0.000000000000000000e+00 2.501265098463762743e-17 4.523930153843670308e-17 2.120787928163130773e-17
7.263027368885755841e+00 1.783717073761464974e-18 0.000000000000000000e+00 2.243900004280472263e-17 4.025292362625691004e-17 2.172156749865592865e-17
8.084294691462201143e+00 1.746455702458723950e-18 0.000000000000000000e+00 1.996203290980815205e-17 3.565421794011420970e-17 2.203700534627985569e-17
8.998426873397548320e+00 1.702602918628817335e-18 0.000000000000000000e+00 1.771830025931967457e-17 3.137810831148865271e-17 2.212181392743480052e-17
1.001592461509324039e+01 1.651513240110202322e-18 0.000000000000000000e+00 1.567238759704610520e-17 2.736183112384452514e-17 2.195515807455655435e-17
1.114847598437533449e+01 1.592733423458016614e-18 0.000000000000000000e+00 1.381787824400213000e-17 2.361841119531334723e-17 2.151105063721269994e-17
1.240909067814867583e+01 1.526056771810115306e-18 0.000000000000000000e+00 1.214377102449383100e-17 2.011005422912400271e-17 2.078571446602191974e-17
1.381224946569640366e+01 1.451617717472499670e-18 0.000000000000000000e+00 1.062562203027731812e-17 1.687211103207071233e-17 1.978710470373599693e-17
1.537407053029052229e+01 1.370114454712191060e-18 0.000000000000000000e+00 9.259638400681302793e-18 1.392978994299540403e-17 1.854441660720097711e-17
1.711249461989307719e+01 1.282041161192291361e-18 0.000000000000000000e+00 8.048884422071920417e-18 1.131024159301352841e-17 1.709337280106496869e-17
1.904749113378321468e+01 1.191104940190575323e-18 0.000000000000000000e+00 6.968279792171065317e-18 9.032547214764762626e-18 1.549713105722315273e-17
2.120128751244688203e+01 1.097216882988610143e-18 0.000000000000000000e+00 6.011957752304212128e-18 7.097983095630493039e-18 1.382270761368106085e-17
2.359862456574094125e+01 1.003020490362376143e-18 0.000000000000000000e+00 5.171389260713497161e-18 5.499374920895869616e-18 1.213671019333393747e-17
2.626704067231091244e+01 9.104833166575169587e-19 0.000000000000000000e+00 4.433956687385397844e-18 4.205838615454579101e-18 1.050864272657180949e-17
2.923718811487309566e+01 8.209924313152421388e-19 0.000000000000000000e+00 3.788803755237730876e-18 3.169995719858697784e-18 8.986464478147337568e-18
3.254318518513449021e+01 7.362742816671618878e-19 0.000000000000000000e+00 3.223832416809074392e-18 2.362749215832968162e-18 7.604049586807711793e-18
3.622300810299908846e+01 6.580547306542668691e-19 0.000000000000000000e+00 2.735151535818373925e-18 1.740556678163796967e-18 6.378585270762864454e-18
4.031892725206589034e+01 5.853741949763043012e-19 0.000000000000000000e+00 2.308056089862814588e-18 1.266889810360888138e-18 5.311771761335600759e-18
4.487799274248540371e+01 5.185413751727410856e-19 0.000000000000000000e+00 1.939088839320596433e-18 9.099674924378906234e-19 4.395508548210976844e-18
4.995257487887015913e+01 4.590353499330295249e-19 0.000000000000000000e+00 1.620821114709742023e-18 6.439538312054014304e-19 3.610318155872824732e-18
5.560096574165519456e+01 4.050238190763140341e-19 0.000000000000000000e+00 1.347526733758137230e-18 4.477658060399220101e-19 2.940555058302928394e-18
6.188804879230252709e+01 3.569504501138727626e-19 0.000000000000000000e+00 1.115276029508946186e-18 3.055465434219932783e-19 2.369310857372879256e-18
6.888604419417499969e+01 3.139268846488039588e-19 0.000000000000000000e+00 9.185912592468556456e-19 2.040160070656638538e-19 1.884881176925573902e-18
7.667533841060405564e+01 2.756420659934520076e-19 0.000000000000000000e+00 7.522787238463892455e-19 1.329827452894083023e-19 1.478411694814068079e-18
8.534540760983165342e+01 2.412941626536226283e-19 0.000000000000000000e+00 6.133018556333658731e-19 8.511121647131314837e-20 1.145441137074180059e-18
9.499584548401358575e+01 2.109026385675935176e-19 0.000000000000000000e+00 4.973990523990295018e-19 5.345955049023592545e-20 8.812227376698306129e-19
1.057375072889466310e+02 1.839283663334656217e-19 0.000000000000000000e+00 4.014494206347687716e-19 3.309543697908708746e-20 6.738160374329149280e-19
1.176937832461472624e+02 1.601132377804994652e-19 0.000000000000000000e+00 3.221727425906544953e-19 2.017732939539677231e-20 5.119136938861439253e-19
1.310020159349736844e+02 1.390535340020181639e-19 0.000000000000000000e+00 2.569963995211519020e-19 1.210269464985645812e-20 3.867365361234851348e-19
1.458150779564580262e+02 1.203034099469258500e-19 0.000000000000000000e+00 2.039498870908355074e-19 7.173800305540883730e-21 2.924235813000430415e-19
1.623031279915676635e+02 1.038251451816543930e-19 0.000000000000000000e+00 1.606735504328806225e-19 4.197290528686129606e-21 2.220130186710914177e-19
1.806555654259147161e+02 8.947686994312782325e-20 0.000000000000000000e+00 1.258523493673125154e-19 2.419605497216290001e-21 1.686814351436819385e-19
2.010832059937378347e+02 7.673335088892562100e-20 0.000000000000000000e+00 9.791554409984481799e-20 1.373553389531814399e-21 1.284357560999018836e-19
2.238207034330328042e+02 6.558379254881755949e-20 0.000000000000000000e+00 7.561002118425467425e-20 7.668479555047083872e-22 9.837602082282445138e-20
2.491292449694543905e+02 5.577576510217543880e-20 0.000000000000000000e+00 5.796935453256029676e-20 4.217871458825157280e-22 7.590233910835755550e-20
2.772995515922919481e+02 4.719885040491033680e-20 0.000000000000000000e+00 4.407789894822889994e-20 2.296484179416904220e-22 5.916208246617792789e-20
3.086552175868076802e+02 3.971345108897810858e-20 0.000000000000000000e+00 3.321673339691625342e-20 1.236733679787609286e-22 4.667352280549987898e-20
3.435564276845046834e+02 3.315893985852846996e-20 0.000000000000000000e+00 2.479647564531244820e-20 6.552780096722101569e-23 3.715486430610055670e-20
3.824040945302937757e+02 2.745823405690329013e-20 0.000000000000000000e+00 1.831949803420651189e-20 3.433993249845973308e-23 2.988926236277502682e-20
4.256444639942141634e+02 2.250764095116045111e-20 0.000000000000000000e+00 1.337809086358012203e-20 1.779278371755935511e-23 2.427071336211296380e-20
4.737742412289155709e+02 1.823861077341348119e-20 0.000000000000000000e+00 9.654529932509921453e-21 9.110443056366579602e-24 1.983513465686970877e-20
5.273462963565856398e+02 1.454717542954371729e-20 0.000000000000000000e+00 6.880744104158541090e-21 4.610580895097819923e-24 1.628560136026405086e-20
5.869760153267689020e+02 1.149512626539660484e-20 0.000000000000000000e+00 4.831993341033115789e-21 2.308354211892897703e-24 1.339592514605889543e-20
6.533483688978308237e+02 8.912086104625155864e-21 0.000000000000000000e+00 3.341626832096889863e-21 1.142508719404669798e-24 1.100563110807615021e-20
7.272257809440862957e+02 6.787736541843029605e-21 0.000000000000000000e+00 2.273780954215148198e-21 5.593483553087772006e-25 9.006314579511689212e-21
8.094568864722074295e+02 5.073172738699110224e-21 0.000000000000000000e+00 1.519792461061204759e-21 2.708350408314556271e-25 7.323255171745007352e-21
9.009862799510120794e+02 3.718370231601473443e-21 0.000000000000000000e+00 9.973334548840160718e-22 1.297359258856176221e-25 5.901430042320113704e-21
1.002865365934268880e+03 2.666628042827108319e-21 0.000000000000000000e+00 6.420841959079473404e-22 6.144985108094297607e-26 4.703004423202187506e-21
1.116264436618460877e+03 1.872591328888001522e-21 0.000000000000000000e+00 4.049696295584860592e-22 2.876602764133695368e-26 3.697483350636347099e-21
1.242486115071199492e+03 1.286828840299309313e-21 0.000000000000000000e+00 2.501305112095264300e-22 1.330921141888583953e-26 2.864447929057984784e-21
1.382980318553656389e+03 8.653082110821709335e-22 0.000000000000000000e+00 1.512094317797080858e-22 6.084189671526155077e-27 2.183380712486345747e-21
1.539360913821697523e+03 5.695698644171101721e-22 0.000000000000000000e+00 8.910871668811826521e-23 2.747129889044606863e-27 1.635719150306106121e-21
1.713424255726343517e+03 3.673371478120610091e-22 0.000000000000000000e+00 5.173158920815411199e-23 1.224160830780699543e-27 1.203625225903889953e-21
1.907169822067742189e+03 2.321731669274519162e-22 0.000000000000000000e+00 2.927844395701400175e-23 5.382625712841617762e-28 8.696354103827459734e-22
2.122823181736748211e+03 1.441379719434019146e-22 0.000000000000000000e+00 1.621669885481696479e-23 2.334526903269708216e-28 6.169597288611974659e-22
2.362861559980607581e+03 8.800596007803498801e-23 0.000000000000000000e+00 8.797113381951863821e-24 9.974955183148906311e-29 4.296859342569798869e-22
2.630042294462951304e+03 5.293822105168080924e-23 0.000000000000000000e+00 4.678129342069007631e-24 4.200190556678604861e-29 2.941400465327760578e-22
2.927434508994474982e+03 3.144304946100343132e-23 0.000000000000000000e+00 2.442233774310405290e-24 1.741688036072604923e-29 1.980185972295564247e-22
3.258454368773508122e+03 1.847043894469966551e-23 0.000000000000000000e+00 1.253080069931753541e-24 7.110669751120596962e-30 1.312414860566024026e-22
3.626904322114499791e+03 1.074740819006386718e-23 0.000000000000000000e+00 6.330414099639661583e-25 2.857439327750022714e-30 8.571958457524534049e-23
4.037016779438275080e+03 6.200753293999171086e-24 0.000000000000000000e+00 3.153542306404441610e-25 1.130255324479407941e-30 5.523860141830870920e-23
4.493502731267226409e+03 3.550280773014027944e-24 0.000000000000000000e+00 1.553071005829536173e-25 4.400196772995992947e-31 3.516256035869885685e-23
5.001605863702974602e+03 2.015695849213653234e-24 0.000000000000000000e+00 7.546496721951556581e-26 1.686363657495665073e-31 2.213399341358989233e-23
5.567162793016338583e+03 1.136188399165603622e-24 0.000000000000000000e+00 3.633813577361098551e-26 6.367236872116491196e-32 1.378985859608284495e-23
6.196670111266974345e+03 6.349810469014492631e-25 0.000000000000000000e+00 1.732325761577078320e-26 2.368768477276252273e-32 8.515235715611498669e-24
6.897359013111165041e+03 3.518498415670761115e-25 0.000000000000000000e+00 8.185562048044887551e-27 8.683212390759525150e-33 5.209312299265672014e-24
7.677278361042189317e+03 1.933211632625131947e-25 0.000000000000000000e+00 3.839231081963660179e-27 3.140714121697387830e-33 3.160836907862945107e-24
8.545387143236317570e+03 1.052247131007890720e-25 0.000000000000000000e+00 1.776957869500695106e-27 1.121442316134960111e-33 1.902473200220894283e-24
9.511657386079081334e+03 5.682414155025362787e-26 0.000000000000000000e+00 8.164852210036864817e-28 3.954851896170532114e-34 1.135039198663709353e-24
1.058718870352829254e+04 3.031766404459157939e-26 0.000000000000000000e+00 3.716383870966696147e-28 1.378770540507244950e-34 6.732386082409517823e-25
1.178433579916051713e+04 1.605840916885230036e-26 0.000000000000000000e+00 1.676795849421556102e-28 4.756091726728495742e-35 3.960022486251324385e-25
1.311685038551288017e+04 8.429123351665618366e-27 0.000000000000000000e+00 7.502942880509308076e-29 1.624731801162766819e-35 2.313300406106681314e-25
1.460003915097147365e+04 4.389960104349597510e-27 0.000000000000000000e+00 3.323502272523383090e-29 5.635901214320540101e-36 1.341216310341435308e-25
1.625093958876844590e+04 2.264957101521261969e-27 0.000000000000000000e+00 1.460789292718942414e-29 1.849707624700163098e-36 7.729486462246053900e-26
1.808851570786662342e+04 1.160125903948159999e-27 0.000000000000000000e+00 6.364527358823565029e-30 6.171042262703675431e-37 4.426636670566478356e-26
2.013387587385212828e+04 5.899044992433857331e-28 0.000000000000000000e+00 2.749417082943683852e-30 2.040961116514667174e-37 2.517860495263750215e-26
2.241051528221264743e+04 2.990029100110203473e-28 0.000000000000000000e+00 1.178937386652071043e-30 6.673835085351227683e-38 1.423085453814917110e-26
2.494458584929090648e+04 1.492426452755860010e-28 0.000000000000000000e+00 4.998502325949459579e-31 2.155674189814422388e-38 8.001015014263551081e-27
2.776519662118276028e+04 7.434513148996996368e-29 0.000000000000000000e+00 2.104726335401955512e-31 6.875498589140796048e-39 4.475676127457783022e-27
3.090474815138586200e+04 3.678936973691136221e-29 0.000000000000000000e+00 8.789208381809940113e-32 2.164188963658364310e-39 2.491670766705736244e-27
3.439930468822552211e+04 1.809822900334523323e-29 0.000000000000000000e+00 3.639655678702235566e-32 6.722064245529181582e-40 1.378733401456749838e-27
3.828900844740607135e+04 8.830152550340123132e-30 0.000000000000000000e+00 1.492619871208199905e-32 2.056427336475023269e-40 7.611923471509864352e-28
4.261854072845193878e+04 4.278750548476161608e-30 0.000000000000000000e+00 6.102503702896519381e-33 6.213179076887593438e-41 4.175200391919784942e-28
4.743763517192281142e+04 2.052642444598870148e-30 0.000000000000000000e+00 2.469287341224356161e-33 1.847600405843589480e-41 2.275042216819468633e-28
