3.870496725187513296e-25
3.862785425263804059e-25
3.853278094409896059e-25
3.841569833736919014e-25
3.827171416709538693e-25
3.809495308093452860e-25
3.787841239729608197e-25
3.761382457859876289e-25
3.729154420349539878e-25
3.690048575635516725e-25
3.642814852908916052e-25
3.586077489655353131e-25
3.518369516133494970e-25
3.438191102087704515e-25
3.344095361887902272e-25
3.234801420117709815e-25
3.109328314713715552e-25
2.967135596607048991e-25
2.808250141555552072e-25
2.633358427455127163e-25
2.443853490026965420e-25
2.241845749664391553e-25
2.030159980881101621e-25
1.812338098940605977e-25
1.592622299689999789e-25
1.375846668715966165e-25
1.167161959097759003e-25
9.715851320136284768e-26
7.934607703763141661e-26
6.359717544624623404e-26
5.008192085141333481e-26
3.881452764170088812e-26
2.967082154551685217e-26
2.242527131801728844e-26
1.679679585426774596e-26
1.249190382195134692e-26
9.028941017507561540e-27
6.513334491556332699e-27
4.730893094282003493e-27
3.424277114503597555e-27
2.483403322785606257e-27
1.794786296689999823e-27
1.298915827346900177e-27
9.363512380063387676e-28
6.758537285151134693e-28
4.876216734190966857e-28
3.510270618961491494e-28
2.527296469808919253e-28
1.817138081552984187e-28
1.306053688326849278e-28
9.349962313618432054e-29
6.687996197081419138e-29
4.778586126001898980e-29
3.401373412963471816e-29
2.415308693424535986e-29
1.709279583891547248e-29
1.205204217174997803e-29
8.469930375115924139e-30
5.920672982309408706e-30
4.093377269388285597e-30
2.845221481858079460e-30
1.953548002801031669e-30
1.333790457234995968e-30
9.012757929719960608e-31
6.044828531598999474e-31
4.016220008326306896e-31
2.626629961783076402e-31
1.708890862604002233e-31
1.095709190402424265e-31
6.913142917175649003e-32
4.307557285445311016e-32
2.639566832472003610e-32
1.588103685809912409e-32
9.394289871383009657e-33
5.430048796864736599e-33
3.065778053386788369e-33
1.691383938076208340e-33
9.068427584052614269e-34
4.698893578669480240e-34
2.348133294262202366e-34
1.125259665477397344e-34
5.108796366942921742e-35
2.178247232815909724e-35
8.569525897011973783e-36
3.034351440964952106e-36
9.306062180000863039e-37
2.323788418596870030e-37
4.210980643263113430e-38
4.615143021352995962e-39
1.904777433095451745e-40
1.536387794359379519e-42
7.944768536528529166e-46
0.000000000000000000e+00
0.000000000000000000e+00
0.000000000000000000e+00
0.000000000000000000e+00
0.000000000000000000e+00
0.000000000000000000e+00
0.000000000000000000e+00
0.000000000000000000e+00
0.000000000000000000e+00
