1.207402013097796500e-04
1.353183975221056677e-04
1.516567680798414954e-04
1.699678367877920874e-04
1.904897876177378060e-04
2.134895629221605744e-04
2.392663357269190529e-04
2.681554012692408812e-04
3.005325384007936224e-04
3.368188975874444879e-04
3.774864790870905394e-04
4.230642725637861166e-04
4.741451380001126745e-04
5.313935174122994334e-04
5.955540776793723581e-04
6.674613969092401192e-04
7.480508203385680122e-04
8.383706269761929258e-04
9.395956652495044553e-04
1.053042635021525508e-03
1.180187214761806505e-03
1.322683256655373882e-03
1.482384299333018227e-03
1.661367678052944052e-03
1.861961545950618566e-03
2.086775157839764611e-03
2.338732810485584512e-03
2.621111880833401631e-03
2.937585456980678494e-03
3.292270116421209397e-03
3.689779473044073332e-03
4.135284189408110211e-03
4.634579234910396472e-03
5.194159264719597213e-03
5.821303099976901652e-03
6.524168408153355192e-03
7.311897815132695211e-03
8.194737829288353814e-03
9.184172124477502086e-03
1.029307091565057064e-02
1.153585837010207005e-02
1.292870023198929019e-02
1.448971410067347032e-02
1.623920509810994339e-02
1.819992999076652795e-02
2.039739320167557879e-02
2.286017856304062290e-02
2.562032112471965273e-02
2.871372385493947688e-02
3.218062465353832557e-02
3.606611975248097401e-02
4.042075031185815570e-02
4.530115984160426601e-02
5.077083100044604835e-02
5.690091135610475526e-02
6.377113884795071463e-02
7.147087899020621027e-02
8.010028730727059010e-02
8.977161212172157789e-02
1.006106546412017799e-01
1.127584053364891759e-01
1.263728778961865640e-01
1.416311646134682523e-01
1.587317399406369400e-01
1.778970421753212072e-01
1.993763668599837224e-01
2.234491095310706665e-01
2.504283999983432096e-01
2.806651754278290944e-01
3.145527452096299470e-01
3.525319069887844492e-01
3.950966804067306271e-01
4.428007331358645438e-01
4.962645827948071187e-01
5.561836684243663953e-01
6.233373965151356444e-01
6.985992792542869978e-01
7.829482968663166176e-01
8.774816318451055253e-01
9.834289407197172039e-01
1.102168348996078961e+00
1.235244377331133236e+00
1.384388032116866896e+00
1.551539321805506688e+00
1.738872491860341540e+00
1.948824306579599153e+00
2.184125745673409114e+00
2.447837527891891796e+00
2.743389923783190909e+00
3.074627375451992606e+00
3.445858503716628718e+00
3.861912153140391268e+00
4.328200203951240610e+00
4.850787967885345608e+00
5.436473083638880155e+00
6.092873938172637338e+00
6.828528764022706810e+00
7.653006701640435949e+00
8.577032271421586529e+00
9.612624874513514328e+00
1.077325513697766723e+01
