1.130750692327928686e-01
1.258610405147937428e-01
1.400927863847154509e-01
1.559337879041819974e-01
1.735660117671788960e-01
1.931920005642124849e-01
2.150371994032327372e-01
2.393525456133791529e-01
2.664173512796570442e-01
2.965425117204216754e-01
3.300740767636747286e-01
3.673972258456772444e-01
4.089406925941130311e-01
4.551816897212992430e-01
5.066513908000347399e-01
5.639410318916393550e-01
6.277087031159984676e-01
6.986869081788666946e-01
7.776909786932382218e-01
8.656284399506954941e-01
9.635094357279943011e-01
1.072458331879385440e+00
1.193726632005933652e+00
1.328707353565032889e+00
1.478951029559519625e+00
1.646183519618872992e+00
1.832325835069660513e+00
2.039516205727196052e+00
2.270134641891203842e+00
2.526830273690812589e+00
2.812551781827917097e+00
3.130581269278923884e+00
3.484571963041524612e+00
3.878590179009094641e+00
4.317162032026175211e+00
4.805325427686717887e+00
5.348687933108493553e+00
5.953491191449344910e+00
6.626682620099295207e+00
7.375995216150769807e+00
8.210036385877771181e+00
9.138386818614648632e+00
1.017171054080553461e+01
1.132187741442305651e+01
1.260209948690413739e+01
1.402708275886435274e+01
1.561319611295706977e+01
1.737865934437485294e+01
1.934375245291317924e+01
2.153104860074833482e+01
2.396567341193258471e+01
2.667559359219734461e+01
2.969193818446092337e+01
3.304935615032462692e+01
3.678641438512181594e+01
4.094604073854566195e+01
4.557601712986547682e+01
5.072952842218001024e+01
5.646577336066496855e+01
6.285064459270529369e+01
6.995748558135107942e+01
7.786793310681446201e+01
8.667285503388200141e+01
9.647339411744201243e+01
1.073821298363942560e+02
1.195243716020092961e+02
1.330395981959127312e+02
1.480830599726184573e+02
1.648275622312260111e+02
1.834654502419944038e+02
2.042108187299334077e+02
2.273019711959061624e+02
2.530041573256335141e+02
2.816126199314139740e+02
3.134559864269867830e+02
3.489000437936515482e+02
3.883519404009430218e+02
4.322648629484688172e+02
4.811432422532707278e+02
5.355485476819503674e+02
5.961057367886078282e+02
6.635104342460454063e+02
7.385369225350968918e+02
8.220470361817269804e+02
9.150000617105888523e+02
1.018463757036523020e+03
1.133626616874516913e+03
1.261811525061741122e+03
1.404490950616833288e+03
1.563303862094662691e+03
1.740074554532910042e+03
1.936833605256939336e+03
2.155841199263766612e+03
2.399613092125426192e+03
2.670949508649424388e+03
2.972967309257252055e+03
3.309135793578345329e+03
3.683316552537929965e+03
4.099807826722448226e+03
4.563393880570234614e+03
5.079399959552218206e+03
