1.000000000000000021e-03
1.120740201309779671e-03
1.256058598831885339e-03
1.407715366911726834e-03
1.577683203699518921e-03
1.768172991317256727e-03
1.981662554239417302e-03
2.220928889966336355e-03
2.489084291235577236e-03
2.789616829636370858e-03
3.126435727223815346e-03
3.503922206310905885e-03
3.926986478874692002e-03
4.401131616874804676e-03
4.932525134287104110e-03
5.528079211966476468e-03
6.195540608875716587e-03
6.943591429214284599e-03
7.781962056190477525e-03
8.721557721439981981e-03
9.774600356461507489e-03
1.095478757122331399e-02
1.227747082787868788e-02
1.375985512721170610e-02
1.542122280526465015e-02
1.728318435121526872e-02
1.936995950905503333e-02
2.170869231954061784e-02
2.432980420037401947e-02
2.726738965735469797e-02
3.055965977377590737e-02
3.424943924681998070e-02
3.838472343622809091e-02
4.301930267113848738e-02
4.821346193585808459e-02
5.403476503583498625e-02
6.055893344398834144e-02
6.787083125912103665e-02
7.606556908840939046e-02
8.524974121288689255e-02
9.554281212853746319e-02
1.070786704986395332e-01
1.200073707306288234e-01
1.344970848313022938e-01
1.507362899294122371e-01
1.689362199201787651e-01
1.893336131218543439e-01
2.121937916848949668e-01
2.378141128096146195e-01
2.665278366645540964e-01
2.987084613180924220e-01
3.347745810705733960e-01
3.751953313824315517e-01
4.204964912240358177e-01
4.712673222244818660e-01
5.281682335805866213e-01
5.919393724285373359e-01
6.634102514187435462e-01
7.435105387260141363e-01
8.332821508477357142e-01
9.338928054889374941e-01
1.046651210825426670e+00
1.173024088721613234e+00
1.314655253335081486e+00
1.473386993275718426e+00
1.651284035451039633e+00
1.850660402311023356e+00
2.074109511842094022e+00
2.324537911840437232e+00
2.605203087268266327e+00
2.919755832477896274e+00
3.272287739466680723e+00
3.667384419873411350e+00
4.110185153009275894e+00
4.606449735804083012e+00
5.162633404228449407e+00
5.785970800743585052e+00
6.484570079997872050e+00
7.267518376864188667e+00
8.145000008709294192e+00
9.128428949429011396e+00
1.023059729842509036e+01
1.146584167575622359e+01
1.285022970787309049e+01
1.440176902967859718e+01
1.614064152153893872e+01
1.808946582811853787e+01
2.027359157379194698e+01
2.272142910168383878e+01
2.546481902546702969e+01
2.853944640091902230e+01
3.198530490463565101e+01
3.584721705777604228e+01
4.017541726172728289e+01
4.502620522961262850e+01
5.046267831325150865e+01
5.655555225142414599e+01
6.338408101544685280e+01
7.103708771708728875e+01
7.961411998850887528e+01
8.922674486302238961e+01
1.000000000000000568e+02
