1.000000000000000000e+00
1.113075069232792869e+00
1.238936109747586611e+00
1.379028896132302062e+00
1.534962684036484060e+00
1.708528695803662956e+00
1.901720696367875441e+00
2.116757895771108178e+00
2.356110441384487331e+00
2.622527792664144375e+00
2.919070304384566050e+00
3.249144381148240779e+00
3.616541606993918023e+00
4.025482299588031054e+00
4.480663989309330297e+00
4.987315380109365037e+00
5.551256412001004392e+00
6.178965115117002860e+00
6.877652023295869554e+00
7.655343001989107776e+00
8.520971441939803270e+00
9.484480877667797571e+00
1.055693920954718301e+01
1.175066584155311666e+01
1.307937319511814955e+01
1.455832422467766918e+01
1.620450774429654217e+01
1.803683357936620268e+01
2.007634978509339874e+01
2.234648442698460258e+01
2.487331470067541517e+01
2.768586648250333226e+01
3.081644775178225615e+01
3.430101971482378076e+01
3.817960989383287540e+01
4.249677192585905061e+01
4.730209735354576850e+01
5.265078528665426205e+01
5.860427647810360696e+01
6.523095909820290217e+01
7.260695431435367198e+01
8.081699070023144316e+01
8.995537751884609179e+01
1.001270880596516264e+02
1.114489654740746829e+02
1.240510649609788203e+02
1.380781477198431730e+02
1.536913438328002428e+02
1.710700031771750957e+02
1.904137556300882750e+02
2.119448042308366098e+02
2.359104776427691945e+02
2.625860712349665391e+02
2.922780094194274625e+02
3.253273655697520894e+02
3.621137799548739054e+02
4.030598206934195673e+02
4.486358378232850441e+02
4.993653662454650544e+02
5.558311396061300229e+02
6.186817841988353166e+02
6.886392697801863960e+02
7.665072028870008580e+02
8.531800579208828594e+02
9.496534520383248719e+02
1.057035581874719128e+03
1.176559953476728424e+03
1.309599551672641155e+03
1.457682611645259612e+03
1.622510173876485624e+03
1.805975624118480027e+03
2.010186442848413435e+03
2.237488414044319597e+03
2.490492571369953112e+03
2.772105191301367086e+03
3.085561177728353869e+03
3.434461221522005417e+03
3.822813161922948439e+03
4.255078024871417256e+03
4.736221267124687984e+03
5.271769814806638351e+03
5.867875551595246179e+03
6.531385985841291586e+03
7.269922908376388477e+03
8.091969944558115458e+03
9.006970006268704310e+03
1.002543376330522733e+04
1.115906038017974424e+04
1.242087190524148536e+04
1.382536285585831865e+04
1.538866671795298134e+04
1.712874127248589139e+04
1.906557487774283072e+04
2.122141607700659733e+04
2.362102916913202353e+04
2.629197867778144791e+04
2.926494598703869997e+04
3.257408178061704530e+04
3.625739833315497526e+04
4.035720615987742349e+04
4.492060004044765810e+04
4.999999999999987631e+04
