1.056032981064548126e+00
1.175443983510534363e+00
1.308357393325258133e+00
1.456299996156748877e+00
1.620971219045888478e+00
1.804262651863866251e+00
2.008279776137516404e+00
2.235366150863083323e+00
2.488130333132567262e+00
2.769475842811750965e+00
3.082634515476230241e+00
3.431203626733101864e+00
3.819187214377767425e+00
4.251042073056519932e+00
4.731728949778890581e+00
5.266769528365972342e+00
5.862309857419115922e+00
6.525190950410857837e+00
7.263027368885755841e+00
8.084294691462201143e+00
8.998426873397548320e+00
1.001592461509324039e+01
1.114847598437533449e+01
1.240909067814867583e+01
1.381224946569640366e+01
1.537407053029052229e+01
1.711249461989307719e+01
1.904749113378321468e+01
2.120128751244688203e+01
2.359862456574094125e+01
2.626704067231091244e+01
2.923718811487309566e+01
3.254318518513449021e+01
3.622300810299908846e+01
4.031892725206589034e+01
4.487799274248540371e+01
4.995257487887015913e+01
5.560096574165519456e+01
6.188804879230252709e+01
6.888604419417499969e+01
7.667533841060405564e+01
8.534540760983165342e+01
9.499584548401358575e+01
1.057375072889466310e+02
1.176937832461472624e+02
1.310020159349736844e+02
1.458150779564580262e+02
1.623031279915676635e+02
1.806555654259147161e+02
2.010832059937378347e+02
2.238207034330328042e+02
2.491292449694543905e+02
2.772995515922919481e+02
3.086552175868076802e+02
3.435564276845046834e+02
3.824040945302937757e+02
4.256444639942141634e+02
4.737742412289155709e+02
5.273462963565856398e+02
5.869760153267689020e+02
6.533483688978308237e+02
7.272257809440862957e+02
8.094568864722074295e+02
9.009862799510120794e+02
1.002865365934268880e+03
1.116264436618460877e+03
1.242486115071199492e+03
1.382980318553656389e+03
1.539360913821697523e+03
1.713424255726343517e+03
1.907169822067742189e+03
2.122823181736748211e+03
2.362861559980607581e+03
2.630042294462951304e+03
2.927434508994474982e+03
3.258454368773508122e+03
3.626904322114499791e+03
4.037016779438275080e+03
4.493502731267226409e+03
5.001605863702974602e+03
5.567162793016338583e+03
6.196670111266974345e+03
6.897359013111165041e+03
7.677278361042189317e+03
8.545387143236317570e+03
9.511657386079081334e+03
1.058718870352829254e+04
1.178433579916051713e+04
1.311685038551288017e+04
1.460003915097147365e+04
1.625093958876844590e+04
1.808851570786662342e+04
2.013387587385212828e+04
2.241051528221264743e+04
2.494458584929090648e+04
2.776519662118276028e+04
3.090474815138586200e+04
3.439930468822552211e+04
3.828900844740607135e+04
4.261854072845193878e+04
4.743763517192281142e+04
