1.056032981064548126e+00 0.000000000000000000e+00 0.000000000000000000e+00 0.000000000000000000e+00
1.175443983510534363e+00 0.000000000000000000e+00 0.000000000000000000e+00 0.000000000000000000e+00
1.308357393325258133e+00 4.531354012856924410e-10 1.216949749745237743e-08 0.000000000000000000e+00
1.456299996156748877e+00 1.946876002234983046e-09 5.768819905366444145e-08 0.000000000000000000e+00
1.620971219045888478e+00 3.063295976957857430e-09 1.003040177475488398e-07 0.000000000000000000e+00
1.804262651863866251e+00 3.497165288702524753e-09 1.267138198276323566e-07 0.000000000000000000e+00
2.008279776137516404e+00 3.515065182523599811e-09 1.404406962801814945e-07 0.000000000000000000e+00
2.235366150863083323e+00 3.515064851060493060e-09 1.546795577154120877e-07 0.000000000000000000e+00
2.488130333132567262e+00 3.515064440372818147e-09 1.701817975043949245e-07 0.000000000000000000e+00
2.769475842811750965e+00 3.515063931531103445e-09 1.870118339134196412e-07 0.000000000000000000e+00
3.082634515476230241e+00 3.515063301075019099e-09 2.052259031294434754e-07 0.000000000000000000e+00
3.431203626733101864e+00 3.515062520009373730e-09 2.248701414292818132e-07 0.000000000000000000e+00
3.819187214377767425e+00 3.515061552368825799e-09 2.459745630771568204e-07 0.000000000000000000e+00
4.251042073056519932e+00 3.515060353584683723e-09 2.685441454492707708e-07 0.000000000000000000e+00
4.731728949778890581e+00 3.515058868434224225e-09 2.925539171516900255e-07 0.000000000000000000e+00
5.266769528365972342e+00 3.515057028495933215e-09 3.179468414691986417e-07 0.000000000000000000e+00
5.862309857419115922e+00 3.515054749004038188e-09 3.446306080002975913e-07 0.000000000000000000e+00
6.525190950410857837e+00 3.515051924922874888e-09 3.724564199099069006e-07 0.000000000000000000e+00
7.263027368885755841e+00 3.515048426113934032e-09 4.009511759855243439e-07 0.000000000000000000e+00
8.084294691462201143e+00 3.515044091341957973e-09 4.303739176229123469e-07 0.000000000000000000e+00
8.998426873397548320e+00 3.515038720862995856e-09 4.601228126094324266e-07 0.000000000000000000e+00
1.001592461509324039e+01 3.515032067085831874e-09 4.900783836552740210e-07 0.000000000000000000e+00
1.114847598437533449e+01 3.515023823209915089e-09 5.187646811934196635e-07 0.000000000000000000e+00
1.240909067814867583e+01 3.515013609287382244e-09 5.465155533030718442e-07 0.000000000000000000e+00
1.381224946569640366e+01 3.515000954028486891e-09 5.722817161559847876e-07 0.000000000000000000e+00
1.537407053029052229e+01 3.514985274260804750e-09 5.952200564553490804e-07 0.000000000000000000e+00
1.711249461989307719e+01 3.514965847008983388e-09 6.144017558462256284e-07 0.000000000000000000e+00
1.904749113378321468e+01 3.514941778411413211e-09 6.288271927795591282e-07 0.000000000000000000e+00
2.120128751244688203e+01 3.514911961009761148e-09 6.374415290709831709e-07 0.000000000000000000e+00
2.359862456574094125e+01 3.514875020511920068e-09 6.392212994155176533e-07 0.000000000000000000e+00
2.626704067231091244e+01 3.514829256846125308e-09 6.332990374993514794e-07 0.000000000000000000e+00
2.923718811487309566e+01 3.514772562638746357e-09 6.190720973152070398e-07 0.000000000000000000e+00
3.254318518513449021e+01 3.514702327227620332e-09 5.963759075967214495e-07 0.000000000000000000e+00
3.622300810299908846e+01 3.514615315463720268e-09 5.656969738827936934e-07 0.000000000000000000e+00
4.031892725206589034e+01 3.514507520856802168e-09 5.283172806810103489e-07 0.000000000000000000e+00
4.487799274248540371e+01 3.514373980312858403e-09 4.863748241067777768e-07 0.000000000000000000e+00
4.995257487887015913e+01 3.514208544436531223e-09 4.427108439173342590e-07 0.000000000000000000e+00
5.560096574165519456e+01 3.514003598494130903e-09 4.004305344357247308e-07 0.000000000000000000e+00
6.188804879230252709e+01 3.513749705213262898e-09 3.624138928662760640e-07 0.000000000000000000e+00
6.888604419417499969e+01 3.513435187704148314e-09 3.304249406196741534e-07 0.000000000000000000e+00
7.667533841060405564e+01 3.513045566650595046e-09 3.042022169210797495e-07 0.000000000000000000e+00
8.534540760983165342e+01 3.512562941183142055e-09 2.811270245737348893e-07 0.000000000000000000e+00
9.499584548401358575e+01 3.511965120760262939e-09 2.570354204726743351e-07 0.000000000000000000e+00
1.057375072889466310e+02 3.511224669399913676e-09 2.286551103684525363e-07 0.000000000000000000e+00
1.176937832461472624e+02 3.510307724642238748e-09 1.961778623804614188e-07 0.000000000000000000e+00
1.310020159349736844e+02 3.509172348069267926e-09 1.644581071544325759e-07 0.000000000000000000e+00
1.458150779564580262e+02 3.507766675660577701e-09 1.389626574257447508e-07 0.000000000000000000e+00
1.623031279915676635e+02 3.506026618479190784e-09 1.207955025855909989e-07 0.000000000000000000e+00
1.806555654259147161e+02 3.503873035888800393e-09 1.054243722288723036e-07 0.000000000000000000e+00
2.010832059937378347e+02 3.501208262240382142e-09 8.907406959810202723e-08 0.000000000000000000e+00
2.238207034330328042e+02 3.497911963662399253e-09 7.355467733651345019e-08 0.000000000000000000e+00
2.491292449694543905e+02 3.493835852731621206e-09 6.130524501843717497e-08 0.000000000000000000e+00
2.772995515922919481e+02 3.488797761911482603e-09 5.120365068521944640e-08 0.000000000000000000e+00
3.086552175868076802e+02 3.482574032887737834e-09 4.226652101237526392e-08 0.000000000000000000e+00
3.435564276845046834e+02 3.474890857550780955e-09 3.461857951720941700e-08 0.000000000000000000e+00
3.824040945302937757e+02 3.465414097639918461e-09 2.828801068338314920e-08 0.000000000000000000e+00
4.256444639942141634e+02 3.453736963203455249e-09 2.300733893370674240e-08 0.000000000000000000e+00
4.737742412289155709e+02 3.439367516549885913e-09 1.860146111484645470e-08 0.000000000000000000e+00
5.273462963565856398e+02 3.421713176201811481e-09 1.499180849498559772e-08 0.000000000000000000e+00
5.869760153267689020e+02 3.400065711844089515e-09 1.202397491070938590e-08 0.000000000000000000e+00
6.533483688978308237e+02 3.373587533641378602e-09 9.596810219440230563e-09 0.000000000000000000e+00
7.272257809440862957e+02 3.341297146543942158e-09 7.627398994525468110e-09 0.000000000000000000e+00
8.094568864722074295e+02 3.302062001501197450e-09 6.040722467174915829e-09 0.000000000000000000e+00
9.009862799510120794e+02 3.254597910442564278e-09 4.764166050193752668e-09 0.000000000000000000e+00
1.002865365934268880e+03 3.197485106502754631e-09 3.741369975567653800e-09 0.000000000000000000e+00
1.116264436618460877e+03 3.129204002086019578e-09 2.925605329799101686e-09 0.000000000000000000e+00
1.242486115071199492e+03 3.048200984914155220e-09 2.277454799504597094e-09 0.000000000000000000e+00
1.382980318553656389e+03 2.952989482537938510e-09 1.764807597291121312e-09 0.000000000000000000e+00
1.539360913821697523e+03 2.842295435369623206e-09 1.361067786119834727e-09 0.000000000000000000e+00
1.713424255726343517e+03 2.715240412903885979e-09 1.044267836711433095e-09 0.000000000000000000e+00
1.907169822067742189e+03 2.571553454048478489e-09 7.967099996578644834e-10 0.000000000000000000e+00
2.122823181736748211e+03 2.411788037076483110e-09 6.042312354242371669e-10 0.000000000000000000e+00
2.362861559980607581e+03 2.236321959202017241e-09 4.553150515224230319e-10 0.000000000000000000e+00
2.630042294462951304e+03 2.050319688557330499e-09 3.407036615521563815e-10 0.000000000000000000e+00
2.927434508994474982e+03 1.856116595756196343e-09 2.530243828139624007e-10 0.000000000000000000e+00
3.258454368773508122e+03 1.658227703907217466e-09 1.864468060020821083e-10 0.000000000000000000e+00
3.626904322114499791e+03 1.461630139836150876e-09 1.362503142694358687e-10 0.000000000000000000e+00
4.037016779438275080e+03 1.271276841570916862e-09 9.871056843114891354e-11 0.000000000000000000e+00
4.493502731267226409e+03 1.091650113137206677e-09 7.090446640629114985e-11 0.000000000000000000e+00
5.001605863702974602e+03 9.265666051313096591e-10 5.050277389985698370e-11 0.000000000000000000e+00
5.567162793016338583e+03 7.775983653461896023e-10 3.567970656095510902e-11 0.000000000000000000e+00
6.196670111266974345e+03 6.466219783978509496e-10 2.500586629356054862e-11 0.000000000000000000e+00
6.897359013111165041e+03 5.333203279766642092e-10 1.740100349131340184e-11 0.000000000000000000e+00
7.677278361042189317e+03 4.367660399389731181e-10 1.202448600312671919e-11 0.000000000000000000e+00
8.545387143236317570e+03 3.554814752345165620e-10 8.254230301826107660e-12 0.000000000000000000e+00
9.511657386079081334e+03 2.877277327572419301e-10 5.630637290454804639e-12 0.000000000000000000e+00
1.058718870352829254e+04 2.317147459515777582e-10 3.818194297345263959e-12 0.000000000000000000e+00
1.178433579916051713e+04 1.857303425594642971e-10 2.574127940965819396e-12 0.000000000000000000e+00
1.311685038551288017e+04 1.482137933391951909e-10 1.726754094272776964e-12 0.000000000000000000e+00
1.460003915097147365e+04 1.177787221464529526e-10 1.154343999785050366e-12 0.000000000000000000e+00
1.625093958876844590e+04 9.321646203341793070e-11 7.694067236803011650e-13 0.000000000000000000e+00
1.808851570786662342e+04 7.349143327239190990e-11 5.107796176052669037e-13 0.000000000000000000e+00
2.013387587385212828e+04 5.772604914749322865e-11 3.372983101345467533e-13 0.000000000000000000e+00
2.241051528221264743e+04 4.518457643105269427e-11 2.214580353724260842e-13 0.000000000000000000e+00
2.494458584929090648e+04 3.523829563568469208e-11 1.445299997743322810e-13 0.000000000000000000e+00
2.776519662118276028e+04 2.739279201978105620e-11 9.376219872900181604e-14 0.000000000000000000e+00
3.090474815138586200e+04 2.122550737781980963e-11 6.043447966226083029e-14 0.000000000000000000e+00
3.439930468822552211e+04 1.639577987199003249e-11 3.870245676439726961e-14 0.000000000000000000e+00
3.828900844740607135e+04 1.262687838238270600e-11 2.461402423687501270e-14 0.000000000000000000e+00
4.261854072845193878e+04 9.695822761012656313e-12 1.554471407798872908e-14 0.000000000000000000e+00
4.743763517192281142e+04 7.423704743600050163e-12 9.743688194424995243e-15 0.000000000000000000e+00
