1.056032981064548126e+00 8.698437590715271573e-09 3.624331642846553080e-07 0.000000000000000000e+00
1.175443983510534363e+00 9.135840888088551656e-09 3.974159395603274952e-07 0.000000000000000000e+00
1.308357393325258133e+00 9.482495036665094090e-09 4.315700215265387775e-07 0.000000000000000000e+00
1.456299996156748877e+00 9.737152085337275975e-09 4.661294504535203616e-07 0.000000000000000000e+00
1.620971219045888478e+00 9.920668626628553815e-09 5.006420814187106138e-07 0.000000000000000000e+00
1.804262651863866251e+00 1.003358408833236152e-08 5.346045517665216459e-07 0.000000000000000000e+00
2.008279776137516404e+00 1.008430140300217722e-08 5.675354088479792721e-07 0.000000000000000000e+00
2.235366150863083323e+00 1.009720192461169457e-08 5.996417290473467198e-07 0.000000000000000000e+00
2.488130333132567262e+00 1.009791715081209422e-08 6.314251197738670480e-07 0.000000000000000000e+00
2.769475842811750965e+00 1.009767221742561200e-08 6.631948150884467512e-07 0.000000000000000000e+00
3.082634515476230241e+00 1.009736896719319256e-08 6.947528276021114468e-07 0.000000000000000000e+00
3.431203626733101864e+00 1.009699337191352458e-08 7.256178506958254345e-07 0.000000000000000000e+00
3.819187214377767425e+00 1.009652866343602421e-08 7.555674680784890993e-07 0.000000000000000000e+00
4.251042073056519932e+00 1.009595406569331620e-08 7.841052685801812376e-07 0.000000000000000000e+00
4.731728949778890581e+00 1.009524399601275164e-08 8.108790530064002586e-07 0.000000000000000000e+00
5.266769528365972342e+00 1.009436702868539490e-08 8.353020390727551076e-07 0.000000000000000000e+00
5.862309857419115922e+00 1.009328453258960206e-08 8.568852708455301385e-07 0.000000000000000000e+00
6.525190950410857837e+00 1.009194978736538940e-08 8.750833815745064035e-07 0.000000000000000000e+00
7.263027368885755841e+00 1.009030577308516040e-08 8.894354338884775339e-07 0.000000000000000000e+00
8.084294691462201143e+00 1.008828290313167263e-08 8.992714123664001604e-07 0.000000000000000000e+00
8.998426873397548320e+00 1.008579699692324705e-08 9.041617117253619358e-07 0.000000000000000000e+00
1.001592461509324039e+01 1.008274496718000427e-08 9.035781651614421596e-07 0.000000000000000000e+00
1.114847598437533449e+01 1.007900870291136300e-08 8.970488528796593002e-07 0.000000000000000000e+00
1.240909067814867583e+01 1.007444752184251152e-08 8.847396402301078137e-07 0.000000000000000000e+00
1.381224946569640366e+01 1.006889416959550261e-08 8.661911697993042369e-07 0.000000000000000000e+00
1.537407053029052229e+01 1.006214982930559874e-08 8.415603222826435421e-07 0.000000000000000000e+00
1.711249461989307719e+01 1.005400049442181859e-08 8.112461276363544603e-07 0.000000000000000000e+00
1.904749113378321468e+01 1.004420355453106876e-08 7.757801610805424347e-07 0.000000000000000000e+00
2.120128751244688203e+01 1.003248904532731428e-08 7.359023253193449557e-07 0.000000000000000000e+00
2.359862456574094125e+01 1.001857334899339637e-08 6.925149553150869123e-07 0.000000000000000000e+00
2.626704067231091244e+01 1.000215274772128687e-08 6.466606496472097951e-07 0.000000000000000000e+00
2.923718811487309566e+01 9.982911621881116652e-09 5.990982559064883413e-07 0.000000000000000000e+00
3.254318518513449021e+01 9.960522124222029298e-09 5.511047392179702078e-07 0.000000000000000000e+00
3.622300810299908846e+01 9.934654325226695825e-09 5.035535974364129252e-07 0.000000000000000000e+00
4.031892725206589034e+01 9.904978771196722263e-09 4.572010916811479815e-07 0.000000000000000000e+00
4.487799274248540371e+01 9.871155340617444402e-09 4.127617697860621489e-07 0.000000000000000000e+00
4.995257487887015913e+01 9.832832058522582143e-09 3.705906633989146214e-07 0.000000000000000000e+00
5.560096574165519456e+01 9.789647626471044009e-09 3.310574918878683052e-07 0.000000000000000000e+00
6.188804879230252709e+01 9.741242758656994158e-09 2.942483734227029037e-07 0.000000000000000000e+00
6.888604419417499969e+01 9.687220679843673310e-09 2.600445455692453828e-07 0.000000000000000000e+00
7.667533841060405564e+01 9.627149251629072206e-09 2.284051649224271369e-07 0.000000000000000000e+00
8.534540760983165342e+01 9.560582955116274830e-09 1.992910080372947120e-07 0.000000000000000000e+00
9.499584548401358575e+01 9.486980249084943366e-09 1.726644237953381718e-07 0.000000000000000000e+00
1.057375072889466310e+02 9.405743479565385680e-09 1.484654021273906868e-07 0.000000000000000000e+00
1.176937832461472624e+02 9.316264349647577617e-09 1.266312806051565489e-07 0.000000000000000000e+00
1.310020159349736844e+02 9.217871382530584633e-09 1.071863678442901873e-07 0.000000000000000000e+00
1.458150779564580262e+02 9.109844981888131464e-09 9.019346262741899675e-08 0.000000000000000000e+00
1.623031279915676635e+02 8.991463029392706269e-09 7.558864652941023221e-08 0.000000000000000000e+00
1.806555654259147161e+02 8.861957271522773653e-09 6.313070051656473195e-08 0.000000000000000000e+00
2.010832059937378347e+02 8.720450576883313846e-09 5.249175771228282641e-08 0.000000000000000000e+00
2.238207034330328042e+02 8.566365862891865013e-09 4.340926777703935660e-08 0.000000000000000000e+00
2.491292449694543905e+02 8.398722705707596435e-09 3.564028558159117345e-08 0.000000000000000000e+00
2.772995515922919481e+02 8.216715435562915191e-09 2.911160932923330640e-08 0.000000000000000000e+00
3.086552175868076802e+02 8.019637410842182432e-09 2.370614941215314465e-08 0.000000000000000000e+00
3.435564276845046834e+02 7.806888990618611532e-09 1.920571925795620105e-08 0.000000000000000000e+00
3.824040945302937757e+02 7.577850436340362452e-09 1.548892386097281914e-08 0.000000000000000000e+00
4.256444639942141634e+02 7.331943038724710950e-09 1.243165001729889864e-08 0.000000000000000000e+00
4.737742412289155709e+02 7.068905115688032702e-09 9.939159059761362306e-09 0.000000000000000000e+00
5.273462963565856398e+02 6.788489671689611086e-09 7.911395183987441753e-09 0.000000000000000000e+00
5.869760153267689020e+02 6.482275432422833713e-09 6.270100731338996377e-09 0.000000000000000000e+00
6.533483688978308237e+02 6.177955906692051599e-09 4.948369604347613552e-09 0.000000000000000000e+00
7.272257809440862957e+02 5.848493938521985522e-09 3.889045903863428800e-09 0.000000000000000000e+00
8.094568864722074295e+02 5.506782521078321683e-09 3.042674596153341336e-09 0.000000000000000000e+00
9.009862799510120794e+02 5.153853904208340039e-09 2.370373286857288903e-09 0.000000000000000000e+00
1.002865365934268880e+03 4.792367218589994637e-09 1.837804151510674454e-09 0.000000000000000000e+00
1.116264436618460877e+03 4.424943839646828173e-09 1.418176278458893791e-09 0.000000000000000000e+00
1.242486115071199492e+03 4.055729367826903369e-09 1.088840515142143807e-09 0.000000000000000000e+00
1.382980318553656389e+03 3.689147204460744500e-09 8.320696479533016277e-10 0.000000000000000000e+00
1.539360913821697523e+03 3.328730975050271739e-09 6.325957849256737975e-10 0.000000000000000000e+00
1.713424255726343517e+03 2.978718108637666913e-09 4.780991966529345092e-10 0.000000000000000000e+00
1.907169822067742189e+03 2.642910001982183579e-09 3.592506546510010712e-10 0.000000000000000000e+00
2.122823181736748211e+03 2.325068617762753311e-09 2.682759485183061924e-10 0.000000000000000000e+00
2.362861559980607581e+03 2.027426468996090274e-09 1.990699128983106407e-10 0.000000000000000000e+00
2.630042294462951304e+03 1.752543050643457770e-09 1.468962377386452974e-10 0.000000000000000000e+00
2.927434508994474982e+03 1.502252854379213211e-09 1.074163846374574679e-10 0.000000000000000000e+00
3.258454368773508122e+03 1.277073470047250796e-09 7.808608318645633863e-11 0.000000000000000000e+00
3.626904322114499791e+03 1.076822544666981918e-09 5.636995428306728752e-11 0.000000000000000000e+00
4.037016779438275080e+03 9.011371717677022984e-10 4.041462134941668871e-11 0.000000000000000000e+00
4.493502731267226409e+03 7.482990235984558691e-10 2.875949415973484936e-11 0.000000000000000000e+00
5.001605863702974602e+03 6.173024270824538438e-10 2.031498896933764242e-11 0.000000000000000000e+00
5.567162793016338583e+03 5.057078288352176715e-10 1.425638152191040484e-11 0.000000000000000000e+00
6.196670111266974345e+03 4.118597314380776892e-10 9.935578063110549413e-12 0.000000000000000000e+00
6.897359013111165041e+03 3.336726810102900618e-10 6.881910535178686857e-12 0.000000000000000000e+00
7.677278361042189317e+03 2.688596881466012881e-10 4.736454111043629007e-12 0.000000000000000000e+00
8.545387143236317570e+03 2.155895425269745210e-10 3.240091377299615585e-12 0.000000000000000000e+00
9.511657386079081334e+03 1.720306329809026192e-10 2.204365858082523386e-12 0.000000000000000000e+00
1.058718870352829254e+04 1.366251947531285369e-10 1.492108489211329580e-12 0.000000000000000000e+00
1.178433579916051713e+04 1.083164526962900090e-10 1.004369293576038310e-12 0.000000000000000000e+00
1.311685038551288017e+04 8.544130213622951871e-11 6.733137789465684118e-13 0.000000000000000000e+00
1.460003915097147365e+04 6.711805951461619518e-11 4.490666820854309886e-13 0.000000000000000000e+00
1.625093958876844590e+04 5.255761559170380886e-11 2.982888883021233592e-13 0.000000000000000000e+00
1.808851570786662342e+04 4.100478861500380161e-11 1.971903913257480594e-13 0.000000000000000000e+00
2.013387587385212828e+04 3.188967806159656082e-11 1.298012819234584760e-13 0.000000000000000000e+00
2.241051528221264743e+04 2.471303305057629519e-11 8.497928373142138452e-14 0.000000000000000000e+00
2.494458584929090648e+04 1.908717437840318608e-11 5.534171966728079208e-14 0.000000000000000000e+00
2.776519662118276028e+04 1.468854726439926574e-11 3.579852635184872216e-14 0.000000000000000000e+00
3.090474815138586200e+04 1.126840676695809738e-11 2.301880525854948347e-14 0.000000000000000000e+00
3.439930468822552211e+04 8.605439043905412805e-12 1.470378138806041410e-14 0.000000000000000000e+00
3.828900844740607135e+04 6.542242751419562063e-12 9.329464195792632426e-15 0.000000000000000000e+00
4.261854072845193878e+04 4.945591096552858852e-12 5.877040554714566105e-15 0.000000000000000000e+00
4.743763517192281142e+04 3.711566561495451489e-12 3.673220953340303693e-15 0.000000000000000000e+00
