1.056032981064548126e+00 0.000000000000000000e+00 0.000000000000000000e+00 0.000000000000000000e+00
1.175443983510534363e+00 0.000000000000000000e+00 0.000000000000000000e+00 0.000000000000000000e+00
1.308357393325258133e+00 8.345383500058270595e-10 2.241208447561397232e-08 0.000000000000000000e+00
1.456299996156748877e+00 3.822858415934495553e-09 1.132751511514946537e-07 0.000000000000000000e+00
1.620971219045888478e+00 6.380195315931289427e-09 2.089474979147232423e-07 0.000000000000000000e+00
1.804262651863866251e+00 7.561466181226678129e-09 2.742855087608364001e-07 0.000000000000000000e+00
2.008279776137516404e+00 7.617986574890558441e-09 3.047851200695708900e-07 0.000000000000000000e+00
2.235366150863083323e+00 7.617985876311083756e-09 3.357222798935695724e-07 0.000000000000000000e+00
2.488130333132567262e+00 7.617985010772268203e-09 3.694142673525403975e-07 0.000000000000000000e+00
2.769475842811750965e+00 7.617983938361489175e-09 4.060040641550182866e-07 0.000000000000000000e+00
3.082634515476230241e+00 7.617982609676001663e-09 4.456175102605940369e-07 0.000000000000000000e+00
3.431203626733101864e+00 7.617980963585783627e-09 4.883585505822801416e-07 0.000000000000000000e+00
3.819187214377767425e+00 7.617978924246431287e-09 5.342972440485404621e-07 0.000000000000000000e+00
4.251042073056519932e+00 7.617976397742915154e-09 5.834515369776093891e-07 0.000000000000000000e+00
4.731728949778890581e+00 7.617973267696743085e-09 6.357748170056688060e-07 0.000000000000000000e+00
5.266769528365972342e+00 7.617969389872582216e-09 6.911498335770864798e-07 0.000000000000000000e+00
5.862309857419115922e+00 7.617964585700519904e-09 7.493839945606743352e-07 0.000000000000000000e+00
6.525190950410857837e+00 7.617958633613254290e-09 8.101652251478076177e-07 0.000000000000000000e+00
7.263027368885755841e+00 7.617951259593760818e-09 8.730661480428517922e-07 0.000000000000000000e+00
8.084294691462201143e+00 7.617942123654513925e-09 9.375156503192403020e-07 0.000000000000000000e+00
8.998426873397548320e+00 7.617930804893028326e-09 1.002774453779978357e-06 0.000000000000000000e+00
1.001592461509324039e+01 7.617916781518190154e-09 1.067906327219682391e-06 0.000000000000000000e+00
1.114847598437533449e+01 7.617899406928593999e-09 1.131780942997243245e-06 0.000000000000000000e+00
1.240909067814867583e+01 7.617877880275146978e-09 1.193066813699440906e-06 0.000000000000000000e+00
1.381224946569640366e+01 7.617851208875619521e-09 1.250185688552141049e-06 0.000000000000000000e+00
1.537407053029052229e+01 7.617818163281299487e-09 1.301315346278433402e-06 0.000000000000000000e+00
1.711249461989307719e+01 7.617777219605003634e-09 1.344436612595834136e-06 0.000000000000000000e+00
1.904749113378321468e+01 7.617726494895573945e-09 1.377371407934611363e-06 0.000000000000000000e+00
2.120128751244688203e+01 7.617663653632458052e-09 1.397809174709705629e-06 0.000000000000000000e+00
2.359862456574094125e+01 7.617585800122599190e-09 1.403496005803419222e-06 0.000000000000000000e+00
2.626704067231091244e+01 7.617489352276678282e-09 1.392470913136931192e-06 0.000000000000000000e+00
2.923718811487309566e+01 7.617369862665706082e-09 1.363350169848431524e-06 0.000000000000000000e+00
3.254318518513449021e+01 7.617221836941112785e-09 1.315635076246288513e-06 0.000000000000000000e+00
3.622300810299908846e+01 7.617038449937079178e-09 1.250237875562894870e-06 0.000000000000000000e+00
4.031892725206589034e+01 7.616811261331451124e-09 1.169750999700102827e-06 0.000000000000000000e+00
4.487799274248540371e+01 7.616529811099286786e-09 1.078659524273395838e-06 0.000000000000000000e+00
4.995257487887015913e+01 7.616181135573203333e-09 9.830323821399371422e-07 0.000000000000000000e+00
5.560096574165519456e+01 7.615749187497310256e-09 8.896502358248415652e-07 0.000000000000000000e+00
6.188804879230252709e+01 7.615214087485737824e-09 8.049304675143658348e-07 0.000000000000000000e+00
6.888604419417499969e+01 7.614551201903026507e-09 7.330706448753835032e-07 0.000000000000000000e+00
7.667533841060405564e+01 7.613730033948578769e-09 6.740823577319712358e-07 0.000000000000000000e+00
8.534540760983165342e+01 7.612712850785577095e-09 6.228194479758352325e-07 0.000000000000000000e+00
9.499584548401358575e+01 7.611452879043933297e-09 5.704698594707270365e-07 0.000000000000000000e+00
1.057375072889466310e+02 7.609892305315072581e-09 5.093480220514133809e-07 0.000000000000000000e+00
1.176937832461472624e+02 7.607959750946770024e-09 4.390984407240204833e-07 0.000000000000000000e+00
1.310020159349736844e+02 7.605566724067181827e-09 3.688667882968494615e-07 0.000000000000000000e+00
1.458150779564580262e+02 7.602603989979788647e-09 3.109957315192560696e-07 0.000000000000000000e+00
1.623031279915676635e+02 7.598936348447230924e-09 2.692524108007942785e-07 0.000000000000000000e+00
1.806555654259147161e+02 7.594396973948693584e-09 2.351585370027463285e-07 0.000000000000000000e+00
2.010832059937378347e+02 7.588779916575998335e-09 1.997795279727666877e-07 0.000000000000000000e+00
2.238207034330328042e+02 7.581831304309727281e-09 1.653427308129554356e-07 0.000000000000000000e+00
2.491292449694543905e+02 7.573238507426878494e-09 1.373934090793880235e-07 0.000000000000000000e+00
2.772995515922919481e+02 7.562617253416466903e-09 1.147771629736572936e-07 0.000000000000000000e+00
3.086552175868076802e+02 7.549495512260594547e-09 9.500788207669835187e-08 0.000000000000000000e+00
3.435564276845046834e+02 7.533295452339489519e-09 7.782544889491000984e-08 0.000000000000000000e+00
3.824040945302937757e+02 7.513311568907984015e-09 6.358961392233027333e-08 0.000000000000000000e+00
4.256444639942141634e+02 7.488684606279591718e-09 5.178008076089291604e-08 0.000000000000000000e+00
4.737742412289155709e+02 7.458374986415037545e-09 4.188194149811133851e-08 0.000000000000000000e+00
5.273462963565856398e+02 7.421129556298015723e-09 3.376636366477087191e-08 0.000000000000000000e+00
5.869760153267689020e+02 7.375448121779047229e-09 2.710007975886493689e-08 0.000000000000000000e+00
6.533483688978308237e+02 7.319557292831597256e-09 2.164295505611909873e-08 0.000000000000000000e+00
7.272257809440862957e+02 7.251371955304337197e-09 1.720897715706330909e-08 0.000000000000000000e+00
8.094568864722074295e+02 7.168484691916935699e-09 1.363595617414495100e-08 0.000000000000000000e+00
9.009862799510120794e+02 7.068156733014074754e-09 1.076060696113203371e-08 0.000000000000000000e+00
1.002865365934268880e+03 6.947351601830535492e-09 8.455260036259853014e-09 0.000000000000000000e+00
1.116264436618460877e+03 6.802806977066603093e-09 6.615526850349351495e-09 0.000000000000000000e+00
1.242486115071199492e+03 6.631163543222775213e-09 5.153017573113703234e-09 0.000000000000000000e+00
1.382980318553656389e+03 6.429176088954559590e-09 3.995749571456254702e-09 0.000000000000000000e+00
1.539360913821697523e+03 6.194015768631167104e-09 3.083684900235615528e-09 0.000000000000000000e+00
1.713424255726343517e+03 5.923654277859627928e-09 2.367715534216761529e-09 0.000000000000000000e+00
1.907169822067742189e+03 5.617312718563845744e-09 1.807827637508541491e-09 0.000000000000000000e+00
2.122823181736748211e+03 5.275930994981059203e-09 1.372280542038732273e-09 0.000000000000000000e+00
2.362861559980607581e+03 4.902569300652430583e-09 1.035034560326068536e-09 0.000000000000000000e+00
2.630042294462951304e+03 4.502615852314530586e-09 7.753288292008985595e-10 0.000000000000000000e+00
2.927434508994474982e+03 4.083741624626433142e-09 5.764529764331968352e-10 0.000000000000000000e+00
3.258454368773508122e+03 3.655491620155863511e-09 4.254530724737885089e-10 0.000000000000000000e+00
3.626904322114499791e+03 3.228529797431434372e-09 3.113260605274040767e-10 0.000000000000000000e+00
4.037016779438275080e+03 2.813625150487892670e-09 2.258692057308771091e-10 0.000000000000000000e+00
4.493502731267226409e+03 2.420668585629263465e-09 1.624697713412827905e-10 0.000000000000000000e+00
5.001605863702974602e+03 2.057637781933446975e-09 1.158806400599451450e-10 0.000000000000000000e+00
5.567162793016338583e+03 1.730070879187655900e-09 8.273588375157949532e-11 0.000000000000000000e+00
6.196670111266974345e+03 1.440649883575019669e-09 5.751328677245454407e-11 0.000000000000000000e+00
6.897359013111165041e+03 1.189638765060819507e-09 4.008125991457899927e-11 0.000000000000000000e+00
7.677278361042189317e+03 9.752481251905569151e-10 2.772758602118380459e-11 0.000000000000000000e+00
8.545387143236317570e+03 7.944469464672099777e-10 1.905355908441542383e-11 0.000000000000000000e+00
9.511657386079081334e+03 6.435277687013836608e-10 1.300997528692600731e-11 0.000000000000000000e+00
1.058718870352829254e+04 5.186108626617656087e-10 8.829922611805937604e-12 0.000000000000000000e+00
1.178433579916051713e+04 4.159598081666634224e-10 5.957931656534740150e-12 0.000000000000000000e+00
1.311685038551288017e+04 3.321377476175266468e-10 3.999449479351675617e-12 0.000000000000000000e+00
1.460003915097147365e+04 2.640879259885947506e-10 2.674832793268008986e-12 0.000000000000000000e+00
1.625093958876844590e+04 2.091292635603412980e-10 1.783644053709281407e-12 0.000000000000000000e+00
1.808851570786662342e+04 1.649631679122815914e-10 1.184946708022357279e-12 0.000000000000000000e+00
2.013387587385212828e+04 1.296427731299464511e-10 7.830719462718830744e-13 0.000000000000000000e+00
2.241051528221264743e+04 1.015155769444724526e-10 5.145450403398791918e-13 0.000000000000000000e+00
2.494458584929090648e+04 7.921711770433237047e-11 3.360903934765257892e-13 0.000000000000000000e+00
2.776519662118276028e+04 6.160958312572918423e-11 2.181977247957836456e-13 0.000000000000000000e+00
3.090474815138586200e+04 4.776031676895306209e-11 1.407663781849677109e-13 0.000000000000000000e+00
3.439930468822552211e+04 3.691034321400897843e-11 9.022015373644269826e-14 0.000000000000000000e+00
3.828900844740607135e+04 2.843741792661268455e-11 5.742865006489290154e-14 0.000000000000000000e+00
4.261854072845193878e+04 2.184546315660887976e-11 3.629910222682184320e-14 0.000000000000000000e+00
4.743763517192281142e+04 1.673323646352229211e-11 2.277139331353872316e-14 0.000000000000000000e+00
