1.056032981064548126e+00 0.000000000000000000e+00 0.000000000000000000e+00 4.366615111693875111e-06
1.175443983510534363e+00 0.000000000000000000e+00 0.000000000000000000e+00 4.366615111693875111e-06
1.308357393325258133e+00 2.791833620703192547e-08 7.495549525133422551e-07 4.366615111693875111e-06
1.456299996156748877e+00 1.879116435643456512e-07 5.567713454829649251e-06 4.366615111693875111e-06
1.620971219045888478e+00 3.094909116889863632e-07 1.013262320051327790e-05 4.366615111693875111e-06
1.804262651863866251e+00 3.383569191220230511e-07 1.224610667855445276e-05 4.366615111693875111e-06
2.008279776137516404e+00 3.389617355951655891e-07 1.352553502560381234e-05 4.366615111693875111e-06
2.235366150863083323e+00 3.389617037300754280e-07 1.489687191066473579e-05 4.366615111693875111e-06
2.488130333132567262e+00 3.389616642505897875e-07 1.638990177064682130e-05 4.366615111693875111e-06
2.769475842811750965e+00 3.389616153385930507e-07 1.801081300251766582e-05 4.366615111693875111e-06
3.082634515476230241e+00 3.389615547391680509e-07 1.976501431924398321e-05 4.366615111693875111e-06
3.431203626733101864e+00 3.389614796624345877e-07 2.165691776059411840e-05 4.366615111693875111e-06
3.819187214377767425e+00 3.389613866498897983e-07 2.368944538589308986e-05 4.366615111693875111e-06
4.251042073056519932e+00 3.389612714161522275e-07 2.586305900269298297e-05 4.366615111693875111e-06
4.731728949778890581e+00 3.389611286515758873e-07 2.817526211662953908e-05 4.366615111693875111e-06
5.266769528365972342e+00 3.389609517767366452e-07 3.062048512823547049e-05 4.366615111693875111e-06
5.862309857419115922e+00 3.389607326406721310e-07 3.318989360492835886e-05 4.366615111693875111e-06
6.525190950410857837e+00 3.389604611432593082e-07 3.586917556408244199e-05 4.366615111693875111e-06
7.263027368885755841e+00 3.389601247717861258e-07 3.863857557735761087e-05 4.366615111693875111e-06
8.084294691462201143e+00 3.389597080234946942e-07 4.147256170676133670e-05 4.366615111693875111e-06
8.998426873397548320e+00 3.389591916958126740e-07 4.433756821123266943e-05 4.366615111693875111e-06
1.001592461509324039e+01 3.389585519914595793e-07 4.719134941303205295e-05 4.366615111693875111e-06
1.114847598437533449e+01 3.389577594242804273e-07 4.998485045867327373e-05 4.366615111693875111e-06
1.240909067814867583e+01 3.389567774893083490e-07 5.265547791433704820e-05 4.366615111693875111e-06
1.381224946569640366e+01 3.389555608982144895e-07 5.513431807916857906e-05 4.366615111693875111e-06
1.537407053029052229e+01 3.389540536336210235e-07 5.733951641077898791e-05 4.366615111693875111e-06
1.711249461989307719e+01 3.389521862483733963e-07 5.918151529345273853e-05 4.366615111693875111e-06
1.904749113378321468e+01 3.389498727730047160e-07 6.056368311749286612e-05 4.366615111693875111e-06
2.120128751244688203e+01 3.389470066766542745e-07 6.138172463113867683e-05 4.366615111693875111e-06
2.359862456574094125e+01 3.389434558042669180e-07 6.154213134002581125e-05 4.366615111693875111e-06
2.626704067231091244e+01 3.389390567001291709e-07 6.095510806684490313e-05 4.366615111693875111e-06
2.923718811487309566e+01 3.389336067228045901e-07 5.956475686524782392e-05 4.366615111693875111e-06
3.254318518513449021e+01 3.389268548461729982e-07 5.735437402829774768e-05 4.366615111693875111e-06
3.622300810299908846e+01 3.389184899547418072e-07 5.437157409914332456e-05 4.366615111693875111e-06
4.031892725206589034e+01 3.389081268117199718e-07 5.074194575195946127e-05 4.366615111693875111e-06
4.487799274248540371e+01 3.388952882153749127e-07 4.667381409345125302e-05 4.366615111693875111e-06
4.995257487887015913e+01 3.388793829309725980e-07 4.244564018270276554e-05 4.366615111693875111e-06
5.560096574165519456e+01 3.388596789327850291e-07 3.836144649505110384e-05 4.366615111693875111e-06
6.188804879230252709e+01 3.388352691294251249e-07 3.470057921867114408e-05 4.366615111693875111e-06
6.888604419417499969e+01 3.388050315204317885e-07 3.163774256953793884e-05 4.366615111693875111e-06
7.667533841060405564e+01 3.387675744969711142e-07 2.915327132228753379e-05 4.366615111693875111e-06
8.534540760983165342e+01 3.387211784524346978e-07 2.697749244234481182e-05 4.366615111693875111e-06
9.499584548401358575e+01 3.386637114994762756e-07 2.469197991543913424e-05 4.366615111693875111e-06
1.057375072889466310e+02 3.385925373484561803e-07 2.194807856460118220e-05 4.366615111693875111e-06
1.176937832461472624e+02 3.385043972366147188e-07 1.877755995812490541e-05 4.366615111693875111e-06
1.310020159349736844e+02 3.383952578174927919e-07 1.566721512219934170e-05 4.366615111693875111e-06
1.458150779564580262e+02 3.382601316721032909e-07 1.321978729606007636e-05 4.366615111693875111e-06
1.623031279915676635e+02 3.380928552413559094e-07 1.153860971589273602e-05 4.366615111693875111e-06
1.806555654259147161e+02 3.378858163520954825e-07 1.011772766083954569e-05 4.366615111693875111e-06
2.010832059937378347e+02 3.376296210903809977e-07 8.526207090043875340e-06 4.366615111693875111e-06
2.238207034330328042e+02 3.373126950190414890e-07 6.991415296629078766e-06 4.366615111693875111e-06
2.491292449694543905e+02 3.369207732912848106e-07 5.836396099225863950e-06 4.366615111693875111e-06
2.772995515922919481e+02 3.364363334064896814e-07 4.900469440963460194e-06 4.366615111693875111e-06
3.086552175868076802e+02 3.358378578387089197e-07 4.025551363368640504e-06 4.366615111693875111e-06
3.435564276845046834e+02 3.350990069747658040e-07 3.296247215816078288e-06 4.366615111693875111e-06
3.824040945302937757e+02 3.341876417388393337e-07 2.697125447625830782e-06 4.366615111693875111e-06
4.256444639942141634e+02 3.330646180210997650e-07 2.190885753130665790e-06 4.366615111693875111e-06
4.737742412289155709e+02 3.316826026347416935e-07 1.770257769077996942e-06 4.366615111693875111e-06
5.273462963565856398e+02 3.299845511534691738e-07 1.426841788024722785e-06 4.366615111693875111e-06
5.869760153267689020e+02 3.279022595875154527e-07 1.144184753395598323e-06 4.366615111693875111e-06
6.533483688978308237e+02 3.253549502006069369e-07 9.124096699165602365e-07 4.366615111693875111e-06
7.272257809440862957e+02 3.222478057752881933e-07 7.250310403804606129e-07 4.366615111693875111e-06
8.094568864722074295e+02 3.184714280086437173e-07 5.740658236583037826e-07 4.366615111693875111e-06
9.009862799510120794e+02 3.139016408235572621e-07 4.524689017116653411e-07 4.366615111693875111e-06
1.002865365934268880e+03 3.084009645431118993e-07 3.552988765180851190e-07 4.366615111693875111e-06
1.116264436618460877e+03 3.018220331540026087e-07 2.777444068388273081e-07 4.366615111693875111e-06
1.242486115071199492e+03 2.940138740130972414e-07 2.161387163227750099e-07 4.366615111693875111e-06
1.382980318553656389e+03 2.848316139234517484e-07 1.674228125836822076e-07 4.366615111693875111e-06
1.539360913821697523e+03 2.741505765851827980e-07 1.290767200023885288e-07 4.366615111693875111e-06
1.713424255726343517e+03 2.618840088666904051e-07 9.897926238122339056e-08 4.366615111693875111e-06
1.907169822067742189e+03 2.480037686740213399e-07 7.549038097990520413e-08 4.366615111693875111e-06
2.122823181736748211e+03 2.325616617206615370e-07 5.721055817481723074e-08 4.366615111693875111e-06
2.362861559980607581e+03 2.157144370121204778e-07 4.309527726101372090e-08 4.366615111693875111e-06
2.630042294462951304e+03 1.977022155217083625e-07 3.222353621119236807e-08 4.366615111693875111e-06
2.927434508994474982e+03 1.788912802609129023e-07 2.391025432837485632e-08 4.366615111693875111e-06
3.258454368773508122e+03 1.597221763107425689e-07 1.760295984631406017e-08 4.366615111693875111e-06
3.626904322114499791e+03 1.406819575973776804e-07 1.285177100955983023e-08 4.366615111693875111e-06
4.037016779438275080e+03 1.222572736301746375e-07 9.299370018013450899e-09 4.366615111693875111e-06
4.493502731267226409e+03 1.048864518759568842e-07 6.671658241297439939e-09 4.366615111693875111e-06
5.001605863702974602e+03 8.891242798779876813e-08 4.746842610067652996e-09 4.366615111693875111e-06
5.567162793016338583e+03 7.457368283854010637e-08 3.349756673603105353e-09 4.366615111693875111e-06
6.196670111266974345e+03 6.196031141547009422e-08 2.345153801808656759e-09 4.366615111693875111e-06
6.897359013111165041e+03 5.106539763792446623e-08 1.630232328225160025e-09 4.366615111693875111e-06
7.677278361042189317e+03 4.179380595019411323e-08 1.125386003286401959e-09 4.366615111693875111e-06
8.545387143236317570e+03 3.399760738863127104e-08 7.718922493831902384e-10 4.366615111693875111e-06
9.511657386079081334e+03 2.750532667690954805e-08 5.261336681727215620e-10 4.366615111693875111e-06
1.058718870352829254e+04 2.214193228439450712e-08 3.565229992231847608e-10 4.366615111693875111e-06
1.178433579916051713e+04 1.774138186771748739e-08 2.401864598626501991e-10 4.366615111693875111e-06
1.311685038551288017e+04 1.415286543710878425e-08 1.609919135736388889e-10 4.366615111693875111e-06
1.460003915097147365e+04 1.124177910824968375e-08 1.075728284915275227e-10 4.366615111693875111e-06
1.625093958876844590e+04 8.894277467231720676e-09 7.168686887557375600e-11 4.366615111693875111e-06
1.808851570786662342e+04 7.009396070359590590e-09 4.755974518629793736e-11 4.366615111693875111e-06
2.013387587385212828e+04 5.503885184768149609e-09 3.138198740310516106e-11 4.366615111693875111e-06
2.241051528221264743e+04 4.306415751357994812e-09 2.058660386272203716e-11 4.366615111693875111e-06
2.494458584929090648e+04 3.357445871653269997e-09 1.342535167386249266e-11 4.366615111693875111e-06
2.776519662118276028e+04 2.609364892151090049e-09 8.702129448353540091e-12 4.366615111693875111e-06
3.090474815138586200e+04 2.021086117277273162e-09 5.605304851946444363e-12 4.366615111693875111e-06
3.439930468822552211e+04 1.560767026041209523e-09 3.586805029151593339e-12 4.366615111693875111e-06
3.828900844740607135e+04 1.201690703571670996e-09 2.279634029621166421e-12 4.366615111693875111e-06
4.261854072845193878e+04 9.225262039723084991e-10 1.438575818050869738e-12 4.366615111693875111e-06
4.743763517192281142e+04 7.061795354130374727e-10 9.010693665477717265e-13 4.366615111693875111e-06
