1.056032981064548126e+00 5.715490402121880814e-10 2.442510624261115322e-08 0.000000000000000000e+00
1.175443983510534363e+00 6.048621018026588533e-10 2.672621031607104704e-08 0.000000000000000000e+00
1.308357393325258133e+00 6.356984316644178005e-10 2.911473502235878250e-08 0.000000000000000000e+00
1.456299996156748877e+00 6.633299002581548933e-10 3.170076277794239941e-08 0.000000000000000000e+00
1.620971219045888478e+00 6.871098720865899352e-10 3.430176453882125812e-08 0.000000000000000000e+00
1.804262651863866251e+00 7.062087194561650086e-10 3.696601189679189953e-08 0.000000000000000000e+00
2.008279776137516404e+00 7.194554868020575942e-10 3.959773135134080138e-08 0.000000000000000000e+00
2.235366150863083323e+00 7.266080078674063332e-10 4.210867449986682445e-08 0.000000000000000000e+00
2.488130333132567262e+00 7.281908018905906611e-10 4.442418670380066950e-08 0.000000000000000000e+00
2.769475842811750965e+00 7.280184886837532230e-10 4.664534065824007748e-08 0.000000000000000000e+00
3.082634515476230241e+00 7.278224519355343192e-10 4.886432412296601368e-08 0.000000000000000000e+00
3.431203626733101864e+00 7.275997304680463840e-10 5.105535077172971511e-08 0.000000000000000000e+00
3.819187214377767425e+00 7.273478197802555244e-10 5.320646550765278512e-08 0.000000000000000000e+00
4.251042073056519932e+00 7.270644169308689795e-10 5.528653305135962178e-08 0.000000000000000000e+00
4.731728949778890581e+00 7.267474377119840652e-10 5.726996683118114094e-08 0.000000000000000000e+00
5.266769528365972342e+00 7.263947874759562243e-10 5.907159816100314123e-08 0.000000000000000000e+00
5.862309857419115922e+00 7.260028645783380845e-10 6.084066763120320012e-08 0.000000000000000000e+00
6.525190950410857837e+00 7.255747077812600602e-10 6.236520516032636195e-08 0.000000000000000000e+00
7.263027368885755841e+00 7.250998283636568117e-10 6.367942963901051460e-08 0.000000000000000000e+00
8.084294691462201143e+00 7.245709425298422174e-10 6.474870291223452327e-08 0.000000000000000000e+00
8.998426873397548320e+00 7.239832582203572678e-10 6.553734438033753013e-08 0.000000000000000000e+00
1.001592461509324039e+01 7.233305756332491525e-10 6.602059490779685651e-08 0.000000000000000000e+00
1.114847598437533449e+01 7.226058394224956116e-10 6.617180318472849426e-08 0.000000000000000000e+00
1.240909067814867583e+01 7.218021793253216327e-10 6.596793010634226976e-08 0.000000000000000000e+00
1.381224946569640366e+01 7.209106210804388279e-10 6.538093642582168807e-08 0.000000000000000000e+00
1.537407053029052229e+01 7.199238010015653850e-10 6.441037999997936126e-08 0.000000000000000000e+00
1.711249461989307719e+01 7.188245973906741882e-10 6.304652582522879004e-08 0.000000000000000000e+00
1.904749113378321468e+01 7.176061218202047859e-10 6.129212506819211523e-08 0.000000000000000000e+00
2.120128751244688203e+01 7.162558160782998621e-10 5.915672254432418607e-08 0.000000000000000000e+00
2.359862456574094125e+01 7.147580004330245056e-10 5.667038844010481500e-08 0.000000000000000000e+00
2.626704067231091244e+01 7.130981010992948713e-10 5.386671730366211328e-08 0.000000000000000000e+00
2.923718811487309566e+01 7.112610634068205384e-10 5.079118361748013981e-08 0.000000000000000000e+00
3.254318518513449021e+01 7.092206860063940574e-10 4.750987554967425210e-08 0.000000000000000000e+00
3.622300810299908846e+01 7.069725935608351568e-10 4.407668822054876925e-08 0.000000000000000000e+00
4.031892725206589034e+01 7.044834180022901291e-10 4.057380392110255392e-08 0.000000000000000000e+00
4.487799274248540371e+01 7.017350956014438156e-10 3.707436561753466302e-08 0.000000000000000000e+00
4.995257487887015913e+01 6.987014489154144536e-10 3.363506687526093328e-08 0.000000000000000000e+00
5.560096574165519456e+01 6.953482426246156494e-10 3.034706253117684304e-08 0.000000000000000000e+00
6.188804879230252709e+01 6.916604671066083401e-10 2.723167684718731359e-08 0.000000000000000000e+00
6.888604419417499969e+01 6.875976827874119162e-10 2.433155969190087216e-08 0.000000000000000000e+00
7.667533841060405564e+01 6.831249233791006428e-10 2.165434429060910994e-08 0.000000000000000000e+00
8.534540760983165342e+01 6.782008618860676463e-10 1.919374215917850134e-08 0.000000000000000000e+00
9.499584548401358575e+01 6.727919798004128372e-10 1.692593029078826005e-08 0.000000000000000000e+00
1.057375072889466310e+02 6.668591398135256819e-10 1.482957815598852936e-08 0.000000000000000000e+00
1.176937832461472624e+02 6.603597460319603235e-10 1.288103324062007577e-08 0.000000000000000000e+00
1.310020159349736844e+02 6.533615531022664244e-10 1.107999341219367306e-08 0.000000000000000000e+00
1.458150779564580262e+02 6.454856519797730132e-10 9.436175461671372628e-09 0.000000000000000000e+00
1.623031279915676635e+02 6.370245839190014898e-10 7.968768445787683543e-09 0.000000000000000000e+00
1.806555654259147161e+02 6.278196316059643507e-10 6.706480556488942346e-09 0.000000000000000000e+00
2.010832059937378347e+02 6.178258094758124134e-10 5.633564671632209383e-09 0.000000000000000000e+00
2.238207034330328042e+02 6.069909677502186281e-10 4.723514619368926811e-09 0.000000000000000000e+00
2.491292449694543905e+02 5.953871066265557308e-10 3.936520362829298411e-09 0.000000000000000000e+00
2.772995515922919481e+02 5.826261071911363046e-10 3.250320043828404639e-09 0.000000000000000000e+00
3.086552175868076802e+02 5.690227282819170480e-10 2.665177501819902939e-09 0.000000000000000000e+00
3.435564276845046834e+02 5.544341466861307253e-10 2.179024671818335418e-09 0.000000000000000000e+00
3.824040945302937757e+02 5.388428309789843487e-10 1.778008123877692064e-09 0.000000000000000000e+00
4.256444639942141634e+02 5.223712926827100783e-10 1.441444271590690791e-09 0.000000000000000000e+00
4.737742412289155709e+02 5.047429401698194794e-10 1.161816984531712723e-09 0.000000000000000000e+00
5.273462963565856398e+02 4.861462745832965715e-10 9.341504041806891528e-10 0.000000000000000000e+00
5.869760153267689020e+02 4.665768817934580701e-10 7.470695088377836063e-10 0.000000000000000000e+00
6.533483688978308237e+02 4.460826666115731426e-10 5.949458631804764318e-10 0.000000000000000000e+00
7.272257809440862957e+02 4.247282856018830853e-10 4.719007184808049425e-10 0.000000000000000000e+00
8.094568864722074295e+02 4.025010757037064187e-10 3.728998008901767885e-10 0.000000000000000000e+00
9.009862799510120794e+02 3.797071081190990520e-10 2.931511322388846664e-10 0.000000000000000000e+00
1.002865365934268880e+03 3.563845532005826126e-10 2.296098137211223687e-10 0.000000000000000000e+00
1.116264436618460877e+03 3.327408213964618854e-10 1.790946892802209884e-10 0.000000000000000000e+00
1.242486115071199492e+03 3.088176376796067048e-10 1.390697398790409358e-10 0.000000000000000000e+00
1.382980318553656389e+03 2.848740165799751654e-10 1.075097046936108825e-10 0.000000000000000000e+00
1.539360913821697523e+03 2.610808342514273842e-10 8.271893517310690323e-11 0.000000000000000000e+00
1.713424255726343517e+03 2.376189796597854303e-10 6.333597014639404795e-11 0.000000000000000000e+00
1.907169822067742189e+03 2.146866501085791416e-10 4.824991145035686418e-11 0.000000000000000000e+00
2.122823181736748211e+03 1.925069891816951617e-10 3.654863747002197720e-11 0.000000000000000000e+00
2.362861559980607581e+03 1.713314187911149908e-10 2.754683464924873050e-11 0.000000000000000000e+00
2.630042294462951304e+03 1.512529577124349601e-10 2.063307380240889981e-11 0.000000000000000000e+00
2.927434508994474982e+03 1.324322944043086883e-10 1.535932428007226270e-11 0.000000000000000000e+00
3.258454368773508122e+03 1.150073415428907419e-10 1.135998481875571229e-11 0.000000000000000000e+00
3.626904322114499791e+03 9.903513588298108330e-11 8.344973254670026258e-12 0.000000000000000000e+00
4.037016779438275080e+03 8.456082824614903629e-11 6.087005727602033423e-12 0.000000000000000000e+00
4.493502731267226409e+03 7.162383867574602071e-11 4.394557856261424202e-12 0.000000000000000000e+00
5.001605863702974602e+03 6.015314921567353695e-11 3.157186855329258518e-12 0.000000000000000000e+00
5.567162793016338583e+03 5.014433675070630088e-11 2.254419059204446872e-12 0.000000000000000000e+00
6.196670111266974345e+03 4.149420067910567161e-11 1.597738831353056029e-12 0.000000000000000000e+00
6.897359013111165041e+03 3.410144572957017027e-11 1.127662022744788814e-12 0.000000000000000000e+00
7.677278361042189317e+03 2.784910446358918916e-11 7.876772782004731384e-13 0.000000000000000000e+00
8.545387143236317570e+03 2.262062118310056931e-11 5.464856830279299703e-13 0.000000000000000000e+00
9.511657386079081334e+03 1.826367907386960787e-11 3.766803775792721676e-13 0.000000000000000000e+00
1.058718870352829254e+04 1.465645083938989232e-11 2.580304613244027512e-13 0.000000000000000000e+00
1.178433579916051713e+04 1.171852623185425685e-11 1.756930916976054623e-13 0.000000000000000000e+00
1.311685038551288017e+04 9.328231526601519609e-12 1.189673318354631766e-13 0.000000000000000000e+00
1.460003915097147365e+04 7.393814661335254816e-12 8.013375765107048934e-14 0.000000000000000000e+00
1.625093958876844590e+04 5.839956149263194410e-12 5.370544881866915502e-14 0.000000000000000000e+00
1.808851570786662342e+04 4.595299345787403044e-12 3.583047625173727197e-14 0.000000000000000000e+00
2.013387587385212828e+04 3.600524118767831482e-12 2.379835394857435947e-14 0.000000000000000000e+00
2.241051528221264743e+04 2.811917727011736266e-12 1.573893542739621169e-14 0.000000000000000000e+00
2.494458584929090648e+04 2.188656546942843564e-12 1.035235104668214973e-14 0.000000000000000000e+00
2.776519662118276028e+04 1.697580626395165392e-12 6.769711410026924467e-15 0.000000000000000000e+00
3.090474815138586200e+04 1.311887796491035742e-12 4.398220351207792432e-15 0.000000000000000000e+00
3.439930468822552211e+04 1.010329913900657446e-12 2.839416754443436238e-15 0.000000000000000000e+00
3.828900844740607135e+04 7.752887133046567887e-13 1.813415510862892948e-15 0.000000000000000000e+00
4.261854072845193878e+04 5.924394393552584011e-13 1.159476446582132044e-15 0.000000000000000000e+00
4.743763517192281142e+04 4.504781731766166767e-13 7.329596832109665512e-16 0.000000000000000000e+00
