1.056032981064548126e+00 0.000000000000000000e+00 0.000000000000000000e+00 1.692318998815048104e-06
1.175443983510534363e+00 0.000000000000000000e+00 0.000000000000000000e+00 1.692318998815048104e-06
1.308357393325258133e+00 0.000000000000000000e+00 0.000000000000000000e+00 1.692318998815048104e-06
1.456299996156748877e+00 0.000000000000000000e+00 0.000000000000000000e+00 1.692318998815048104e-06
1.620971219045888478e+00 0.000000000000000000e+00 0.000000000000000000e+00 1.692318998815048104e-06
1.804262651863866251e+00 0.000000000000000000e+00 0.000000000000000000e+00 1.692318998815048104e-06
2.008279776137516404e+00 0.000000000000000000e+00 0.000000000000000000e+00 1.692318998815048104e-06
2.235366150863083323e+00 0.000000000000000000e+00 0.000000000000000000e+00 1.692318998815048104e-06
2.488130333132567262e+00 1.145745966816233869e-09 7.149657650135511432e-08 1.692318998815048104e-06
2.769475842811750965e+00 2.041748076959228269e-09 1.499202879727471857e-07 1.692318998815048104e-06
3.082634515476230241e+00 2.678644155308719280e-09 2.329266090353210254e-07 1.692318998815048104e-06
3.431203626733101864e+00 3.108723064148235475e-09 3.221260595674137504e-07 1.692318998815048104e-06
3.819187214377767425e+00 3.381933774623826059e-09 4.195289267530774789e-07 1.692318998815048104e-06
4.251042073056519932e+00 3.418189342292017510e-09 4.744653368591655909e-07 1.692318998815048104e-06
4.731728949778890581e+00 3.418189097767265285e-09 5.221708171005759201e-07 1.692318998815048104e-06
5.266769528365972342e+00 3.418188794864501477e-09 5.740011879343143945e-07 1.692318998815048104e-06
5.862309857419115922e+00 3.418188419598657503e-09 6.301471193975113373e-07 1.692318998815048104e-06
6.525190950410857837e+00 3.418187954644829170e-09 6.907737799285631319e-07 1.692318998815048104e-06
7.263027368885755841e+00 3.418187378780037299e-09 7.559786596394356835e-07 1.692318998815048104e-06
8.084294691462201143e+00 3.418186664942279433e-09 8.258156246356562198e-07 1.692318998815048104e-06
8.998426873397548320e+00 3.418185780804612623e-09 9.002350358894936587e-07 1.692318998815048104e-06
1.001592461509324039e+01 3.418184685271977774e-09 9.790781695965811651e-07 1.692318998815048104e-06
1.114847598437533449e+01 3.418183327417193497e-09 1.062091073112269219e-06 1.692318998815048104e-06
1.240909067814867583e+01 3.418181645051532592e-09 1.148886278713758782e-06 1.692318998815048104e-06
1.381224946569640366e+01 3.418179560816952093e-09 1.238910351064222115e-06 1.692318998815048104e-06
1.537407053029052229e+01 3.418176978066426924e-09 1.331394044810664600e-06 1.692318998815048104e-06
1.711249461989307719e+01 3.418173778708193155e-09 1.425263356646042607e-06 1.692318998815048104e-06
1.904749113378321468e+01 3.418169816052521256e-09 1.519242791193936561e-06 1.692318998815048104e-06
2.120128751244688203e+01 3.418164905690081986e-09 1.611877745492111985e-06 1.692318998815048104e-06
2.359862456574094125e+01 3.418158822981190183e-09 1.701328441045513262e-06 1.692318998815048104e-06
2.626704067231091244e+01 3.418151288622175993e-09 1.785413799910563238e-06 1.692318998815048104e-06
2.923718811487309566e+01 3.418141953376970793e-09 1.861397703195665363e-06 1.692318998815048104e-06
3.254318518513449021e+01 3.418130389401815596e-09 1.926809274888238870e-06 1.692318998815048104e-06
3.622300810299908846e+01 3.418116061349241186e-09 1.978444077609870597e-06 1.692318998815048104e-06
4.031892725206589034e+01 3.418098312973448088e-09 2.013152987293465450e-06 1.692318998815048104e-06
4.487799274248540371e+01 3.418076323159649608e-09 2.027764761019828889e-06 1.692318998815048104e-06
4.995257487887015913e+01 3.418049074433317499e-09 2.019577117621017882e-06 1.692318998815048104e-06
5.560096574165519456e+01 3.418015320543928729e-09 1.986232682683278509e-06 1.692318998815048104e-06
6.188804879230252709e+01 3.417973492579739728e-09 1.927278875435847452e-06 1.692318998815048104e-06
6.888604419417499969e+01 3.417921657438291201e-09 1.843548626933538946e-06 1.692318998815048104e-06
7.667533841060405564e+01 3.417857433894984177e-09 1.738065445028871375e-06 1.692318998815048104e-06
8.534540760983165342e+01 3.417777869560819189e-09 1.616277389471934699e-06 1.692318998815048104e-06
9.499584548401358575e+01 3.417679299259970221e-09 1.485498610954564886e-06 1.692318998815048104e-06
1.057375072889466310e+02 3.417557198313505983e-09 1.354292875328511550e-06 1.692318998815048104e-06
1.176937832461472624e+02 3.417405959512990677e-09 1.230787035441295076e-06 1.692318998815048104e-06
1.310020159349736844e+02 3.417218601249536843e-09 1.120561368983890346e-06 1.692318998815048104e-06
1.458150779564580262e+02 3.416986536976560251e-09 1.024620923150519117e-06 1.692318998815048104e-06
1.623031279915676635e+02 3.416699089788141962e-09 9.385895759743968273e-07 1.692318998815048104e-06
1.806555654259147161e+02 3.416343071811408535e-09 8.549211779954981456e-07 1.692318998815048104e-06
2.010832059937378347e+02 3.415902137131985919e-09 7.671087064504627714e-07 1.692318998815048104e-06
2.238207034330328042e+02 3.415355917636792660e-09 6.747576047624910443e-07 1.692318998815048104e-06
2.491292449694543905e+02 3.414679702011156842e-09 5.837281771665470636e-07 1.692318998815048104e-06
2.772995515922919481e+02 3.413841913166632983e-09 5.004030709050600246e-07 1.692318998815048104e-06
3.086552175868076802e+02 3.412804783438571439e-09 4.268813964770316479e-07 1.692318998815048104e-06
3.435564276845046834e+02 3.411520658594934329e-09 3.630866788194760246e-07 1.692318998815048104e-06
3.824040945302937757e+02 3.409930545953830938e-09 3.096693823537719142e-07 1.692318998815048104e-06
4.256444639942141634e+02 3.407962565137653646e-09 2.644008478198360036e-07 1.692318998815048104e-06
4.737742412289155709e+02 3.405527546224270370e-09 2.222737212806035290e-07 1.692318998815048104e-06
5.273462963565856398e+02 3.402515545979755999e-09 1.834201188441930726e-07 1.692318998815048104e-06
5.869760153267689020e+02 3.398792066507666950e-09 1.516355923687289774e-07 1.692318998815048104e-06
6.533483688978308237e+02 3.394191876234799522e-09 1.258793541565630277e-07 1.692318998815048104e-06
7.272257809440862957e+02 3.388510508054485999e-09 1.033858883305213757e-07 1.692318998815048104e-06
8.094568864722074295e+02 3.381500140805701379e-09 8.399720644058253365e-08 1.692318998815048104e-06
9.009862799510120794e+02 3.372859457827221469e-09 6.847654455246939013e-08 1.692318998815048104e-06
1.002865365934268880e+03 3.362217191393286160e-09 5.536696559091355764e-08 1.692318998815048104e-06
1.116264436618460877e+03 3.349132586026442870e-09 4.459789564624696646e-08 1.692318998815048104e-06
1.242486115071199492e+03 3.333069872890102048e-09 3.578835870377823292e-08 1.692318998815048104e-06
1.382980318553656389e+03 3.313394665758490572e-09 2.861055281912059447e-08 1.692318998815048104e-06
1.539360913821697523e+03 3.289359354024050565e-09 2.276189401412037165e-08 1.692318998815048104e-06
1.713424255726343517e+03 3.260078470769062266e-09 1.805291475045629074e-08 1.692318998815048104e-06
1.907169822067742189e+03 3.224563478230819149e-09 1.426652019770873341e-08 1.692318998815048104e-06
2.122823181736748211e+03 3.181676412835080952e-09 1.123719593959069670e-08 1.692318998815048104e-06
2.362861559980607581e+03 3.130176315288581668e-09 8.817761028256382054e-09 1.692318998815048104e-06
2.630042294462951304e+03 3.068767318137403496e-09 6.896973969112686790e-09 1.692318998815048104e-06
2.927434508994474982e+03 2.996133523077718241e-09 5.372047789965370655e-09 1.692318998815048104e-06
3.258454368773508122e+03 2.911027771983389911e-09 4.169915232102391257e-09 1.692318998815048104e-06
3.626904322114499791e+03 2.812405349027856788e-09 3.224907081294392491e-09 1.692318998815048104e-06
4.037016779438275080e+03 2.699552568783454225e-09 2.484573243676503279e-09 1.692318998815048104e-06
4.493502731267226409e+03 2.572251077209263361e-09 1.906478394651216195e-09 1.692318998815048104e-06
5.001605863702974602e+03 2.430915589477967264e-09 1.456893750671790472e-09 1.692318998815048104e-06
5.567162793016338583e+03 2.276727606587464065e-09 1.108121081256660591e-09 1.692318998815048104e-06
6.196670111266974345e+03 2.111674914300424905e-09 8.389118846351478706e-10 1.692318998815048104e-06
6.897359013111165041e+03 1.938471976971393121e-09 6.318430844856489134e-10 1.692318998815048104e-06
7.677278361042189317e+03 1.760487839926232531e-09 4.732789620750017600e-10 1.692318998815048104e-06
8.545387143236317570e+03 1.581386381198594695e-09 3.524853941508438870e-10 1.692318998815048104e-06
9.511657386079081334e+03 1.404910685985695210e-09 2.608941443379263682e-10 1.692318998815048104e-06
1.058718870352829254e+04 1.234603757620362943e-09 1.918291440466240564e-10 1.692318998815048104e-06
1.178433579916051713e+04 1.073499234296299740e-09 1.401286063675640075e-10 1.692318998815048104e-06
1.311685038551288017e+04 9.239357189284025884e-10 1.016238060346615756e-10 1.692318998815048104e-06
1.460003915097147365e+04 7.875178647493421346e-10 7.315671183620027130e-11 1.692318998815048104e-06
1.625093958876844590e+04 6.650960508155943878e-10 5.227606022319854505e-11 1.692318998815048104e-06
1.808851570786662342e+04 5.568491808128978529e-10 3.704834508304796909e-11 1.692318998815048104e-06
2.013387587385212828e+04 4.624505735916716207e-10 2.607125217831135914e-11 1.692318998815048104e-06
2.241051528221264743e+04 3.811732711629215663e-10 1.819648454383492983e-11 1.692318998815048104e-06
2.494458584929090648e+04 3.119932880903090571e-10 1.260792055268284619e-11 1.692318998815048104e-06
2.776519662118276028e+04 2.537395083131790532e-10 8.674362370499124055e-12 1.692318998815048104e-06
3.090474815138586200e+04 2.051583824156731491e-10 5.927739922956335490e-12 1.692318998815048104e-06
3.439930468822552211e+04 1.649657503171542195e-10 4.026207272607701690e-12 1.692318998815048104e-06
3.828900844740607135e+04 1.319858148006118056e-10 2.720043796372591236e-12 1.692318998815048104e-06
4.261854072845193878e+04 1.051332540243845939e-10 1.825230050355897606e-12 1.692318998815048104e-06
4.743763517192281142e+04 8.333123437994700923e-11 1.213832680403533136e-12 1.692318998815048104e-06
