1.056032981064548126e+00 1.049488686966128593e-08 4.179389070727896717e-07 0.000000000000000000e+00
1.175443983510534363e+00 1.121178392374953033e-08 4.645160761046512247e-07 0.000000000000000000e+00
1.308357393325258133e+00 1.182384518893110826e-08 5.126075712088156565e-07 0.000000000000000000e+00
1.456299996156748877e+00 1.233921132172559608e-08 5.623036062529179539e-07 0.000000000000000000e+00
1.620971219045888478e+00 1.276017437788416574e-08 6.133525333611771779e-07 0.000000000000000000e+00
1.804262651863866251e+00 1.307340591992380081e-08 6.649045256028303654e-07 0.000000000000000000e+00
2.008279776137516404e+00 1.325882737049266037e-08 7.152098503104412761e-07 0.000000000000000000e+00
2.235366150863083323e+00 1.333360852862547325e-08 7.634086171006799150e-07 0.000000000000000000e+00
2.488130333132567262e+00 1.333977807927340925e-08 8.096210655192728254e-07 0.000000000000000000e+00
2.769475842811750965e+00 1.333952766479355597e-08 8.562867268077141893e-07 0.000000000000000000e+00
3.082634515476230241e+00 1.333921762583961794e-08 9.035403686665596749e-07 0.000000000000000000e+00
3.431203626733101864e+00 1.333883362066537327e-08 9.507689114495082652e-07 0.000000000000000000e+00
3.819187214377767425e+00 1.333835849869665305e-08 9.977130659025390752e-07 0.000000000000000000e+00
4.251042073056519932e+00 1.333777100685376032e-08 1.043791242307266135e-06 0.000000000000000000e+00
4.731728949778890581e+00 1.333704497993482349e-08 1.088495961282029466e-06 0.000000000000000000e+00
5.266769528365972342e+00 1.333614826628043933e-08 1.131095748794077815e-06 0.000000000000000000e+00
5.862309857419115922e+00 1.333504133328537717e-08 1.170825267065983807e-06 0.000000000000000000e+00
6.525190950410857837e+00 1.333367636583149648e-08 1.207012335806769242e-06 0.000000000000000000e+00
7.263027368885755841e+00 1.333199499263424278e-08 1.238780441892697331e-06 0.000000000000000000e+00
8.084294691462201143e+00 1.332992594028762043e-08 1.265423470061839122e-06 0.000000000000000000e+00
8.998426873397548320e+00 1.332738297242221907e-08 1.285478956099232999e-06 0.000000000000000000e+00
1.001592461509324039e+01 1.332426043294883820e-08 1.298776850834768806e-06 0.000000000000000000e+00
1.114847598437533449e+01 1.332043714576640265e-08 1.304196194291271234e-06 0.000000000000000000e+00
1.240909067814867583e+01 1.331576867174907453e-08 1.301486800958021079e-06 0.000000000000000000e+00
1.381224946569640366e+01 1.331008315670858095e-08 1.289824969337478643e-06 0.000000000000000000e+00
1.537407053029052229e+01 1.330317612569922112e-08 1.269012142458222213e-06 0.000000000000000000e+00
1.711249461989307719e+01 1.329482682826212479e-08 1.239148457283511499e-06 0.000000000000000000e+00
1.904749113378321468e+01 1.328478457657909101e-08 1.200610704612716808e-06 0.000000000000000000e+00
2.120128751244688203e+01 1.327276960980357933e-08 1.153924675043179957e-06 0.000000000000000000e+00
2.359862456574094125e+01 1.325848662983790845e-08 1.100055231245654143e-06 0.000000000000000000e+00
2.626704067231091244e+01 1.324161794858044411e-08 1.040185081244010071e-06 0.000000000000000000e+00
2.923718811487309566e+01 1.322183146447963706e-08 9.743894727267916135e-07 0.000000000000000000e+00
3.254318518513449021e+01 1.319877931550902311e-08 9.072760704047332995e-07 0.000000000000000000e+00
3.622300810299908846e+01 1.317210809780718900e-08 8.377913790781922709e-07 0.000000000000000000e+00
4.031892725206589034e+01 1.314146060759381045e-08 7.677842284196442043e-07 0.000000000000000000e+00
4.487799274248540371e+01 1.310646342574101083e-08 6.989354332767939432e-07 0.000000000000000000e+00
4.995257487887015913e+01 1.306672513620509706e-08 6.322309200018317016e-07 0.000000000000000000e+00
5.560096574165519456e+01 1.302183762444663835e-08 5.687725910329653103e-07 0.000000000000000000e+00
6.188804879230252709e+01 1.297138656292492284e-08 5.090885777098595490e-07 0.000000000000000000e+00
6.888604419417499969e+01 1.291490985561887285e-08 4.535047239501927833e-07 0.000000000000000000e+00
7.667533841060405564e+01 1.285189857975310244e-08 4.020305080715100656e-07 0.000000000000000000e+00
8.534540760983165342e+01 1.278181676270317998e-08 3.545440138669633106e-07 0.000000000000000000e+00
9.499584548401358575e+01 1.270401560600312514e-08 3.107732339156153499e-07 0.000000000000000000e+00
1.057375072889466310e+02 1.261777232612611859e-08 2.704769580611828313e-07 0.000000000000000000e+00
1.176937832461472624e+02 1.252233173768509247e-08 2.332635742313689885e-07 0.000000000000000000e+00
1.310020159349736844e+02 1.241685284874194417e-08 1.992171435817793047e-07 0.000000000000000000e+00
1.458150779564580262e+02 1.230041521444810167e-08 1.686818984717812599e-07 0.000000000000000000e+00
1.623031279915676635e+02 1.217207017664363454e-08 1.420481879017989403e-07 0.000000000000000000e+00
1.806555654259147161e+02 1.203078661176802243e-08 1.192621044973961228e-07 0.000000000000000000e+00
2.010832059937378347e+02 1.187553351137002612e-08 9.993162391059756204e-08 0.000000000000000000e+00
2.238207034330328042e+02 1.170509380823457775e-08 8.339809082718440995e-08 0.000000000000000000e+00
2.491292449694543905e+02 1.151824799597534838e-08 6.902779136189998566e-08 0.000000000000000000e+00
2.772995515922919481e+02 1.131375562555031320e-08 5.670431729303185662e-08 0.000000000000000000e+00
3.086552175868076802e+02 1.109043574857371346e-08 4.637695380098277077e-08 0.000000000000000000e+00
3.435564276845046834e+02 1.084715912302617597e-08 3.783408824389812256e-08 0.000000000000000000e+00
3.824040945302937757e+02 1.058275191843593666e-08 3.072227627175817699e-08 0.000000000000000000e+00
4.256444639942141634e+02 1.029602135673834830e-08 2.479170294615387983e-08 0.000000000000000000e+00
4.737742412289155709e+02 9.986083295385056100e-09 1.993216955648109214e-08 0.000000000000000000e+00
5.273462963565856398e+02 9.641196289906113322e-09 1.595983902743184056e-08 0.000000000000000000e+00
5.869760153267689020e+02 9.292586318045164805e-09 1.272100642580096829e-08 0.000000000000000000e+00
6.533483688978308237e+02 8.910512394007200140e-09 1.009666445042744964e-08 0.000000000000000000e+00
7.272257809440862957e+02 8.505246025317477031e-09 7.980717900152115077e-09 0.000000000000000000e+00
8.094568864722074295e+02 8.077780843779626669e-09 6.280655398554729648e-09 0.000000000000000000e+00
9.009862799510120794e+02 7.631004512983726749e-09 4.922014896329208969e-09 0.000000000000000000e+00
1.002865365934268880e+03 7.165159691251057491e-09 3.832086147220587282e-09 0.000000000000000000e+00
1.116264436618460877e+03 6.685835441045354563e-09 2.983345045465969237e-09 0.000000000000000000e+00
1.242486115071199492e+03 6.196198484161687541e-09 2.307400543904916641e-09 0.000000000000000000e+00
1.382980318553656389e+03 5.702607571966698160e-09 1.775383064851662559e-09 0.000000000000000000e+00
1.539360913821697523e+03 5.208851948808929877e-09 1.358493276864516944e-09 0.000000000000000000e+00
1.713424255726343517e+03 4.720893866254303151e-09 1.036150044324187110e-09 0.000000000000000000e+00
1.907169822067742189e+03 4.244064951903985981e-09 7.851365338116526984e-10 0.000000000000000000e+00
2.122823181736748211e+03 3.784177324642562882e-09 5.915406159461366872e-10 0.000000000000000000e+00
2.362861559980607581e+03 3.345190744270882491e-09 4.431191454030203158e-10 0.000000000000000000e+00
2.630042294462951304e+03 2.931950523607346887e-09 3.297734738677637192e-10 0.000000000000000000e+00
2.927434508994474982e+03 2.547619958255824502e-09 2.438397974274691697e-10 0.000000000000000000e+00
3.258454368773508122e+03 2.194917075652546245e-09 1.790878525417756420e-10 0.000000000000000000e+00
3.626904322114499791e+03 1.874877505262483840e-09 1.306178252282427720e-10 0.000000000000000000e+00
4.037016779438275080e+03 1.588268034908875892e-09 9.460060948911331566e-11 0.000000000000000000e+00
4.493502731267226409e+03 1.334623240639610220e-09 6.801393862764986754e-11 0.000000000000000000e+00
5.001605863702974602e+03 1.113012243219158969e-09 4.853410249869446261e-11 0.000000000000000000e+00
5.567162793016338583e+03 9.211689230172791976e-10 3.439000041972945042e-11 0.000000000000000000e+00
6.196670111266974345e+03 7.571774113633053258e-10 2.419711366897641239e-11 0.000000000000000000e+00
6.897359013111165041e+03 6.184416441974969497e-10 1.690438187645893797e-11 0.000000000000000000e+00
7.677278361042189317e+03 5.019901169351386222e-10 1.173081778427598140e-11 0.000000000000000000e+00
8.545387143236317570e+03 4.056405213676058801e-10 8.088910516678050909e-12 0.000000000000000000e+00
9.511657386079081334e+03 3.258178675559024999e-10 5.542886821095656019e-12 0.000000000000000000e+00
1.058718870352829254e+04 2.606860295146378711e-10 3.776835424914869135e-12 0.000000000000000000e+00
1.178433579916051713e+04 2.075914578269608006e-10 2.558415033436171390e-12 0.000000000000000000e+00
1.311685038551288017e+04 1.646288940943531054e-10 1.724789737001540493e-12 0.000000000000000000e+00
1.460003915097147365e+04 1.300301106450030665e-10 1.156647163296374094e-12 0.000000000000000000e+00
1.625093958876844590e+04 1.023365642658362156e-10 7.721687054923533397e-13 0.000000000000000000e+00
1.808851570786662342e+04 8.023268636257575470e-11 5.130772466318485796e-13 0.000000000000000000e+00
2.013387587385212828e+04 6.270195819247257898e-11 3.395806866817180374e-13 0.000000000000000000e+00
2.241051528221264743e+04 4.881026635099141888e-11 2.236317344918136331e-13 0.000000000000000000e+00
2.494458584929090648e+04 3.789810133341788247e-11 1.464778301613926081e-13 0.000000000000000000e+00
2.776519662118276028e+04 2.931209640820054764e-11 9.535677215372968937e-14 0.000000000000000000e+00
3.090474815138586200e+04 2.259904285556727755e-11 6.167532076950892813e-14 0.000000000000000000e+00
3.439930468822552211e+04 1.735563926342509946e-11 3.963757929327853827e-14 0.000000000000000000e+00
3.828900844740607135e+04 1.327834225518216803e-11 2.530632626816194644e-14 0.000000000000000000e+00
4.261854072845193878e+04 1.008783684333067149e-11 1.604441502480488296e-14 0.000000000000000000e+00
4.743763517192281142e+04 7.660349147779905885e-12 1.009691013208258825e-14 0.000000000000000000e+00
