1.056032981064548126e+00 3.009195725938973689e-16 6.793102905260772716e-16 0.000000000000000000e+00
1.175443983510534363e+00 3.010584996323428741e-16 6.492760239959050007e-16 0.000000000000000000e+00
1.308357393325258133e+00 3.008325054286752417e-16 6.169255360702303964e-16 0.000000000000000000e+00
1.456299996156748877e+00 3.006573706031282088e-16 5.821365189936137219e-16 0.000000000000000000e+00
1.620971219045888478e+00 3.003705430826437295e-16 5.458024930693918724e-16 0.000000000000000000e+00
1.804262651863866251e+00 2.998361837497927798e-16 5.102888536849216025e-16 0.000000000000000000e+00
2.008279776137516404e+00 2.991429486836637764e-16 4.759856784181329804e-16 0.000000000000000000e+00
2.235366150863083323e+00 2.982800511442919760e-16 4.425209234274430308e-16 0.000000000000000000e+00
2.488130333132567262e+00 2.971610876600406810e-16 4.097985864027896677e-16 0.000000000000000000e+00
2.769475842811750965e+00 2.958729090502976850e-16 3.778093597011076404e-16 0.000000000000000000e+00
3.082634515476230241e+00 2.942953824948469760e-16 3.476682698681742460e-16 0.000000000000000000e+00
3.431203626733101864e+00 2.924529458516895462e-16 3.192198981574842636e-16 0.000000000000000000e+00
3.819187214377767425e+00 2.903230162597957803e-16 2.918164572203829507e-16 0.000000000000000000e+00
4.251042073056519932e+00 2.878567706252702314e-16 2.661556883252123626e-16 0.000000000000000000e+00
4.731728949778890581e+00 2.850284529372365613e-16 2.424293825552738464e-16 0.000000000000000000e+00
5.266769528365972342e+00 2.818021112350874013e-16 2.202441928251525793e-16 0.000000000000000000e+00
5.862309857419115922e+00 2.781402418310040196e-16 1.996796247091743389e-16 0.000000000000000000e+00
6.525190950410857837e+00 2.740115667681223175e-16 1.807544873242499592e-16 0.000000000000000000e+00
7.263027368885755841e+00 2.693704877208543189e-16 1.633159370373427930e-16 0.000000000000000000e+00
8.084294691462201143e+00 2.641965849459347840e-16 1.471165190928571159e-16 0.000000000000000000e+00
8.998426873397548320e+00 2.584485786597630870e-16 1.323912505991532823e-16 0.000000000000000000e+00
1.001592461509324039e+01 2.521233148799959028e-16 1.189114820112305324e-16 0.000000000000000000e+00
1.114847598437533449e+01 2.451986750042116914e-16 1.066360456605380510e-16 0.000000000000000000e+00
1.240909067814867583e+01 2.376705028022206816e-16 9.546342198076986846e-17 0.000000000000000000e+00
1.381224946569640366e+01 2.295683462529158301e-16 8.529806637010396555e-17 0.000000000000000000e+00
1.537407053029052229e+01 2.209108789945986880e-16 7.604792611789255984e-17 0.000000000000000000e+00
1.711249461989307719e+01 2.117285023296165112e-16 6.769349146469705845e-17 0.000000000000000000e+00
1.904749113378321468e+01 2.021198676034679261e-16 6.011841506810703901e-17 0.000000000000000000e+00
2.120128751244688203e+01 1.920544669672074803e-16 5.326159629959844387e-17 0.000000000000000000e+00
2.359862456574094125e+01 1.816907147284295003e-16 4.708641935637117495e-17 0.000000000000000000e+00
2.626704067231091244e+01 1.711442620055159797e-16 4.147318526887840023e-17 0.000000000000000000e+00
2.923718811487309566e+01 1.604732773149850982e-16 3.651330299109619605e-17 0.000000000000000000e+00
3.254318518513449021e+01 1.497722323221213405e-16 3.202421789436041592e-17 0.000000000000000000e+00
3.622300810299908846e+01 1.391650411107794182e-16 2.800815389690094824e-17 0.000000000000000000e+00
4.031892725206589034e+01 1.287410279059801502e-16 2.441852920344059264e-17 0.000000000000000000e+00
4.487799274248540371e+01 1.180513694003595759e-16 2.123576886438244477e-17 0.000000000000000000e+00
4.995257487887015913e+01 1.060372997956383954e-16 1.837613296492103464e-17 0.000000000000000000e+00
5.560096574165519456e+01 9.509453074136832907e-17 1.586181518992727958e-17 0.000000000000000000e+00
6.188804879230252709e+01 8.530302500346425636e-17 1.363831319786880901e-17 0.000000000000000000e+00
6.888604419417499969e+01 7.645845874778674756e-17 1.169405519710490486e-17 0.000000000000000000e+00
7.667533841060405564e+01 6.851123314885346789e-17 9.985405132780820956e-18 0.000000000000000000e+00
8.534540760983165342e+01 6.139207808254015905e-17 8.496960890908671262e-18 0.000000000000000000e+00
9.499584548401358575e+01 5.494158241259283480e-17 7.201710858200531273e-18 0.000000000000000000e+00
1.057375072889466310e+02 4.916352816551515029e-17 6.080104304608961215e-18 0.000000000000000000e+00
1.176937832461472624e+02 4.396727691817668672e-17 5.111483348344461218e-18 0.000000000000000000e+00
1.310020159349736844e+02 3.929085435529059990e-17 4.279628827250332123e-18 0.000000000000000000e+00
1.458150779564580262e+02 3.508846111807305328e-17 3.567485997852746409e-18 0.000000000000000000e+00
1.623031279915676635e+02 3.130676363921596215e-17 2.969179310046604595e-18 0.000000000000000000e+00
1.806555654259147161e+02 2.790630637395673966e-17 2.443688244393599348e-18 0.000000000000000000e+00
2.010832059937378347e+02 2.485080104126230161e-17 2.010230567063128645e-18 0.000000000000000000e+00
2.238207034330328042e+02 2.210072913108131990e-17 1.640985234802445835e-18 0.000000000000000000e+00
2.491292449694543905e+02 1.962986042760416922e-17 1.335051679246057945e-18 0.000000000000000000e+00
2.772995515922919481e+02 1.740933534605885018e-17 1.081019925470532617e-18 0.000000000000000000e+00
3.086552175868076802e+02 1.541274558736204020e-17 8.711895572353195286e-19 0.000000000000000000e+00
3.435564276845046834e+02 1.362202317228192920e-17 6.989110547678035049e-19 0.000000000000000000e+00
3.824040945302937757e+02 1.201436384091791122e-17 5.578359874361721060e-19 0.000000000000000000e+00
4.256444639942141634e+02 1.057189695614726376e-17 4.430091966052038934e-19 0.000000000000000000e+00
4.737742412289155709e+02 9.279698339557463134e-18 3.500175386239120537e-19 0.000000000000000000e+00
5.273462963565856398e+02 8.122900955832672875e-18 2.751068018920596030e-19 0.000000000000000000e+00
5.869760153267689020e+02 7.087336875521811782e-18 2.150592451744867568e-19 0.000000000000000000e+00
6.533483688978308237e+02 6.165191199809735804e-18 1.672483170135859419e-19 0.000000000000000000e+00
7.272257809440862957e+02 5.342687285345398722e-18 1.293457537932817077e-19 0.000000000000000000e+00
8.094568864722074295e+02 4.611113543660457073e-18 9.946816749630012456e-20 0.000000000000000000e+00
9.009862799510120794e+02 3.962026644778313383e-18 7.604922869541658222e-20 0.000000000000000000e+00
1.002865365934268880e+03 3.388025006007700152e-18 5.780030975900315086e-20 0.000000000000000000e+00
1.116264436618460877e+03 2.881861355529209406e-18 4.365820762278088783e-20 0.000000000000000000e+00
1.242486115071199492e+03 2.436668838806311984e-18 3.276632830812862681e-20 0.000000000000000000e+00
1.382980318553656389e+03 2.047916193612515873e-18 2.442884337763623243e-20 0.000000000000000000e+00
1.539360913821697523e+03 1.708884503105865245e-18 1.808702741357104286e-20 0.000000000000000000e+00
1.713424255726343517e+03 1.415011280950598505e-18 1.329424950850846663e-20 0.000000000000000000e+00
1.907169822067742189e+03 1.161941975317085449e-18 9.697049222837671384e-21 0.000000000000000000e+00
2.122823181736748211e+03 9.453295129268087889e-19 7.014701522897625573e-21 0.000000000000000000e+00
2.362861559980607581e+03 7.613355320748153038e-19 5.030434072033946629e-21 0.000000000000000000e+00
2.630042294462951304e+03 6.062978881779134089e-19 3.573144828363645703e-21 0.000000000000000000e+00
2.927434508994474982e+03 4.769102352481800704e-19 2.511952039187858794e-21 0.000000000000000000e+00
3.258454368773508122e+03 3.693679625192490888e-19 1.745968601607009512e-21 0.000000000000000000e+00
3.626904322114499791e+03 2.816597196633221371e-19 1.198022356269583561e-21 0.000000000000000000e+00
4.037016779438275080e+03 2.108469921958651142e-19 8.101543737044242719e-22 0.000000000000000000e+00
4.493502731267226409e+03 1.544321603856899583e-19 5.384574008486251933e-22 0.000000000000000000e+00
5.001605863702974602e+03 1.103131262050785834e-19 3.506823868655119363e-22 0.000000000000000000e+00
5.567162793016338583e+03 7.640887569599832618e-20 2.225914892737684323e-22 0.000000000000000000e+00
6.196670111266974345e+03 5.099139099609062313e-20 1.371443930046094643e-22 0.000000000000000000e+00
6.897359013111165041e+03 3.251243465366892004e-20 8.110944034720851986e-23 0.000000000000000000e+00
7.677278361042189317e+03 1.958919477922108470e-20 4.547982984495510821e-23 0.000000000000000000e+00
8.545387143236317570e+03 1.090120659737215805e-20 2.372214072117921378e-23 0.000000000000000000e+00
9.511657386079081334e+03 5.502799886728261410e-21 1.119596613233338296e-23 0.000000000000000000e+00
1.058718870352829254e+04 2.424172605067732901e-21 4.578144510378492193e-24 0.000000000000000000e+00
1.178433579916051713e+04 8.838036417508327780e-22 1.522652226388026924e-24 0.000000000000000000e+00
1.311685038551288017e+04 2.232336215229717417e-22 3.406786308265758258e-25 0.000000000000000000e+00
1.460003915097147365e+04 1.267615806553074357e-23 1.677718382986049622e-26 0.000000000000000000e+00
1.625093958876844590e+04 0.000000000000000000e+00 0.000000000000000000e+00 0.000000000000000000e+00
1.808851570786662342e+04 0.000000000000000000e+00 0.000000000000000000e+00 0.000000000000000000e+00
2.013387587385212828e+04 0.000000000000000000e+00 0.000000000000000000e+00 0.000000000000000000e+00
2.241051528221264743e+04 0.000000000000000000e+00 0.000000000000000000e+00 0.000000000000000000e+00
2.494458584929090648e+04 0.000000000000000000e+00 0.000000000000000000e+00 0.000000000000000000e+00
2.776519662118276028e+04 0.000000000000000000e+00 0.000000000000000000e+00 0.000000000000000000e+00
3.090474815138586200e+04 0.000000000000000000e+00 0.000000000000000000e+00 0.000000000000000000e+00
3.439930468822552211e+04 0.000000000000000000e+00 0.000000000000000000e+00 0.000000000000000000e+00
3.828900844740607135e+04 0.000000000000000000e+00 0.000000000000000000e+00 0.000000000000000000e+00
4.261854072845193878e+04 0.000000000000000000e+00 0.000000000000000000e+00 0.000000000000000000e+00
4.743763517192281142e+04 0.000000000000000000e+00 0.000000000000000000e+00 0.000000000000000000e+00
