1.056032981064548126e+00 2.209299339742255688e+04 4.180905916881116718e+04 1.450372932113302340e+03
1.175443983510534363e+00 2.254625894119025179e+04 4.344845508562764007e+04 1.450372932113302340e+03
1.308357393325258133e+00 2.300946596583351493e+04 4.490590840839753218e+04 1.450372932113302340e+03
1.456299996156748877e+00 2.346569215730819269e+04 4.633742324986991298e+04 1.450372932113302340e+03
1.620971219045888478e+00 2.394153410701514440e+04 4.743579468616587837e+04 1.450372932113302340e+03
1.804262651863866251e+00 2.439794996399150841e+04 4.852901141207217006e+04 1.450372932113302340e+03
2.008279776137516404e+00 2.488714335247727649e+04 4.964114319756545592e+04 1.450372932113302340e+03
2.235366150863083323e+00 2.532903675435728655e+04 5.099065122655907908e+04 1.450372932113302340e+03
2.488130333132567262e+00 2.577143396584016227e+04 5.204647201559032692e+04 1.450372932113302340e+03
2.769475842811750965e+00 2.612327671620013643e+04 5.358855046106859663e+04 1.450372932113302340e+03
3.082634515476230241e+00 2.634463771824203650e+04 5.518801957449136535e+04 1.450372932113302340e+03
3.431203626733101864e+00 2.648751450207731614e+04 5.717057612049324962e+04 1.450372932113302340e+03
3.819187214377767425e+00 2.660065597425151645e+04 5.932618858186826401e+04 1.450372932113302340e+03
4.251042073056519932e+00 2.661914014262258570e+04 6.223470650651049073e+04 1.450372932113302340e+03
4.731728949778890581e+00 2.672485943974976180e+04 6.466590696793355892e+04 1.450372932113302340e+03
5.266769528365972342e+00 2.662599273695014563e+04 6.612427503381321731e+04 1.450372932113302340e+03
5.862309857419115922e+00 2.661592235892468670e+04 6.728012585626692453e+04 1.450372932113302340e+03
6.525190950410857837e+00 2.660323080981452949e+04 6.847711052659063716e+04 1.450372932113302340e+03
7.263027368885755841e+00 2.658751463341878480e+04 6.980545968823388102e+04 1.450372932113302340e+03
8.084294691462201143e+00 2.656809450469597869e+04 7.128519230560380674e+04 1.450372932113302340e+03
8.998426873397548320e+00 2.654412435568184446e+04 7.289912190140322491e+04 1.450372932113302340e+03
1.001592461509324039e+01 2.651456019865893177e+04 7.461929793537876685e+04 1.450372932113302340e+03
1.114847598437533449e+01 2.647810063276025176e+04 7.647015302199649159e+04 1.450372932113302340e+03
1.240909067814867583e+01 2.643324651973209620e+04 7.843527448303544952e+04 1.450372932113302340e+03
1.381224946569640366e+01 2.637807252162568693e+04 8.048148790826401091e+04 1.450372932113302340e+03
1.537407053029052229e+01 2.631045963610516264e+04 8.258432445249987359e+04 1.450372932113302340e+03
1.711249461989307719e+01 2.622778406673565041e+04 8.471068903252836026e+04 1.450372932113302340e+03
1.904749113378321468e+01 2.612689886688851766e+04 8.690165722566493787e+04 1.450372932113302340e+03
2.120128751244688203e+01 2.600432268307928098e+04 8.881547203976009041e+04 1.450372932113302340e+03
2.359862456574094125e+01 2.585603773683267718e+04 9.067654727107746294e+04 1.450372932113302340e+03
2.626704067231091244e+01 2.567755445392012552e+04 9.232038655058972654e+04 1.450372932113302340e+03
2.923718811487309566e+01 2.546408124004947967e+04 9.367116783796333766e+04 1.450372932113302340e+03
3.254318518513449021e+01 2.523456436459607357e+04 9.465379521229227248e+04 1.450372932113302340e+03
3.622300810299908846e+01 2.493954775185900507e+04 9.516624336558148207e+04 1.450372932113302340e+03
4.031892725206589034e+01 2.459742713807689870e+04 9.513944724814397341e+04 1.450372932113302340e+03
4.487799274248540371e+01 2.419245887930482058e+04 9.448758848754002247e+04 1.450372932113302340e+03
4.995257487887015913e+01 2.371930050326453784e+04 9.315528310638020048e+04 1.450372932113302340e+03
5.560096574165519456e+01 2.318561312637221272e+04 9.108626429802070197e+04 1.450372932113302340e+03
6.188804879230252709e+01 2.259334009218854771e+04 8.826230587214202387e+04 1.450372932113302340e+03
6.888604419417499969e+01 2.193767504246456519e+04 8.471816631869673438e+04 1.450372932113302340e+03
7.667533841060405564e+01 2.125384027419162157e+04 8.046462990062360768e+04 1.450372932113302340e+03
8.534540760983165342e+01 2.055511005032504545e+04 7.564317435655566806e+04 1.450372932113302340e+03
9.499584548401358575e+01 1.969863124963139853e+04 7.039486596674790781e+04 1.450372932113302340e+03
1.057375072889466310e+02 1.889243873646244174e+04 6.488583685119885922e+04 1.450372932113302340e+03
1.176937832461472624e+02 1.805608941903788946e+04 5.932011550754005293e+04 1.450372932113302340e+03
1.310020159349736844e+02 1.722742317762201492e+04 5.388088026815139165e+04 1.450372932113302340e+03
1.458150779564580262e+02 1.648619994115623558e+04 4.872755238399755035e+04 1.450372932113302340e+03
1.623031279915676635e+02 1.558816207400153689e+04 4.394427227904376923e+04 1.450372932113302340e+03
1.806555654259147161e+02 1.477060488329424879e+04 3.955836556390039914e+04 1.450372932113302340e+03
2.010832059937378347e+02 1.397963070390844587e+04 3.554736551247369789e+04 1.450372932113302340e+03
2.238207034330328042e+02 1.321559316554831639e+04 3.181879593819214642e+04 1.450372932113302340e+03
2.491292449694543905e+02 1.249125882135332904e+04 2.827290366934599297e+04 1.450372932113302340e+03
2.772995515922919481e+02 1.177601444794253439e+04 2.481804181301984863e+04 1.450372932113302340e+03
3.086552175868076802e+02 1.110121565269251732e+04 2.144250538377060366e+04 1.450372932113302340e+03
3.435564276845046834e+02 1.047422339170004125e+04 1.824536845075793462e+04 1.450372932113302340e+03
3.824040945302937757e+02 9.846099195639691970e+03 1.540864400772046793e+04 1.450372932113302340e+03
4.256444639942141634e+02 9.254243815638377782e+03 1.305373101730706912e+04 1.450372932113302340e+03
4.737742412289155709e+02 8.693351839212258710e+03 1.111643973339240802e+04 1.450372932113302340e+03
5.273462963565856398e+02 8.156441319991924502e+03 9.414803524158942309e+03 1.450372932113302340e+03
5.869760153267689020e+02 7.642086005757935709e+03 7.847582167947111884e+03 1.450372932113302340e+03
6.533483688978308237e+02 7.147158476493526905e+03 6.467126226178433171e+03 1.450372932113302340e+03
7.272257809440862957e+02 6.671666379607656381e+03 5.341811333131107858e+03 1.450372932113302340e+03
8.094568864722074295e+02 6.213259504829286016e+03 4.408107486581368903e+03 1.450372932113302340e+03
9.009862799510120794e+02 5.770461926972737274e+03 3.597642772390338905e+03 1.450372932113302340e+03
1.002865365934268880e+03 5.343040853833125766e+03 2.925702314964240031e+03 1.450372932113302340e+03
1.116264436618460877e+03 4.929655531793585396e+03 2.370973700726308380e+03 1.450372932113302340e+03
1.242486115071199492e+03 4.530299248097384407e+03 1.912496674704385441e+03 1.450372932113302340e+03
1.382980318553656389e+03 4.144691736512411808e+03 1.535259659507916695e+03 1.450372932113302340e+03
1.539360913821697523e+03 3.773310784150595282e+03 1.228695268209823098e+03 1.450372932113302340e+03
1.713424255726343517e+03 3.416412411668000459e+03 9.789552783884220162e+02 1.450372932113302340e+03
1.907169822067742189e+03 3.074693748742998650e+03 7.767372656554537116e+02 1.450372932113302340e+03
2.122823181736748211e+03 2.749025621016175592e+03 6.140820776168271777e+02 1.450372932113302340e+03
2.362861559980607581e+03 2.440813246726461330e+03 4.841026982310878566e+02 1.450372932113302340e+03
2.630042294462951304e+03 2.150475024377079535e+03 3.800147823256895094e+02 1.450372932113302340e+03
2.927434508994474982e+03 1.879703936955408153e+03 2.973464944394066833e+02 1.450372932113302340e+03
3.258454368773508122e+03 1.629270220491779810e+03 2.318441537702429684e+02 1.450372932113302340e+03
3.626904322114499791e+03 1.400256300760704562e+03 1.801785447640147311e+02 1.450372932113302340e+03
4.037016779438275080e+03 1.192937848762411477e+03 1.394782025460157229e+02 1.450372932113302340e+03
4.493502731267226409e+03 1.007676561406048222e+03 1.076299531831453749e+02 1.450372932113302340e+03
5.001605863702974602e+03 8.441468898207144775e+02 8.274981303843708247e+01 1.450372932113302340e+03
5.567162793016338583e+03 7.017773561262440580e+02 6.339617156886448157e+01 1.450372932113302340e+03
6.196670111266974345e+03 5.796461747582117141e+02 4.837524703797609504e+01 1.450372932113302340e+03
6.897359013111165041e+03 4.757704298342868015e+02 3.676597184108396732e+01 1.450372932113302340e+03
7.677278361042189317e+03 3.883922653067178317e+02 2.783704490102944362e+01 1.450372932113302340e+03
8.545387143236317570e+03 3.155155532248024883e+02 2.097700359394521286e+01 1.450372932113302340e+03
9.511657386079081334e+03 2.554470289660824847e+02 1.573234378554254675e+01 1.450372932113302340e+03
1.058718870352829254e+04 2.060118924940475154e+02 1.173943216819492363e+01 1.450372932113302340e+03
1.178433579916051713e+04 1.654358920460865932e+02 8.708325785556237264e+00 1.450372932113302340e+03
1.311685038551288017e+04 1.321925548024060220e+02 6.417920619947274474e+00 1.450372932113302340e+03
1.460003915097147365e+04 1.049852461146849834e+02 4.699312909731515830e+00 1.450372932113302340e+03
1.625093958876844590e+04 8.278934917367560331e+01 3.411464640448096830e+00 1.450372932113302340e+03
1.808851570786662342e+04 6.469782134539062213e+01 2.454571385736356692e+00 1.450372932113302340e+03
2.013387587385212828e+04 5.008926761988989540e+01 1.748770318766172505e+00 1.450372932113302340e+03
2.241051528221264743e+04 3.831864611892541461e+01 1.231314490976744391e+00 1.450372932113302340e+03
2.494458584929090648e+04 2.896860070352175498e+01 8.564040879615226753e-01 1.450372932113302340e+03
2.776519662118276028e+04 2.162663915439867068e+01 5.871799266496964265e-01 1.450372932113302340e+03
3.090474815138586200e+04 1.595179092206071303e+01 3.964180854089183748e-01 1.450372932113302340e+03
3.439930468822552211e+04 1.162720875070767690e+01 2.631354499569265037e-01 1.450372932113302340e+03
3.828900844740607135e+04 8.394253009163021417e+00 1.715797049065493352e-01 1.450372932113302340e+03
4.261854072845193878e+04 6.013695315873364144e+00 1.098609461533096576e-01 1.450372932113302340e+03
4.743763517192281142e+04 4.287824888492394848e+00 6.901973185144957834e-02 1.450372932113302340e+03
