0.000000000000000000e+00
2.000000000000000111e-01
4.000000000000000222e-01
6.000000000000000888e-01
8.000000000000000444e-01
1.000000000000000000e+00
1.200000000000000178e+00
1.400000000000000133e+00
1.600000000000000089e+00
1.800000000000000044e+00
2.000000000000000000e+00
2.200000000000000178e+00
2.400000000000000355e+00
2.600000000000000089e+00
2.800000000000000266e+00
3.000000000000000000e+00
3.200000000000000178e+00
3.400000000000000355e+00
3.600000000000000089e+00
3.800000000000000266e+00
4.000000000000000000e+00
4.200000000000000178e+00
4.400000000000000355e+00
4.600000000000000533e+00
4.800000000000000711e+00
5.000000000000000000e+00
5.200000000000000178e+00
5.400000000000000355e+00
5.600000000000000533e+00
5.800000000000000711e+00
6.000000000000000000e+00
6.200000000000000178e+00
6.400000000000000355e+00
6.600000000000000533e+00
6.800000000000000711e+00
7.000000000000000000e+00
7.200000000000000178e+00
7.400000000000000355e+00
7.600000000000000533e+00
7.800000000000000711e+00
8.000000000000000000e+00
8.200000000000001066e+00
8.400000000000000355e+00
8.599999999999999645e+00
8.800000000000000711e+00
9.000000000000000000e+00
9.200000000000001066e+00
9.400000000000000355e+00
9.600000000000001421e+00
9.800000000000000711e+00
1.000000000000000000e+01
