9.814538144645112983e-01
9.659110362913219117e-01
9.472505153849664072e-01
9.271673102845072734e-01
9.069997273954065742e-01
8.876315662339718804e-01
8.695644253388348233e-01
8.530288272713063558e-01
8.380819707901399074e-01
8.246789902051556709e-01
8.127204488481188926e-01
8.020821240827361587e-01
7.926327581174490433e-01
7.842441156463412222e-01
7.767962064577804693e-01
7.701796746251592385e-01
7.642964569886157022e-01
7.590595500340364676e-01
7.543472197074527763e-01
7.502273157093444222e-01
7.465057485930854941e-01
7.431760195517888024e-01
7.401930448955704733e-01
7.374676071051051718e-01
7.351145279851531988e-01
7.329541872073744857e-01
7.310098169635479426e-01
7.292580672819375387e-01
7.276783742382625375e-01
7.262526085318049551e-01
7.249647484875709758e-01
7.238006072437703775e-01
7.227476075290141244e-01
7.217945843061962519e-01
7.208785607757051128e-01
7.201497884886417511e-01
7.194412419319017316e-01
7.187988890629941618e-01
7.182163953851614657e-01
7.176880765088875513e-01
7.172088250570849421e-01
7.168079617553243521e-01
7.164138803502095865e-01
7.160563848091424655e-01
7.157321056022133421e-01
7.154379961282049116e-01
7.151221503631235432e-01
7.157218021711491129e-01
7.147104054536891349e-01
7.145118835407102686e-01
7.143320914216381157e-01
7.141693306069042402e-01
7.140220565802912756e-01
7.138888624761423607e-01
7.137316362940452352e-01
7.136227490757066638e-01
7.135244359161547756e-01
7.134357227570728988e-01
7.133557205365177456e-01
7.132836169599306997e-01
7.132186696135254245e-01
7.131601998692241873e-01
7.131075873514077790e-01
7.130602649094875956e-01
7.130177139816870069e-01
7.129794602000123493e-01
7.129450426941064123e-01
7.129141190568192288e-01
7.128484477010772480e-01
7.128238731913052462e-01
7.128017596904767661e-01
7.128182807553917755e-01
7.127998300271649601e-01
7.127830858123862523e-01
7.127678367995450293e-01
7.127538902607912785e-01
7.127410706098872284e-01
7.127292180375549568e-01
7.127181872591329403e-01
7.127078463667452235e-01
7.126980755596530326e-01
7.126887659378147166e-01
7.126798189793953631e-01
7.126711457842139774e-01
7.126626663319037824e-01
7.126543087804906307e-01
7.126460088323344211e-01
7.126377091403862662e-01
7.126293587596125301e-01
7.126210099045829915e-01
7.126492088015644599e-01
7.126403962552235738e-01
7.126313802658748031e-01
7.126221341899231509e-01
7.126126352988388923e-01
7.126028644527137024e-01
7.125928058067686477e-01
7.125824465303811639e-01
7.125717765378988267e-01
7.125607885386370244e-01
7.125495610334253715e-01
