-1.568022682389040579e-01
-2.388247899419873588e-01
-3.136348129885306868e-01
-3.749088725745894357e-01
-4.215137721297493312e-01
-4.549837533158145320e-01
-4.777821769360018345e-01
-4.924630610465335345e-01
-5.009892991496019965e-01
-5.052610612148558111e-01
-5.065297446716490182e-01
-5.057704680752751480e-01
-5.036943624994190127e-01
-5.008125189453423998e-01
-4.974875227871261574e-01
-4.939731698193715603e-01
-4.904442622052193057e-01
-4.870074971648598039e-01
-4.837629292481509524e-01
-4.807466706089260633e-01
-4.779859861045923641e-01
-4.754936807068607107e-01
-4.732725408187656857e-01
-4.713185334572741469e-01
-4.696230867390948083e-01
-4.681747434132733088e-01
-4.669603349472637999e-01
-4.659657946742613577e-01
-4.651767430893378741e-01
-4.645788958247861200e-01
-4.641583255148834519e-01
-4.639016387723452484e-01
-4.637960891152649867e-01
-4.638296361040762372e-01
-4.639909679417709709e-01
-4.642695061969633885e-01
-4.646553920853956909e-01
-4.651394576136191339e-01
-4.657131964812348257e-01
-4.663608722259123263e-01
-4.670891603995093733e-01
-4.679073638896803500e-01
-4.687652647503608438e-01
-4.696789515590004127e-01
-4.706431170083557047e-01
-4.716528644332123599e-01
-4.727234885562164868e-01
-4.738128451204370317e-01
-4.749352085596252881e-01
-4.760870204408962914e-01
-4.772650000539970794e-01
-4.784661170831814303e-01
-4.796875629495056526e-01
-4.809267445870303304e-01
-4.821563408685576868e-01
-4.834238607413275934e-01
-4.847024960678975036e-01
-4.859903708812360335e-01
-4.872857423726869586e-01
-4.885870013039205206e-01
-4.898511680411431479e-01
-4.911584302718791650e-01
-4.924675114073763238e-01
-4.937772610210125479e-01
-4.950866171579515473e-01
-4.963933456191989557e-01
-4.976989169041607930e-01
-4.990013902170190030e-01
-5.002999784110246928e-01
-5.015939834013356524e-01
-5.028827666215506254e-01
-5.041657436890369937e-01
-5.054423703432195936e-01
-5.067121417905640079e-01
-5.079745970650785258e-01
-5.092293154863354321e-01
-5.104759133325851295e-01
-5.117140406724763890e-01
-5.129433784214416647e-01
-5.141636358451820987e-01
-5.153745433906472551e-01
-5.165758479081001830e-01
-5.177673168188448027e-01
-5.189487373955267158e-01
-5.201199150150012107e-01
-5.212806713415241155e-01
-5.224308428830773954e-01
-5.235702795586242297e-01
-5.246988435021051611e-01
-5.258160842575337890e-01
-5.269497144884103257e-01
-5.280449108405013137e-01
-5.291287434060699679e-01
-5.302011092782245028e-01
-5.312619140514782679e-01
-5.323110712285683555e-01
-5.333485018498552721e-01
-5.343741340845959975e-01
-5.353879027840625637e-01
-5.363897532623599362e-01
-5.373797448467371174e-01
