8.744949016294140165e+02
8.703682837627605977e+02
8.642019652304562669e+02
8.561131949109179686e+02
8.463923953624656633e+02
8.353956993003073421e+02
8.234754055337137970e+02
8.109444686620678340e+02
7.980635165501507799e+02
7.850403433326066533e+02
7.720352975114777792e+02
7.591687344475506052e+02
7.465285615390018847e+02
7.341770574109470999e+02
7.221565835844160119e+02
7.104942929012138393e+02
6.992058126043876882e+02
6.882981756589991846e+02
6.777720712831692254e+02
6.676235473108243923e+02
6.578453996012337939e+02
6.484280984457010391e+02
6.393605695678288612e+02
6.306307899036766003e+02
6.222261595938024357e+02
6.141338642152967395e+02
6.063411386737052453e+02
5.988353562789875468e+02
5.916041609523979332e+02
5.846356089581970537e+02
5.779181672135226790e+02
5.714407281975778687e+02
5.651926668942558081e+02
5.591638844527161609e+02
5.533447313628049642e+02
5.477260013980370559e+02
5.422989434598831622e+02
5.370552842588562044e+02
5.319871540573211632e+02
5.270870616178508499e+02
5.223478835867788348e+02
5.177383969831327022e+02
5.133011643627424974e+02
5.090056952235817676e+02
5.048462115633940925e+02
5.008172155501833345e+02
4.969135136931645320e+02
4.931301820994955278e+02
4.894625241168729417e+02
4.859060573789888053e+02
4.824565041871414905e+02
4.791097945578679855e+02
4.758620846570190679e+02
4.727097028128806073e+02
4.696734981770678701e+02
4.667013090904280261e+02
4.638143459806494775e+02
4.610095339859851720e+02
4.582839620157686795e+02
4.556348454039601279e+02
4.530595106751911771e+02
4.505553907665317297e+02
4.481200205586231959e+02
4.457510325187824378e+02
4.434461633717722862e+02
4.412032626808008331e+02
4.390202227061664644e+02
4.368951367487964603e+02
4.348260478885104590e+02
4.328111116128477533e+02
4.308485517138527712e+02
4.289366590037124638e+02
4.270738051626203742e+02
4.252584326657098472e+02
4.234890383006433012e+02
4.217641712148730448e+02
4.200824314978982557e+02
4.184424677256899372e+02
4.168429751717775957e+02
4.152826951120080707e+02
4.137604176961142457e+02
4.122749858983954709e+02
4.108252834971345351e+02
4.094102307885876257e+02
4.080287845018563075e+02
4.066799359245173378e+02
4.053627100391323665e+02
4.040761644042851231e+02
4.028193878983213949e+02
4.015915151870858608e+02
4.003710198540895249e+02
3.991985323531650351e+02
3.980525143956099896e+02
3.969322109514092176e+02
3.958368910072647964e+02
3.947658462112431152e+02
3.937183906252922156e+02
3.926938600230322436e+02
3.916916113929634093e+02
3.907110133036204047e+02
3.897514011151812952e+02
