1.056032981064548126e+00 0.000000000000000000e+00 0.000000000000000000e+00 4.364404232015974390e-06 0.000000000000000000e+00 0.000000000000000000e+00 0.000000000000000000e+00 0.000000000000000000e+00 0.000000000000000000e+00
1.175443983510534363e+00 1.886257753951967630e-07 6.118027453697274211e-06 4.364404232015974390e-06 1.886257752205297019e-07 1.746671059077935836e-16 1.438984331126043716e-06 1.622790473389324940e-06 6.199163284249071824e-06
1.308357393325258133e+00 1.886257687931728914e-07 6.565051012844399316e-06 4.364404232015974390e-06 1.886257686185057509e-07 1.746671059077933371e-16 1.544126037429606714e-06 1.741362289781472030e-06 6.652115127616468611e-06
1.456299996156748877e+00 1.886257606415510532e-07 7.055034509774438765e-06 4.364404232015974390e-06 1.886257604668839392e-07 1.746671059077928687e-16 1.659372087604471314e-06 1.871329119341416160e-06 7.148596616292367029e-06
1.620971219045888478e+00 1.886257509465724252e-07 7.594620719962065503e-06 4.364404232015974390e-06 1.886257507719053112e-07 1.746671059077922524e-16 1.786284888835033006e-06 2.014452940517289705e-06 7.695338620824163642e-06
1.804262651863866251e+00 1.886257393962307273e-07 8.188165877521311938e-06 4.364404232015974390e-06 1.886257392215635868e-07 1.746671059077914636e-16 1.925889043585241128e-06 2.171889233946199037e-06 8.296755142002603813e-06
2.008279776137516404e+00 1.886257251306450576e-07 8.835890835159087474e-06 4.364404232015974390e-06 1.886257249559779171e-07 1.746671059077905268e-16 2.078236493555917455e-06 2.343696584183227202e-06 8.953069945352929424e-06
2.235366150863083323e+00 1.886257078171462172e-07 9.543916046293981614e-06 4.364404232015974390e-06 1.886257076424791032e-07 1.746671059077894421e-16 2.244766791971240597e-06 2.531498426991526853e-06 9.670484644958083817e-06
2.488130333132567262e+00 1.886256869401302163e-07 1.031765619306090689e-05 4.364404232015974390e-06 1.886256867654631023e-07 1.746671059077882095e-16 2.426753491060868376e-06 2.736730995019822985e-06 1.045448572044948936e-05
2.769475842811750965e+00 1.886256617299750045e-07 1.116143431438270150e-05 4.364404232015974390e-06 1.886256615553078640e-07 1.746671059077867797e-16 2.625213382838528233e-06 2.960540966952836279e-06 1.130945352509638532e-05
3.082634515476230241e+00 1.886256309050557023e-07 1.207650641501084159e-05 4.364404232015974390e-06 1.886256307303885618e-07 1.746671059077849555e-16 2.840441877415210596e-06 3.203261502338102307e-06 1.223666068951345369e-05
3.431203626733101864e+00 1.886255927935154072e-07 1.306252958056081715e-05 4.364404232015974390e-06 1.886255926188482932e-07 1.746671059077828107e-16 3.072358309385239767e-06 3.464801655286638515e-06 1.323575970607996724e-05
3.819187214377767425e+00 1.886255463723807557e-07 1.412661071477359783e-05 4.364404232015974390e-06 1.886255461977136417e-07 1.746671059077800744e-16 3.322634243742587413e-06 3.747046520465786020e-06 1.431395169861202577e-05
4.251042073056519932e+00 1.886254897706377854e-07 1.527064931161118319e-05 4.364404232015974390e-06 1.886254895959706449e-07 1.746671059077766478e-16 3.591716436177333302e-06 4.050499947206342658e-06 1.547316129645483269e-05
4.731728949778890581e+00 1.886254206894129253e-07 1.649550143726000767e-05 4.364404232015974390e-06 1.886254205147457848e-07 1.746671059077725309e-16 3.879806220229427990e-06 4.375389022435712748e-06 1.671425584712688027e-05
5.266769528365972342e+00 1.886253363036085684e-07 1.780068005841702224e-05 4.364404232015974390e-06 1.886253361289414808e-07 1.746671059077676005e-16 4.186789022254682979e-06 4.721584584678083560e-06 1.803674176587324716e-05
5.862309857419115922e+00 1.886252326529617422e-07 1.918041787164468558e-05 4.364404232015974390e-06 1.886252324782946546e-07 1.746671059077613143e-16 4.511308317685291057e-06 5.087556905964454643e-06 1.943477512714658829e-05
6.525190950410857837e+00 1.886251038402396765e-07 2.061989056987105281e-05 4.364404232015974390e-06 1.886251036655725360e-07 1.746671059077534503e-16 4.849877319687740279e-06 5.469373932512778058e-06 2.089333480774854682e-05
7.263027368885755841e+00 1.886249456349906324e-07 2.212090387977014907e-05 4.364404232015974390e-06 1.886249454603234919e-07 1.746671059077440580e-16 5.202920704586563028e-06 5.867514668602310301e-06 2.241425031882932344e-05
8.084294691462201143e+00 1.886247512195479554e-07 2.367263272267592896e-05 4.364404232015974390e-06 1.886247510448808679e-07 1.746671059077326688e-16 5.567892309538148442e-06 6.279107856167812752e-06 2.398655275761880126e-05
8.998426873397548320e+00 1.886245121841338850e-07 2.526082231631420909e-05 4.364404232015974390e-06 1.886245120094667710e-07 1.746671059077184446e-16 5.941439276110047524e-06 6.700372534069116133e-06 2.559579796621884985e-05
1.001592461509324039e+01 1.886242181545846300e-07 2.686740969140423392e-05 4.364404232015974390e-06 1.886242179799175425e-07 1.746671059077008432e-16 6.319313026341136832e-06 7.126517649716159839e-06 2.722368301530829948e-05
1.114847598437533449e+01 1.886238563332009132e-07 2.846949445124148762e-05 4.364404232015974390e-06 1.886238561585338256e-07 1.746671059076792481e-16 6.696127178241595238e-06 7.551469059052472979e-06 2.884700330095645924e-05
1.240909067814867583e+01 1.886234109325328626e-07 3.003840235394063412e-05 4.364404232015974390e-06 1.886234107578657220e-07 1.746671059076527226e-16 7.065137293712042988e-06 7.967621147330661662e-06 3.043670369578345197e-05
1.381224946569640366e+01 1.886228624772470921e-07 3.154008832546174445e-05 4.364404232015974390e-06 1.886228623025800045e-07 1.746671059076199849e-16 7.418335666154769200e-06 8.365943730059237083e-06 3.195828689522670654e-05
1.537407053029052229e+01 1.886221858945341737e-07 3.293044901610631765e-05 4.364404232015974390e-06 1.886221857198670861e-07 1.746671059075798763e-16 7.745348804926398866e-06 8.734738731980048868e-06 3.336706376616997780e-05
1.711249461989307719e+01 1.886213429346402963e-07 3.413704375725056472e-05 4.364404232015974390e-06 1.886213427599731822e-07 1.746671059075295617e-16 8.029138084702042508e-06 9.054791769623919603e-06 3.458963168827653312e-05
1.904749113378321468e+01 1.886203018341440018e-07 3.513330695015154560e-05 4.364404232015974390e-06 1.886203016594768878e-07 1.746671059074675376e-16 8.263454989559492202e-06 9.319056581694684120e-06 3.559907197337991555e-05
2.120128751244688203e+01 1.886190157930911144e-07 3.586396098321611753e-05 4.364404232015974390e-06 1.886190156184239739e-07 1.746671059073908701e-16 8.435297765852710385e-06 9.512871184026754895e-06 3.633937289703676799e-05
2.359862456574094125e+01 1.886174269490171279e-07 3.627049910596061825e-05 4.364404232015974390e-06 1.886174267743499873e-07 1.746671059072961575e-16 8.530905178868701606e-06 9.620717045200307999e-06 3.675125088045231865e-05
2.626704067231091244e+01 1.886154637663139207e-07 3.629701826880994870e-05 4.364404232015974390e-06 1.886154635916468066e-07 1.746671059071792582e-16 8.537128450217427048e-06 9.627766199545061739e-06 3.677806081466664947e-05
2.923718811487309566e+01 1.886130378116002602e-07 3.589470697668696944e-05 4.364404232015974390e-06 1.886130376369330932e-07 1.746671059070346501e-16 8.442486860795288804e-06 9.521071593747958009e-06 3.637034361190211428e-05
3.254318518513449021e+01 1.886100397714290912e-07 3.502879582342846880e-05 4.364404232015974390e-06 1.886100395967618978e-07 1.746671059068558499e-16 8.238802587375060224e-06 9.291410651578364561e-06 3.549286910293538973e-05
3.622300810299908846e+01 1.886063345353012998e-07 3.368950625349676750e-05 4.364404232015974390e-06 1.886063343606342122e-07 1.746671059066351167e-16 7.923775918557851182e-06 8.936189378518487816e-06 3.413573010103762838e-05
4.031892725206589034e+01 1.886017551259385477e-07 3.190050722622024331e-05 4.364404232015974390e-06 1.886017549512714072e-07 1.746671059063623681e-16 7.502974297071991270e-06 8.461685468012957096e-06 3.232291122216470597e-05
4.487799274248540371e+01 1.885960952083698707e-07 2.972803887244918517e-05 4.364404232015974390e-06 1.885960950337027038e-07 1.746671059060250561e-16 6.991978159994344052e-06 7.885468412058301607e-06 3.012153319264438249e-05
4.995257487887015913e+01 1.885890998475210870e-07 2.729634132402945245e-05 4.364404232015974390e-06 1.885890996728539729e-07 1.746671059056081431e-16 6.420009633387166107e-06 7.240492198446886362e-06 2.765748531304404432e-05
5.560096574165519456e+01 1.885804541081131324e-07 2.475722095356317187e-05 4.364404232015974390e-06 1.885804539334460448e-07 1.746671059050927211e-16 5.822774236174208102e-06 6.567023001563259842e-06 2.508458742501819337e-05
6.188804879230252709e+01 1.885697632611058347e-07 2.231224343457769788e-05 4.364404232015974390e-06 1.885697630864386942e-07 1.746671059044554694e-16 5.247680148751757991e-06 5.918526498507272303e-06 2.260707458862184466e-05
6.888604419417499969e+01 1.885564340730457892e-07 2.017749193820286071e-05 4.364404232015974390e-06 1.885564338983786752e-07 1.746671059036609632e-16 4.745548895850264108e-06 5.352320398862354153e-06 2.044388659586235304e-05
7.667533841060405564e+01 1.885399316995757681e-07 1.842139351373862205e-05 4.364404232015974390e-06 1.885399315249086276e-07 1.746671059026771797e-16 4.332471757358917040e-06 4.886558016913492952e-06 1.866434489057192868e-05
8.534540760983165342e+01 1.885195018289269163e-07 1.702593721451815844e-05 4.364404232015974390e-06 1.885195016542598287e-07 1.746671059014586854e-16 4.004209867322332493e-06 4.516464779738495108e-06 1.725018838287694425e-05
9.499584548401358575e+01 1.884942115164247562e-07 1.582436293672294503e-05 4.364404232015974390e-06 1.884942113417576157e-07 1.746671058999503587e-16 3.721541037405329367e-06 4.197807537365995723e-06 1.603244737338875320e-05
1.057375072889466310e+02 1.884629071795411716e-07 1.453964807409710068e-05 4.364404232015974390e-06 1.884629070048740311e-07 1.746671058980828538e-16 3.419315031631876013e-06 3.857099794554336248e-06 1.473045379499451465e-05
1.176937832461472624e+02 1.884241628464403938e-07 1.293348578850731729e-05 4.364404232015974390e-06 1.884241626717733062e-07 1.746671058957707025e-16 3.041493443068602524e-06 3.431118228156711802e-06 1.310279345905097299e-05
1.310020159349736844e+02 1.883762164568358198e-07 1.101511886190670676e-05 4.364404232015974390e-06 1.883762162821686792e-07 1.746671058929081235e-16 2.590259780696107986e-06 2.922304297910261606e-06 1.115887295075199196e-05
1.458150779564580262e+02 1.883168915459607306e-07 9.110006778851213735e-06 4.364404232015974390e-06 1.883168913712935901e-07 1.746671058893644370e-16 2.142157337261466088e-06 2.416991710413247577e-06 9.228441774514950020e-06
1.623031279915676635e+02 1.882435010895097744e-07 7.634244627007554578e-06 4.364404232015974390e-06 1.882435009148426603e-07 1.746671058849779020e-16 1.795029630055004501e-06 2.025573748771726414e-06 7.733011080161289339e-06
1.806555654259147161e+02 1.881527296417846619e-07 6.706030829662504026e-06 4.364404232015974390e-06 1.881527294671175479e-07 1.746671058795484436e-16 1.576658001541041116e-06 1.779422832913014787e-06 6.792263253709198415e-06
2.010832059937378347e+02 1.880404891571477020e-07 5.980615351497462726e-06 4.364404232015974390e-06 1.880404889824805615e-07 1.746671058728289264e-16 1.405973806369215122e-06 1.587075893883581703e-06 6.056953512648434762e-06
2.238207034330328042e+02 1.879017430498144359e-07 5.033219664593120964e-06 4.364404232015974390e-06 1.879017428751472954e-07 1.746671058645126068e-16 1.183115251881479766e-06 1.335810786206656916e-06 5.096875950525086381e-06
2.491292449694543905e+02 1.877302921352567634e-07 3.999051521587278618e-06 4.364404232015974390e-06 1.877302919605896758e-07 1.746671058542216944e-16 9.398840635715187432e-07 1.061490657973621821e-06 4.049032815933436907e-06
2.772995515922919481e+02 1.875185151450166338e-07 3.360872710047819015e-06 4.364404232015974390e-06 1.875185149703494404e-07 1.746671058414885919e-16 7.897516572445677568e-07 8.922475997480536381e-07 3.402260449517392726e-06
3.086552175868076802e+02 1.872570555848971164e-07 2.914237942016316158e-06 4.364404232015974390e-06 1.872570554102299759e-07 1.746671058257347438e-16 6.846468112341741751e-07 7.738369922085157353e-07 2.949467400774173501e-06
3.435564276845046834e+02 1.869333802045529766e-07 2.298598758804248304e-06 4.364404232015974390e-06 1.869333800298858361e-07 1.746671058061793257e-16 5.398645497500305776e-07 6.105207750937194269e-07 2.325743528186409034e-06
3.824040945302937757e+02 1.865321084546045551e-07 1.919182490097268172e-06 4.364404232015974390e-06 1.865321082799374146e-07 1.746671057818513485e-16 4.505994519574339430e-07 5.099082093530078690e-07 1.941188321551364693e-06
4.256444639942141634e+02 1.860369962477201312e-07 1.569916090929233388e-06 4.364404232015974390e-06 1.860369960730529907e-07 1.746671057517074695e-16 3.684425272977673823e-07 4.172749946394006483e-07 1.587255217569281210e-06
4.737742412289155709e+02 1.854267534291016110e-07 1.276541288831308450e-06 4.364404232015974390e-06 1.854267532544344705e-07 1.746671057143603537e-16 2.994358312714488648e-07 3.394623474003514864e-07 1.289973470214229923e-06
5.273462963565856398e+02 1.846755900334862039e-07 1.031452556971334234e-06 4.364404232015974390e-06 1.846755898588190634e-07 1.746671056680932918e-16 2.417914224245293859e-07 2.744519618381518521e-07 1.041640604361248987e-06
5.869760153267689020e+02 1.837524331785849580e-07 8.338516970767898701e-07 4.364404232015974390e-06 1.837524330039178175e-07 1.746671056107796628e-16 1.953153724753229923e-07 2.220387113133966097e-07 8.414211744411255973e-07
6.533483688978308237e+02 1.826200951847370956e-07 6.694967593926000908e-07 4.364404232015974390e-06 1.826200950100699551e-07 1.746671055397887387e-16 1.566652795425701174e-07 1.784371330959485084e-07 6.749160695147614489e-07
7.272257809440862957e+02 1.812344415452335779e-07 5.340172047183574546e-07 4.364404232015974390e-06 1.812344413705664904e-07 1.746671054518646195e-16 1.248113628647297498e-07 1.424898935479256915e-07 5.376889806177799844e-07
8.094568864722074295e+02 1.795436410469287000e-07 4.251376454506384563e-07 4.364404232015974390e-06 1.795436408722615330e-07 1.746671053429779516e-16 9.921544796993399898e-08 1.135966511243826715e-07 4.274214450995748631e-07
9.009862799510120794e+02 1.774876267632743597e-07 3.371637661283393474e-07 4.364404232015974390e-06 1.774876265886072457e-07 1.746671052081437749e-16 7.853959584667486453e-08 9.024554090210303108e-08 3.383496042319454160e-07
1.002865365934268880e+03 1.749979570121047817e-07 2.662260243191593664e-07 4.364404232015974390e-06 1.749979568374376412e-07 1.746671050411956624e-16 6.187390315875165039e-08 7.140994701453002486e-08 2.665535825638662181e-07
1.116264436618460877e+03 1.719983381553763998e-07 2.093866666679110490e-07 4.364404232015974390e-06 1.719983379807092857e-07 1.746671048345057482e-16 4.852696310648112042e-08 5.631111615202303588e-08 2.090547905760739837e-07
1.242486115071199492e+03 1.684061494994809465e-07 1.640484960615441833e-07 4.364404232015974390e-06 1.684061493248138325e-07 1.746671045786398969e-16 3.788772354972247288e-08 4.426035506195396634e-08 1.632208076716336701e-07
1.382980318553656389e+03 1.641353789382907435e-07 1.280223753246273791e-07 4.364404232015974390e-06 1.641353787636236030e-07 1.746671042619326799e-16 2.944119347817899119e-08 3.467711618952938972e-08 1.268330458550447269e-07
1.539360913821697523e+03 1.591014079625600989e-07 9.952496659498823055e-08 4.364404232015974390e-06 1.591014077878929849e-07 1.746671038699598741e-16 2.276770560223616160e-08 2.708861664705425396e-08 9.808357296394456648e-08
1.713424255726343517e+03 1.532280315911065023e-07 7.706812061088051643e-08 4.364404232015974390e-06 1.532280314164394147e-07 1.746671033848892296e-16 1.751712221370953252e-08 2.110025921522816372e-08 7.546399118047114302e-08
1.907169822067742189e+03 1.464569013160019305e-07 5.943835251262069906e-08 4.364404232015974390e-06 1.464569011413348429e-07 1.746671027846793069e-16 1.340389614612034055e-08 1.639030495529864797e-08 5.774415958365188233e-08
2.122823181736748211e+03 1.387580470123427152e-07 4.593695431434590585e-08 4.364404232015974390e-06 1.387580468376756276e-07 1.746671020360565201e-16 1.026335914419435362e-08 1.277375210216696951e-08 4.421468518004216480e-08
2.362861559980607581e+03 1.301710910046825245e-07 3.535927582944736287e-08 4.364404232015974390e-06 1.301710908300154105e-07 1.746671011082051766e-16 7.812065520291587566e-09 9.931151704472889932e-09 3.365448024694146315e-08
2.630042294462951304e+03 1.207759613131835367e-07 2.710042926876532656e-08 4.364404232015974390e-06 1.207759611385164226e-07 1.746670999584642703e-16 5.907503888500607629e-09 7.702261310794767207e-09 2.544960387337519754e-08
2.927434508994474982e+03 1.107130632596009973e-07 2.067858021656238720e-08 4.364404232015974390e-06 1.107130630849338568e-07 1.746670985338972408e-16 4.436036827777839316e-09 5.959530248792705156e-09 1.911050456596552046e-08
3.258454368773508122e+03 1.001815892617562703e-07 1.570671203208606511e-08 4.364404232015974390e-06 1.001815890870891430e-07 1.746670967689725992e-16 3.306247912335661328e-09 4.600623431106173287e-09 1.424335916898951093e-08
3.626904322114499791e+03 8.942854844164819436e-08 1.187507210455817243e-08 4.364404232015974390e-06 8.942854826698108032e-08 1.746670945825762407e-16 2.444805245965368343e-09 3.543777939490794918e-09 1.053225291624145227e-08
4.037016779438275080e+03 7.872907264104845713e-08 8.936514352512090371e-09 4.364404232015974390e-06 7.872907246638136956e-08 1.746670918743176278e-16 1.793019298776059996e-09 2.723918566921052481e-09 7.724350546766974788e-09
4.493502731267226409e+03 6.836053786850736375e-08 6.694445609052795340e-09 4.364404232015974390e-06 6.836053769384027618e-08 1.746670885199637403e-16 1.304027925872315985e-09 2.089453012392715900e-09 5.617769328577244220e-09
5.001605863702974602e+03 5.857475720212670329e-08 4.992931090452348826e-09 4.364404232015974390e-06 5.857475702745961572e-08 1.746670843657943075e-16 9.405082845324775211e-10 1.599622060482210706e-09 4.051721967982372515e-09
5.567162793016338583e+03 4.957333018779874779e-08 3.708636191038640559e-09 4.364404232015974390e-06 4.957333001313166684e-08 1.746670792216267732e-16 6.728373834987771605e-10 1.222317803070587177e-09 2.898592231919501794e-09
6.196670111266974345e+03 4.149095739943604190e-08 2.744381133751759411e-09 4.364404232015974390e-06 4.149095722476898080e-08 1.746670728521972762e-16 4.776365817788588168e-10 9.323193066924502536e-10 2.057664629788365275e-09
6.897359013111165041e+03 3.438999922557499383e-08 2.024024181303024340e-09 4.364404232015974390e-06 3.438999905090792611e-08 1.746670649665118411e-16 3.366184852877548297e-10 7.098827444098833120e-10 1.450156829131311493e-09
7.677278361042189317e+03 2.826683751391327427e-08 1.488331740319149922e-09 4.364404232015974390e-06 2.826683733924621978e-08 1.746670552046923449e-16 2.356458088303198329e-10 5.396051511700065124e-10 1.015165220767187815e-09
8.545387143236317570e+03 2.306730213121989673e-08 1.091584849763550384e-09 4.364404232015974390e-06 2.306730195655284887e-08 1.746670431217317258e-16 1.639379101029386466e-10 4.095034322063973293e-10 7.062466569120995422e-10
9.511657386079081334e+03 1.870588988549586957e-08 7.987917377753344339e-10 4.364404232015974390e-06 1.870588971082884155e-08 1.746670281674318459e-16 1.133934370992706132e-10 3.102803062573787428e-10 4.885004073606082010e-10
1.058718870352829254e+04 1.508323207551037465e-08 5.833853967662012644e-10 4.364404232015974390e-06 1.508323190084336318e-08 1.746670096616351563e-16 7.800974575712663359e-11 2.347402606007919580e-10 3.360670031290458279e-10
1.178433579916051713e+04 1.212102366893174711e-08 4.268690697057217999e-10 4.364404232015974390e-06 1.212102349426475880e-08 1.746669866880837093e-16 5.365766133733320977e-11 1.778458833269785443e-10 2.311579055351998978e-10
1.311685038551288017e+04 9.720872860763351714e-09 3.134901764693091078e-10 4.364404232015974390e-06 9.720872686096393185e-09 1.746669581048906455e-16 3.699577448947312036e-11 1.351136756651223025e-10 1.593782794757975114e-10
1.460003915097147365e+04 7.760850564036520774e-09 2.298730415122759465e-10 4.364404232015974390e-06 7.760850389369598640e-09 1.746669226836530046e-16 2.538826318192254421e-11 1.024893578063660827e-10 1.093729692282806082e-10
1.625093958876844590e+04 6.169109024875498677e-09 1.683347436666464203e-10 4.364404232015974390e-06 6.169108850208621211e-09 1.746668787924286681e-16 1.734457404755842839e-11 7.762679702114565771e-11 7.472065142809774485e-11
1.808851570786662342e+04 4.883262795635981217e-09 1.231248695045931210e-10 4.364404232015974390e-06 4.883262620969156690e-09 1.746668244108487891e-16 1.179806436651733271e-11 5.870981266544997946e-11 5.082621531319175040e-11
2.013387587385212828e+04 3.849778203404495243e-09 8.995635360183743365e-11 4.364404232015974390e-06 3.849778028737737718e-09 1.746667570379471367e-16 7.991038351543294157e-12 4.433603968759930610e-11 3.442549754044144787e-11
2.241051528221264743e+04 3.023174538596120618e-09 6.565872192336433501e-11 4.364404232015974390e-06 3.023174363929446639e-09 1.746666735781896878e-16 5.390107978627134059e-12 3.343265083536115671e-11 2.322065553910224802e-11
2.494458584929090648e+04 2.365145471225627030e-09 2.604553077030378470e-11 4.364404232015974390e-06 2.365145296559056862e-09 1.746665702005728773e-16 2.049491741334214155e-12 1.348268522940915524e-11 8.829237177522736113e-12
2.776519662118276028e+04 1.843675855381725478e-09 0.000000000000000000e+00 4.364404232015974390e-06 1.843675680715283522e-09 1.746664421644503087e-16 0.000000000000000000e+00 0.000000000000000000e+00 0.000000000000000000e+00
3.090474815138586200e+04 1.432214481480806801e-09 0.000000000000000000e+00 4.364404232015974390e-06 1.432214306814523251e-09 1.746662836042629421e-16 0.000000000000000000e+00 0.000000000000000000e+00 0.000000000000000000e+00
3.439930468822552211e+04 1.108913865426953617e-09 0.000000000000000000e+00 4.364404232015974390e-06 1.108913690760866109e-09 1.746660872635195680e-16 0.000000000000000000e+00 0.000000000000000000e+00 0.000000000000000000e+00
3.828900844740607135e+04 8.559153093103982088e-10 0.000000000000000000e+00 4.364404232015974390e-06 8.559151346445539949e-10 1.746658441661132513e-16 0.000000000000000000e+00 0.000000000000000000e+00 0.000000000000000000e+00
4.261854072845193878e+04 6.586861786770436926e-10 0.000000000000000000e+00 4.364404232015974390e-06 6.586860040115003657e-10 1.746655432102800301e-16 0.000000000000000000e+00 0.000000000000000000e+00 0.000000000000000000e+00
4.743763517192281142e+04 5.054615564064079731e-10 0.000000000000000000e+00 4.364404232015974390e-06 5.054613817412372910e-10 1.746651706670791404e-16 0.000000000000000000e+00 0.000000000000000000e+00 0.000000000000000000e+00
