1.056032981064548126e+00 3.096152603399869385e-10 1.080813998870155145e-08 0.000000000000000000e+00 3.096152602195006893e-10 1.204863081252555174e-19 3.441883628870039797e-09 2.062760141166866283e-09
1.175443983510534363e+00 3.766669035257788794e-10 1.369378635320214085e-08 0.000000000000000000e+00 3.766669033455005001e-10 1.802782972182934192e-19 4.199118106836742564e-09 2.754928811190209908e-09
1.308357393325258133e+00 3.766668388960861536e-10 1.462508210992368247e-08 0.000000000000000000e+00 3.766668387158077226e-10 1.802782972182924322e-19 4.482691077355721760e-09 2.943925955822549290e-09
1.456299996156748877e+00 3.766667614241011750e-10 1.563738892958473621e-08 0.000000000000000000e+00 3.766667612438228990e-10 1.802782972182912285e-19 4.790796606186622139e-09 3.149478729233283079e-09
1.620971219045888478e+00 3.967189647683209710e-10 1.763156513312422660e-08 0.000000000000000000e+00 3.967189645564094473e-10 2.119115099984221414e-19 5.310801746667947792e-09 3.638284084002333195e-09
1.804262651863866251e+00 3.967188508903145488e-10 1.889113433099472061e-08 0.000000000000000000e+00 3.967188506784029734e-10 2.119115099984202636e-19 5.686075831108482517e-09 3.901675133058878473e-09
2.008279776137516404e+00 3.967187134298922022e-10 2.025044973325197118e-08 0.000000000000000000e+00 3.967187132179807301e-10 2.119115099984179043e-19 6.090502083935481512e-09 4.186404772817066859e-09
2.235366150863083323e+00 3.967185474873167810e-10 2.171343866710565068e-08 0.000000000000000000e+00 3.967185472754053090e-10 2.119115099984152562e-19 6.525028333688834236e-09 4.493491406790778521e-09
2.488130333132567262e+00 3.967183476722802993e-10 2.328610416321590450e-08 0.000000000000000000e+00 3.967183474603687238e-10 2.119115099984119580e-19 6.991160185052416343e-09 4.824423447290311035e-09
2.769475842811750965e+00 3.967181010403619260e-10 2.495542689203762515e-08 0.000000000000000000e+00 3.967181008284504540e-10 2.119115099984078414e-19 7.484077411502714938e-09 5.177264457911545538e-09
3.082634515476230241e+00 3.967178012677458709e-10 2.672882257941670599e-08 0.000000000000000000e+00 3.967178010558343471e-10 2.119115099984030747e-19 8.006181066521906700e-09 5.553406723104936192e-09
3.431203626733101864e+00 3.967174347703050240e-10 2.859229833958372533e-08 0.000000000000000000e+00 3.967174345583934485e-10 2.119115099983971284e-19 8.553144224805977135e-09 5.950088073100689794e-09
3.819187214377767425e+00 3.967169887680283008e-10 3.054882193060488088e-08 0.000000000000000000e+00 3.967169885561168288e-10 2.119115099983899061e-19 9.125232642786661993e-09 6.368438435538065004e-09
4.251042073056519932e+00 3.967164454683518187e-10 3.258819306330010791e-08 0.000000000000000000e+00 3.967164452564403467e-10 2.119115099983809987e-19 9.718897932551070600e-09 6.806759304047638300e-09
4.731728949778890581e+00 3.967157780366040671e-10 3.468717615329271543e-08 0.000000000000000000e+00 3.967157778246926467e-10 2.119115099983701172e-19 1.032624357467224830e-08 7.261013549791460144e-09
5.266769528365972342e+00 3.967149547825665449e-10 3.682156009959716718e-08 0.000000000000000000e+00 3.967149545706549695e-10 2.119115099983566116e-19 1.093919629564647325e-08 7.726868138003648190e-09
5.862309857419115922e+00 3.967139462741515488e-10 3.897585737331356718e-08 0.000000000000000000e+00 3.967139460622400767e-10 2.119115099983401931e-19 1.155310173813023230e-08 8.201124948085999428e-09
6.525190950410857837e+00 3.967127059405447560e-10 4.110373382211746609e-08 0.000000000000000000e+00 3.967127057286332323e-10 2.119115099983200671e-19 1.215377333671862982e-08 8.674453604083293832e-09
7.263027368885755841e+00 3.967111820575544417e-10 4.317676156736841326e-08 0.000000000000000000e+00 3.967111818456428663e-10 2.119115099982950782e-19 1.273178238141953613e-08 9.141730795848949890e-09
8.084294691462201143e+00 3.967093105932004740e-10 4.515633882637859746e-08 0.000000000000000000e+00 3.967093103812889503e-10 2.119115099982645040e-19 1.327494012900014381e-08 9.595467972819139070e-09
8.998426873397548320e+00 3.967070110976758965e-10 4.699351606617676680e-08 0.000000000000000000e+00 3.967070108857643211e-10 2.119115099982270447e-19 1.376809906294509426e-08 1.002592345257511532e-08
1.001592461509324039e+01 3.967041843982438529e-10 4.863515834103907807e-08 0.000000000000000000e+00 3.967041841863323292e-10 2.119115099981808224e-19 1.419505947941040567e-08 1.042232010338535585e-08
1.114847598437533449e+01 3.967006918095815201e-10 5.001689611396694343e-08 0.000000000000000000e+00 3.967006915976699963e-10 2.119115099981236222e-19 1.453618054910950276e-08 1.077160841283452083e-08
1.240909067814867583e+01 3.966963659944101913e-10 5.108501340763540461e-08 0.000000000000000000e+00 3.966963657824987193e-10 2.119115099980532295e-19 1.477597546683983461e-08 1.106215360885134976e-08
1.381224946569640366e+01 3.966910327674279578e-10 5.180481195482999539e-08 0.000000000000000000e+00 3.966910325555164341e-10 2.119115099979664182e-19 1.490600577152828760e-08 1.128515245382402414e-08
1.537407053029052229e+01 3.966844551447099363e-10 5.213357437976242958e-08 0.000000000000000000e+00 3.966844549327984125e-10 2.119115099978591921e-19 1.491594196012381377e-08 1.142967502180240413e-08
1.711249461989307719e+01 3.966763314096574782e-10 5.203129660966595264e-08 0.000000000000000000e+00 3.966763311977459027e-10 2.119115099977268325e-19 1.479786777096771290e-08 1.148404695757830754e-08
1.904749113378321468e+01 3.966662888682637410e-10 5.149076166659753310e-08 0.000000000000000000e+00 3.966662886563521656e-10 2.119115099975629118e-19 1.455330111333112702e-08 1.144377104868431836e-08
2.120128751244688203e+01 3.966538900811741075e-10 5.054356524484693317e-08 0.000000000000000000e+00 3.966538898692625838e-10 2.119115099973604003e-19 1.419648268635000967e-08 1.131135866145302581e-08
2.359862456574094125e+01 3.966385802391690063e-10 4.921746036602076157e-08 0.000000000000000000e+00 3.966385800272574308e-10 2.119115099971102461e-19 1.374097300788742696e-08 1.108813738266287228e-08
2.626704067231091244e+01 3.966196740023581646e-10 4.754598195970821957e-08 0.000000000000000000e+00 3.966196737904466409e-10 2.119115099968013269e-19 1.320125413789065586e-08 1.077724961989343034e-08
2.923718811487309566e+01 3.965963249214493496e-10 4.555787697965935135e-08 0.000000000000000000e+00 3.965963247095378776e-10 2.119115099964196557e-19 1.258883811665170236e-08 1.038205781766370760e-08
3.254318518513449021e+01 3.965674877558072918e-10 4.327430696054614781e-08 0.000000000000000000e+00 3.965674875438958198e-10 2.119115099959479955e-19 1.191026854464995546e-08 9.906501316045057742e-09
3.622300810299908846e+01 3.965318720636001283e-10 4.069118559718697362e-08 0.000000000000000000e+00 3.965318718516886046e-10 2.119115099953653535e-19 1.116096808570913101e-08 9.352180109415520108e-09
4.031892725206589034e+01 3.964876879334264902e-10 3.778705365763037806e-08 0.000000000000000000e+00 3.964876877215149147e-10 2.119115099946434187e-19 1.032774144138360304e-08 8.719900039539384703e-09
4.487799274248540371e+01 3.964329150362618441e-10 3.460424049907597533e-08 0.000000000000000000e+00 3.964329148243503721e-10 2.119115099937489687e-19 9.416700980621439476e-09 8.023594769716852717e-09
4.995257487887015913e+01 3.963651778699890170e-10 3.134382542478005464e-08 0.000000000000000000e+00 3.963651776580774932e-10 2.119115099926425941e-19 8.487030134319174196e-09 7.305779157852964166e-09
5.560096574165519456e+01 3.962814157580511092e-10 2.830305957926119688e-08 0.000000000000000000e+00 3.962814155461396371e-10 2.119115099912741487e-19 7.631636158061521032e-09 6.625082489452426044e-09
6.188804879230252709e+01 3.961778456691637692e-10 2.570325286880487983e-08 0.000000000000000000e+00 3.961778454572522971e-10 2.119115099895811118e-19 6.918079882668513238e-09 6.026881730252225390e-09
6.888604419417499969e+01 3.960497668163483972e-10 2.349432623355254658e-08 0.000000000000000000e+00 3.960497666044368218e-10 2.119115099874843037e-19 6.324640860173423269e-09 5.507134599210873836e-09
7.667533841060405564e+01 3.958911526379075312e-10 2.133047766710500052e-08 0.000000000000000000e+00 3.958911524259959558e-10 2.119115099848822279e-19 5.737506199574699711e-09 5.003449237346402579e-09
8.534540760983165342e+01 3.956950743608851243e-10 1.899080216884393875e-08 0.000000000000000000e+00 3.956950741489735489e-10 2.119115099816610379e-19 5.086026332317729937e-09 4.474326211126556785e-09
9.499584548401358575e+01 3.954527658470472955e-10 1.663744995698548966e-08 0.000000000000000000e+00 3.954527656351358234e-10 2.119115099776738092e-19 4.425152393513619082e-09 3.948018520723709215e-09
1.057375072889466310e+02 3.951534484364909569e-10 1.455662473555539949e-08 0.000000000000000000e+00 3.951534482245793298e-10 2.119115099727382526e-19 3.847653280962962078e-09 3.477201420507170557e-09
1.176937832461472624e+02 3.947838921392002835e-10 1.278179684466432324e-08 0.000000000000000000e+00 3.947838919272887597e-10 2.119115099666291787e-19 3.363106332694452719e-09 3.068129030540307607e-09
1.310020159349736844e+02 3.943278884989924579e-10 1.116604209492076764e-08 0.000000000000000000e+00 3.943278882870809859e-10 2.119115099590680259e-19 2.928246726031623973e-09 2.689324966647172266e-09
1.458150779564580262e+02 3.937656250881072227e-10 9.603808457165924036e-09 0.000000000000000000e+00 3.937656248761956472e-10 2.119115099497101972e-19 2.516320582258968164e-09 2.315398964732059995e-09
1.623031279915676635e+02 3.930729508441451850e-10 8.021765855379069105e-09 0.000000000000000000e+00 3.930729506322336613e-10 2.119115099381296526e-19 2.096530936173198664e-09 1.939033542134944604e-09
1.806555654259147161e+02 3.922205244717983170e-10 6.704878840764658904e-09 0.000000000000000000e+00 3.922205242598867932e-10 2.119115099237995783e-19 1.747077650394266752e-09 1.625414864299467702e-09
2.010832059937378347e+02 3.911697037745048154e-10 5.746758297191525769e-09 0.000000000000000000e+00 3.911697035625932917e-10 2.119115099060286375e-19 1.495015795561236727e-09 1.394926945513285007e-09
2.238207034330328042e+02 3.898762941605468082e-10 4.871937902632105029e-09 0.000000000000000000e+00 3.898762939486353362e-10 2.119115098839872841e-19 1.264677402495680648e-09 1.185181543643641956e-09
2.491292449694543905e+02 3.882910099428441581e-10 3.980640199839448875e-09 0.000000000000000000e+00 3.882910097309325827e-10 2.119115098566951475e-19 1.027833934835843122e-09 9.739371039210203117e-10
2.772995515922919481e+02 3.863527974664955840e-10 3.330515860176457018e-09 0.000000000000000000e+00 3.863527972545840603e-10 2.119115098229041529e-19 8.578652673417315184e-10 8.168138609327817208e-10
3.086552175868076802e+02 3.839901837252264589e-10 2.748881455095528289e-09 0.000000000000000000e+00 3.839901835133149352e-10 2.119115097810698971e-19 7.075408237248034509e-10 6.743894041256290657e-10
3.435564276845046834e+02 3.811201056142609371e-10 2.219274002026165223e-09 0.000000000000000000e+00 3.811201054023494134e-10 2.119115097292400168e-19 5.700468030366314427e-10 5.456434370824619220e-10
3.824040945302937757e+02 3.776470107686981698e-10 1.840331720979655438e-09 0.000000000000000000e+00 3.776470105567866977e-10 2.119115096649903197e-19 4.703106018423799855e-10 4.547881085666020796e-10
4.256444639942141634e+02 3.734623999329592971e-10 1.491116314780894683e-09 0.000000000000000000e+00 3.734623997210478251e-10 2.119115095852678219e-19 3.806465332245910722e-10 3.688229859052202276e-10
4.737742412289155709e+02 3.684568092310220839e-10 1.207424186212065770e-09 0.000000000000000000e+00 3.684568090191105601e-10 2.119115094865175214e-19 3.073228423526504152e-10 2.994972600805081914e-10
5.273462963565856398e+02 3.625121645942725105e-10 9.737957693408169405e-10 0.000000000000000000e+00 3.625121643823609868e-10 2.119115093642084514e-19 2.471050880784245755e-10 2.422502265372498577e-10
5.869760153267689020e+02 3.555111726746066057e-10 7.827423964877827105e-10 0.000000000000000000e+00 3.555111724626950303e-10 2.119115092127334594e-19 1.980286029639209552e-10 1.952697502159126085e-10
6.533483688978308237e+02 3.473450097405166436e-10 6.257425408815508791e-10 0.000000000000000000e+00 3.473450095286050682e-10 2.119115090251548162e-19 1.578052496736386620e-10 1.565661888235023522e-10
7.272257809440862957e+02 3.379228495357477619e-10 4.980402229555831405e-10 0.000000000000000000e+00 3.379228493238362899e-10 2.119115087928893742e-19 1.251462331031948063e-10 1.250346396217428397e-10
8.094568864722074295e+02 3.271824662134727915e-10 3.952037151865698070e-10 0.000000000000000000e+00 3.271824660015613195e-10 2.119115085053194093e-19 9.890083398310327760e-11 9.959297840752522622e-11
9.009862799510120794e+02 3.151005494255834976e-10 3.119926557874632393e-10 0.000000000000000000e+00 3.151005492136719739e-10 2.119115081493124869e-19 7.773653046232386669e-11 7.893862542032863789e-11
1.002865365934268880e+03 3.017008796328324073e-10 2.454535862447404660e-10 0.000000000000000000e+00 3.017008794209208836e-10 2.119115077086276489e-19 6.084727149602126807e-11 6.239314971583795892e-11
1.116264436618460877e+03 2.870717734858718617e-10 1.923796266004784173e-10 0.000000000000000000e+00 2.870717732739603896e-10 2.119115071626538338e-19 4.741486605838592841e-11 4.916143293027261133e-11
1.242486115071199492e+03 2.713872959133489234e-10 1.502023051919853776e-10 0.000000000000000000e+00 2.713872957014373997e-10 2.119115064846915618e-19 3.677822002681910304e-11 3.861274475878730043e-11
1.382980318553656389e+03 2.547776832167621220e-10 1.168030063873583314e-10 0.000000000000000000e+00 2.547776830048506499e-10 2.119115056450073394e-19 2.838501309347099739e-11 3.023338399891642940e-11
1.539360913821697523e+03 2.374283778359570647e-10 9.047211768188473479e-11 0.000000000000000000e+00 2.374283776240455410e-10 2.119115046051247697e-19 2.179495840005937863e-11 2.360382924302944912e-11
1.713424255726343517e+03 2.195403994598129292e-10 6.979459189510658374e-11 0.000000000000000000e+00 2.195403992479014571e-10 2.119115033174403293e-19 1.664458467306505776e-11 1.837587943354090551e-11
1.907169822067742189e+03 2.013232230584165436e-10 5.367693800696485323e-11 0.000000000000000000e+00 2.013232228465050716e-10 2.119115017227097889e-19 1.265041748426657713e-11 1.428311393905482123e-11
2.122823181736748211e+03 1.829953714893106633e-10 4.124168202318518066e-11 0.000000000000000000e+00 1.829953712773991396e-10 2.119114997459015902e-19 9.588567083348834224e-12 1.110775741955554209e-11
2.362861559980607581e+03 1.648528028658807552e-10 3.161128308108212933e-11 0.000000000000000000e+00 1.648528026539693090e-10 2.119114972927883829e-19 7.239137211415467460e-12 8.628683470243815209e-12
2.630042294462951304e+03 1.471238792331355064e-10 2.413946786064410994e-11 0.000000000000000000e+00 1.471238790212240344e-10 2.119114942523474316e-19 5.433974362098078890e-12 6.689019130409948621e-12
2.927434508994474982e+03 1.300315758908299896e-10 1.835653145688231190e-11 0.000000000000000000e+00 1.300315756789185176e-10 2.119114904859839064e-19 4.052312340804860251e-12 5.173312706007744368e-12
3.258454368773508122e+03 1.137963898265155724e-10 1.390037030531167956e-11 0.000000000000000000e+00 1.137963896146040875e-10 2.119114858208269855e-19 3.001542570719662664e-12 3.992085114521833196e-12
3.626904322114499791e+03 9.861136012590030698e-11 1.048202044906600208e-11 0.000000000000000000e+00 9.861135991398882204e-11 2.119114800429587910e-19 2.207822649700813955e-12 3.073906521734372719e-12
4.037016779438275080e+03 8.462820495595269748e-11 7.871767530555006807e-12 0.000000000000000000e+00 8.462820474404122546e-11 2.119114728877002153e-19 1.612524520063414242e-12 2.361968116243554095e-12
4.493502731267226409e+03 7.194712492842323013e-11 5.887785079181858723e-12 0.000000000000000000e+00 7.194712471651177103e-11 2.119114640276053471e-19 1.169342099669124063e-12 1.811262983294391831e-12
5.001605863702974602e+03 6.061542762781833297e-11 4.386806870203307035e-12 0.000000000000000000e+00 6.061542741590688680e-11 2.119114530576292119e-19 8.419212553802654578e-13 1.386262152484801104e-12
5.567162793016338583e+03 5.063030198512615885e-11 3.256467915115269401e-12 0.000000000000000000e+00 5.063030177321473852e-11 2.119114394768033903e-19 6.019094091006205652e-13 1.059004645974570068e-12
6.196670111266974345e+03 4.194684180370500057e-11 2.409069037251109717e-12 0.000000000000000000e+00 4.194684159179357379e-11 2.119114226656015988e-19 4.273550680486528138e-13 8.075505120222167827e-13
6.897359013111165041e+03 3.450091730449553925e-11 1.776773730556708187e-12 0.000000000000000000e+00 3.450091709258414478e-11 2.119114017999262144e-19 3.014494417992958425e-13 6.148096982552679915e-13
7.677278361042189317e+03 2.817990036643187392e-11 1.306719068480800550e-12 0.000000000000000000e+00 2.817990015452049560e-11 2.119113759277488746e-19 2.112928563005080090e-13 4.673095175935573576e-13
8.545387143236317570e+03 2.287014255908564278e-11 9.585266275984588762e-13 0.000000000000000000e+00 2.287014234717430001e-11 2.119113438841234024e-19 1.472019759804404062e-13 3.546188805156952690e-13
9.511657386079081334e+03 1.845026755470403003e-11 6.914450837340963183e-13 0.000000000000000000e+00 1.845026734279272280e-11 2.119113042009574811e-19 1.008499169280971869e-13 2.642071161556252488e-13
1.058718870352829254e+04 1.480380554925848868e-11 5.019945244989199470e-13 0.000000000000000000e+00 1.480380533734723315e-11 2.119112550616754444e-19 6.916020966526837501e-14 1.985228493494768234e-13
1.178433579916051713e+04 1.183682198660548089e-11 3.676845987643277068e-13 0.000000000000000000e+00 1.183682177469428675e-11 2.119111941713025297e-19 4.770915821773079694e-14 1.505274898788735012e-13
1.311685038551288017e+04 9.433245247491091027e-12 2.695808283522877873e-13 0.000000000000000000e+00 9.433245035579971203e-12 2.119111186846586505e-19 3.287470014991536853e-14 1.142052147314687787e-13
1.460003915097147365e+04 7.498422727274698044e-12 1.976844381041551284e-13 0.000000000000000000e+00 7.498422515363671924e-12 2.119110250027977848e-19 2.259945720264737256e-14 8.663592109720946732e-14
1.625093958876844590e+04 5.935415797347948456e-12 1.447539173304183756e-13 0.000000000000000000e+00 5.935415585437040274e-12 2.119109089453242489e-19 1.546432518586027279e-14 6.562195616583345933e-14
1.808851570786662342e+04 4.680288229562758377e-12 8.763510057927922209e-14 0.000000000000000000e+00 4.680288017651992367e-12 2.119107651817792393e-19 8.893981601475439606e-15 4.070248895964332073e-14
2.013387587385212828e+04 3.675372209005697463e-12 5.933251672252629803e-14 0.000000000000000000e+00 3.675371997095110783e-12 2.119105871155515052e-19 5.617436424450992132e-15 2.844475936524929314e-14
2.241051528221264743e+04 2.877621791069911022e-12 4.334172110736612828e-14 0.000000000000000000e+00 2.877621579159544465e-12 2.119103665841186061e-19 3.805505204481849987e-15 2.146776673722606249e-14
2.494458584929090648e+04 2.243823147327318277e-12 2.399862933125540681e-14 0.000000000000000000e+00 2.243822935417225158e-12 2.119100934885884855e-19 1.987007119234338748e-15 1.217648596609081863e-14
2.776519662118276028e+04 1.743741584717016369e-12 1.087308997072654183e-14 0.000000000000000000e+00 1.743741372807260908e-12 2.119097553359412637e-19 8.301873179820269247e-16 5.695657800653710438e-15
3.090474815138586200e+04 1.351458078493871238e-12 5.492734831644011699e-15 0.000000000000000000e+00 1.351457866584534821e-12 2.119093366734905264e-19 3.966166353771449701e-16 2.937396177423770658e-15
3.439930468822552211e+04 1.043996705096190796e-12 0.000000000000000000e+00 0.000000000000000000e+00 1.043996493187372376e-12 2.119088183903097744e-19 0.000000000000000000e+00 0.000000000000000000e+00
3.828900844740607135e+04 8.038929323371467541e-13 0.000000000000000000e+00 0.000000000000000000e+00 8.038927204289701260e-13 2.119081766402330193e-19 0.000000000000000000e+00 0.000000000000000000e+00
4.261854072845193878e+04 6.175533158524898393e-13 0.000000000000000000e+00 0.000000000000000000e+00 6.175531039451104024e-13 2.119073793228841094e-19 0.000000000000000000e+00 0.000000000000000000e+00
4.743763517192281142e+04 4.737805188921822936e-13 0.000000000000000000e+00 0.000000000000000000e+00 4.737803069857904852e-13 2.119063917621876912e-19 0.000000000000000000e+00 0.000000000000000000e+00
