1.056032981064548126e+00 6.863209233295383340e-09 2.411694869177412161e-07 0.000000000000000000e+00 6.863209230663642874e-09 2.631740463929293407e-18 7.713187685287356261e-08 4.577030923861312669e-08
1.175443983510534363e+00 8.045077008212225930e-09 2.953376051954076327e-07 0.000000000000000000e+00 8.045077004526575472e-09 3.685648134297078272e-18 9.154953119761057828e-08 5.858742787086326722e-08
1.308357393325258133e+00 8.045075541496295778e-09 3.153221510374019190e-07 0.000000000000000000e+00 8.045075537810646975e-09 3.685648134297057472e-18 9.770248309764160595e-08 6.258595675677084125e-08
1.456299996156748877e+00 8.045073785273836507e-09 3.370371721488986687e-07 0.000000000000000000e+00 8.045073781588189359e-09 3.685648134297031279e-18 1.043855947516431561e-07 6.693295762958013182e-08
1.620971219045888478e+00 8.284941344895393734e-09 3.713479267978344089e-07 0.000000000000000000e+00 8.284941340831342888e-09 4.064051074058686881e-18 1.138661500437575469e-07 7.483765232849920919e-08
1.804262651863866251e+00 8.284938767994715913e-09 3.976344442044080239e-07 0.000000000000000000e+00 8.284938763930663412e-09 4.064051074058646822e-18 1.218457128181354973e-07 8.020227888650385712e-08
2.008279776137516404e+00 8.284935659089266943e-09 4.259686219241078327e-07 0.000000000000000000e+00 8.284935655025216097e-09 4.064051074058596748e-18 1.304358178512822356e-07 8.599403304706277469e-08
2.235366150863083323e+00 8.284931907433161653e-09 4.564168285129861697e-07 0.000000000000000000e+00 8.284931903369109153e-09 4.064051074058539740e-18 1.396526720038502556e-07 9.222990221650201956e-08
2.488130333132567262e+00 8.284927390236687397e-09 4.890892536122640919e-07 0.000000000000000000e+00 8.284927386172636551e-09 4.064051074058470407e-18 1.495238659899288309e-07 9.893715062758032531e-08
2.769475842811750965e+00 8.284921810609495590e-09 5.236612056490989720e-07 0.000000000000000000e+00 8.284921806545444744e-09 4.064051074058381814e-18 1.599318380285852182e-07 1.060651787666159711e-07
3.082634515476230241e+00 8.284915028691883297e-09 5.602977460143742920e-07 0.000000000000000000e+00 8.284915024627832451e-09 4.064051074058280125e-18 1.709306495889285163e-07 1.136444339073551835e-07
3.431203626733101864e+00 8.284906741727904652e-09 5.986893136518519580e-07 0.000000000000000000e+00 8.284906737663855461e-09 4.064051074058153014e-18 1.824246778812242662e-07 1.216136350377065376e-07
3.819187214377767425e+00 8.284896657470637415e-09 6.388649313426287296e-07 0.000000000000000000e+00 8.284896653406586569e-09 4.064051074057998169e-18 1.944099138499879612e-07 1.299891542364044501e-07
4.251042073056519932e+00 8.284884373748793560e-09 6.805805437967821167e-07 0.000000000000000000e+00 8.284884369684742714e-09 4.064051074057807887e-18 2.068024381578722525e-07 1.387294413371072108e-07
4.731728949778890581e+00 8.284869280232270092e-09 7.232940875033480213e-07 0.000000000000000000e+00 8.284869276168215938e-09 4.064051074057576005e-18 2.194184634937687230e-07 1.477398718724492627e-07
5.266769528365972342e+00 8.284850656968277619e-09 7.664486777984791685e-07 0.000000000000000000e+00 8.284850652904225119e-09 4.064051074057287886e-18 2.320721575226992165e-07 1.569208254769935082e-07
5.862309857419115922e+00 8.284827843214117921e-09 8.097169570706812466e-07 0.000000000000000000e+00 8.284827839150065421e-09 4.064051074056935826e-18 2.446636755131846109e-07 1.662060019105134640e-07
6.525190950410857837e+00 8.284799793460579851e-09 8.520992349864569403e-07 0.000000000000000000e+00 8.284799789396529005e-09 4.064051074056506729e-18 2.568838436322193291e-07 1.753967130668283155e-07
7.263027368885755841e+00 8.284765334472395382e-09 8.929430348643441781e-07 0.000000000000000000e+00 8.284765330408342881e-09 4.064051074055972861e-18 2.685161646772524786e-07 1.843753577663659560e-07
8.084294691462201143e+00 8.284723016832952204e-09 9.314013006345419671e-07 0.000000000000000000e+00 8.284723012768901358e-09 4.064051074055318815e-18 2.792901151293441563e-07 1.929802399200234356e-07
8.998426873397548320e+00 8.284671021854980737e-09 9.664142616496011423e-07 0.000000000000000000e+00 8.284671017790928237e-09 4.064051074054518399e-18 2.888737716613821581e-07 2.010038868809258601e-07
1.001592461509324039e+01 8.284607107652471082e-09 9.968451019830017988e-07 0.000000000000000000e+00 8.284607103588418582e-09 4.064051074053532322e-18 2.969158729404941347e-07 2.082198037812400281e-07
1.114847598437533449e+01 8.284528126600217242e-09 1.021317604136015472e-06 0.000000000000000000e+00 8.284528122536166396e-09 4.064051074052310513e-18 3.029905287778340065e-07 2.143542208181888472e-07
1.240909067814867583e+01 8.284430283330915817e-09 1.038731502625011457e-06 0.000000000000000000e+00 8.284430279266864971e-09 4.064051074050805206e-18 3.067756703548717731e-07 2.191732308692791960e-07
1.381224946569640366e+01 8.284309649475061461e-09 1.048458753898092288e-06 0.000000000000000000e+00 8.284309645411010615e-09 4.064051074048949380e-18 3.081209155930984711e-07 2.225160802722919008e-07
1.537407053029052229e+01 8.284160867353199479e-09 1.049741834624614176e-06 0.000000000000000000e+00 8.284160863289146979e-09 4.064051074046658293e-18 3.068448790090898582e-07 2.241882342718397634e-07
1.711249461989307719e+01 8.283977136538600115e-09 1.041959724218506494e-06 0.000000000000000000e+00 8.283977132474549269e-09 4.064051074043829487e-18 3.028418951478076952e-07 2.239950228728936461e-07
1.904749113378321468e+01 8.283750034976102659e-09 1.025149252795865465e-06 0.000000000000000000e+00 8.283750030912051813e-09 4.064051074040326606e-18 2.962005463605489318e-07 2.218814816386294088e-07
2.120128751244688203e+01 8.283469654965334049e-09 1.000257644504489503e-06 0.000000000000000000e+00 8.283469650901281549e-09 4.064051074036000197e-18 2.873029645384244242e-07 2.179617623416167654e-07
2.359862456574094125e+01 8.283123452908291860e-09 9.681764461624257707e-07 0.000000000000000000e+00 8.283123448844242668e-09 4.064051074030656127e-18 2.765240484749537774e-07 2.123308452593164278e-07
2.626704067231091244e+01 8.282695934520929802e-09 9.298898294838466458e-07 0.000000000000000000e+00 8.282695930456880610e-09 4.064051074024055579e-18 2.642476217407053777e-07 2.051173842183635185e-07
2.923718811487309566e+01 8.282167963749487875e-09 8.862137405862438446e-07 0.000000000000000000e+00 8.282167959685437029e-09 4.064051074015902733e-18 2.507719878173476946e-07 1.964430035133545004e-07
3.254318518513449021e+01 8.281515911213489196e-09 8.376802511398081660e-07 0.000000000000000000e+00 8.281515907149436696e-09 4.064051074005827808e-18 2.362498318985838591e-07 1.864187830602621626e-07
3.622300810299908846e+01 8.280710605495692267e-09 7.841105138331498188e-07 0.000000000000000000e+00 8.280710601431641421e-09 4.064051073993380138e-18 2.205420757278643563e-07 1.750723413294836541e-07
4.031892725206589034e+01 8.279711434658638715e-09 7.247803859885348065e-07 0.000000000000000000e+00 8.279711430594587869e-09 4.064051073977954980e-18 2.032726333792871282e-07 1.623784634201196980e-07
4.487799274248540371e+01 8.278472689543144883e-09 6.603045046599394460e-07 0.000000000000000000e+00 8.278472685479094037e-09 4.064051073958839740e-18 1.844795643444853630e-07 1.485795921540609729e-07
4.995257487887015913e+01 8.276940715536911499e-09 5.948833405573315159e-07 0.000000000000000000e+00 8.276940711472860653e-09 4.064051073935193172e-18 1.654152437474416032e-07 1.345499089050504765e-07
5.560096574165519456e+01 8.275046282952859271e-09 5.349467963468107385e-07 0.000000000000000000e+00 8.275046278888805116e-09 4.064051073905944459e-18 1.481224401029064455e-07 1.215289129080973003e-07
6.188804879230252709e+01 8.272703871191634172e-09 4.850918333886341117e-07 0.000000000000000000e+00 8.272703867127581671e-09 4.064051073869760087e-18 1.340494996335541699e-07 1.104193537235320902e-07
6.888604419417499969e+01 8.269807369883201346e-09 4.436983044313919458e-07 0.000000000000000000e+00 8.269807365819150500e-09 4.064051073824955253e-18 1.226013844802495927e-07 1.009889241009046205e-07
7.667533841060405564e+01 8.266220824106399135e-09 4.026921215948513129e-07 0.000000000000000000e+00 8.266220820042348289e-09 4.064051073769357507e-18 1.111536373235804799e-07 9.174786668823400190e-08
8.534540760983165342e+01 8.261787361112110099e-09 3.570015549984602627e-07 0.000000000000000000e+00 8.261787357048057599e-09 4.064051073700533245e-18 9.810260100718026877e-08 8.172416436991823756e-08
9.499584548401358575e+01 8.256308901320799464e-09 3.103866009969694423e-07 0.000000000000000000e+00 8.256308897256746964e-09 4.064051073615343201e-18 8.472373314751257026e-08 7.157085424296917669e-08
1.057375072889466310e+02 8.249541937401114309e-09 2.694540599443630954e-07 0.000000000000000000e+00 8.249541933337063463e-09 4.064051073509894684e-18 7.313708728594118346e-08 6.252416975556249671e-08
1.176937832461472624e+02 8.241187647807311523e-09 2.351518349679462589e-07 0.000000000000000000e+00 8.241187643743260677e-09 4.064051073379378264e-18 6.357446931517616003e-08 5.480449053740110849e-08
1.310020159349736844e+02 8.230880034789419116e-09 2.045533089262440780e-07 0.000000000000000000e+00 8.230880030725368270e-09 4.064051073217842045e-18 5.513762252711737028e-08 4.781887850114404594e-08
1.458150779564580262e+02 8.218171866099377110e-09 1.756172577617825844e-07 0.000000000000000000e+00 8.218171862035326264e-09 4.064051073017928206e-18 4.731920868115218062e-08 4.107242891513536524e-08
1.623031279915676635e+02 8.202518189651324681e-09 1.462097648137138487e-07 0.000000000000000000e+00 8.202518185587273835e-09 4.064051072770535571e-18 3.930751442534991045e-08 3.427732327807669817e-08
1.806555654259147161e+02 8.183257264380271575e-09 1.218874934207656545e-07 0.000000000000000000e+00 8.183257260316220729e-09 4.064051072464414399e-18 3.265699020190761023e-08 2.867556858027631135e-08
2.010832059937378347e+02 8.159515496043703675e-09 1.044556486983433008e-07 0.000000000000000000e+00 8.159515491979652829e-09 4.064051072084717311e-18 2.791794186197168681e-08 2.463033755433514151e-08
2.238207034330328042e+02 8.130296273426539095e-09 8.831649783130008891e-08 0.000000000000000000e+00 8.130296269362486594e-09 4.064051071613685691e-18 2.355774943776088871e-08 2.086735888756975289e-08
2.491292449694543905e+02 8.094492219885972116e-09 7.154180826935221360e-08 0.000000000000000000e+00 8.094492215821921270e-09 4.064051071030408563e-18 1.900812313918731929e-08 1.697968591012486405e-08
2.772995515922919481e+02 8.050730890162379696e-09 5.970158584545933630e-08 0.000000000000000000e+00 8.050730886098327196e-09 4.064051070308197930e-18 1.582337871020243782e-08 1.420463375676724601e-08
3.086552175868076802e+02 7.997408374494909758e-09 4.935016137303634430e-08 0.000000000000000000e+00 7.997408370430858912e-09 4.064051069414031027e-18 1.305650954850443831e-08 1.175955291376202769e-08
3.435564276845046834e+02 7.932668229415143853e-09 3.972436256050042374e-08 0.000000000000000000e+00 7.932668225351093007e-09 4.064051068306424094e-18 1.049360829507869762e-08 9.481635248245687730e-09
3.824040945302937757e+02 7.854380653081851750e-09 3.273197224772650745e-08 0.000000000000000000e+00 7.854380649017800904e-09 4.064051066933561141e-18 8.605726619459986362e-09 7.851183132705848671e-09
4.256444639942141634e+02 7.760137607519434595e-09 2.652376204214583494e-08 0.000000000000000000e+00 7.760137603455382095e-09 4.064051065230153912e-18 6.963154401653077902e-09 6.370531177030029731e-09
4.737742412289155709e+02 7.647517271609627828e-09 2.141892011521022102e-08 0.000000000000000000e+00 7.647517267545575328e-09 4.064051063120234488e-18 5.606421096261609438e-09 5.159582167911870257e-09
5.273462963565856398e+02 7.513932812269972436e-09 1.722845072045405257e-08 0.000000000000000000e+00 7.513932808205921590e-09 4.064051060507015643e-18 4.495748633098721774e-09 4.162738653199714959e-09
5.869760153267689020e+02 7.356846634507930403e-09 1.381922594019449473e-08 0.000000000000000000e+00 7.356846630443877076e-09 4.064051057270724564e-18 3.594655843963997302e-09 3.349312099193488702e-09
6.533483688978308237e+02 7.173952777254744301e-09 1.102538554566843806e-08 0.000000000000000000e+00 7.173952773190693454e-09 4.064051053263170958e-18 2.858215578876657127e-09 2.680912145856516925e-09
7.272257809440862957e+02 6.963401030372998901e-09 8.755904341075519491e-09 0.000000000000000000e+00 6.963401026308948055e-09 4.064051048301026323e-18 2.261222751432700625e-09 2.136903327691470101e-09
8.094568864722074295e+02 6.724044043665924351e-09 6.932278050036375030e-09 0.000000000000000000e+00 6.724044039601873505e-09 4.064051042157508556e-18 1.782487899324307659e-09 1.698904922918117004e-09
9.009862799510120794e+02 6.455674458342437085e-09 5.462430258770597072e-09 0.000000000000000000e+00 6.455674454278386239e-09 4.064051034552135236e-18 1.397883460706431725e-09 1.344730814899090148e-09
1.002865365934268880e+03 6.159207480895105599e-09 4.288419314647229299e-09 0.000000000000000000e+00 6.159207476831053926e-09 4.064051025138042527e-18 1.091410874813725469e-09 1.061236247238111755e-09
1.116264436618460877e+03 5.837074258612129836e-09 3.353974056879860710e-09 0.000000000000000000e+00 5.837074254548078990e-09 4.064051013473980619e-18 8.482392556385304410e-10 8.349350733526854181e-10
1.242486115071199492e+03 5.493696373715486783e-09 2.613272577675258859e-09 0.000000000000000000e+00 5.493696369651435937e-09 4.064050998985990805e-18 6.562242030678899825e-10 6.549175047280766774e-10
1.382980318553656389e+03 5.132428714946891687e-09 2.027909829176703980e-09 0.000000000000000000e+00 5.132428710882840014e-09 4.064050981041045333e-18 5.050615089308181006e-10 5.121534554436768501e-10
1.539360913821697523e+03 4.757839177228248306e-09 1.567353009356896168e-09 0.000000000000000000e+00 4.757839173164197460e-09 4.064050958816418517e-18 3.866594926986620551e-10 3.993733807254021895e-10
1.713424255726343517e+03 4.374743517584454040e-09 1.206431510575414385e-09 0.000000000000000000e+00 4.374743513520403194e-09 4.064050931294153921e-18 2.943628693662230755e-10 3.105690170407201770e-10
1.907169822067742189e+03 3.988013544108617079e-09 9.254004911953203845e-10 0.000000000000000000e+00 3.988013540044566233e-09 4.064050897210642746e-18 2.229155289178694325e-10 2.410632028292896316e-10
2.122823181736748211e+03 3.602529085529215603e-09 7.089796614881955307e-10 0.000000000000000000e+00 3.602529081465164757e-09 4.064050854970161130e-18 1.682799143613047124e-10 1.871998198671757930e-10
2.362861559980607581e+03 3.224577718291186945e-09 5.420297858557104984e-10 0.000000000000000000e+00 3.224577714227135686e-09 4.064050802554291349e-18 1.265588645071850596e-10 1.452656690450178124e-10
2.630042294462951304e+03 2.858857620998620346e-09 4.128614500927919384e-10 0.000000000000000000e+00 2.858857616934569500e-09 4.064050737590773817e-18 9.462633414447624854e-11 1.125065160540882413e-10
2.927434508994474982e+03 2.509783262008967802e-09 3.131393946010914358e-10 0.000000000000000000e+00 2.509783257944916956e-09 4.064050657118728520e-18 7.027616061219118381e-11 8.693578400403527950e-11
3.258454368773508122e+03 2.181570849532934336e-09 2.364983689541128724e-10 0.000000000000000000e+00 2.181570845468883490e-09 4.064050557445460580e-18 5.183180034373160990e-11 6.702871039820634172e-11
3.626904322114499791e+03 1.877739930012352360e-09 1.778684113416155335e-10 0.000000000000000000e+00 1.877739925948301927e-09 4.064050434001603370e-18 3.795939527153880944e-11 5.157020492168312584e-11
4.037016779438275080e+03 1.600854180448134524e-09 1.332266706085304541e-10 0.000000000000000000e+00 1.600854176384084091e-09 4.064050281133678899e-18 2.760243649944333458e-11 3.959540375813156875e-11
4.493502731267226409e+03 1.352344774580057957e-09 9.939528197736849766e-11 0.000000000000000000e+00 1.352344770516007939e-09 4.064050091847737287e-18 1.992876857981233334e-11 3.034099336319188475e-11
5.001605863702974602e+03 1.132530184924501068e-09 7.387597162131822356e-11 0.000000000000000000e+00 1.132530180860451049e-09 4.064049857492656837e-18 1.428727230308672996e-11 2.320522344647962950e-11
5.567162793016338583e+03 9.407206073859269354e-10 5.471447523483235848e-11 0.000000000000000000e+00 9.407206033218773301e-10 4.064049567368879048e-18 1.017222633821243522e-11 1.771512992802034037e-11
6.196670111266974345e+03 7.754310077933394105e-10 4.039014145258970037e-11 0.000000000000000000e+00 7.754310037292901155e-10 4.064049208245148875e-18 7.193997399604436774e-12 1.350004622710510868e-11
6.897359013111165041e+03 6.349265327454230500e-10 2.973227181727884972e-11 0.000000000000000000e+00 6.349265286813740651e-10 4.064048762404695783e-18 5.056195205726568815e-12 1.027205941799968622e-11
7.677278361042189317e+03 5.165322181514602337e-10 2.182897911925216270e-11 0.000000000000000000e+00 5.165322140874119726e-10 4.064048209506365388e-18 3.532173630647418068e-12 7.803528427884487313e-12
8.545387143236317570e+03 4.177192659744274618e-10 1.598763324048812418e-11 0.000000000000000000e+00 4.177192619103798728e-10 4.064047524684517008e-18 2.453170384643440361e-12 5.918698480046513950e-12
9.511657386079081334e+03 3.359119849387650426e-10 1.144937068122786151e-11 0.000000000000000000e+00 3.359119808747183324e-10 4.064046676546676668e-18 1.668375613391679594e-12 4.377595873109082375e-12
1.058718870352829254e+04 2.687347308719564572e-10 8.280868583239660000e-12 0.000000000000000000e+00 2.687347268079107810e-10 4.064045626249061454e-18 1.138810315546449095e-12 3.278377228971547793e-12
1.178433579916051713e+04 2.142376862851049591e-10 6.054461621171430645e-12 0.000000000000000000e+00 2.142376822210606271e-10 4.064044325019485396e-18 7.830458608952237847e-13 2.483252799831806420e-12
1.311685038551288017e+04 1.702513502248292131e-10 4.432939981923517355e-12 0.000000000000000000e+00 1.702513461607865355e-10 4.064042712045426289e-18 5.381274536049902247e-13 1.882606925916251197e-12
1.460003915097147365e+04 1.350055806125614314e-10 3.248137328139633487e-12 0.000000000000000000e+00 1.350055765485207442e-10 4.064040710367194253e-18 3.692450470263443002e-13 1.427643014128638943e-12
1.625093958876844590e+04 1.066179965750023849e-10 2.376754506834075463e-12 0.000000000000000000e+00 1.066179925109641405e-10 4.064038230651922420e-18 2.522240878500154344e-13 1.080991668691242081e-12
1.808851570786662342e+04 8.388641362475642184e-11 1.352253029677199219e-12 0.000000000000000000e+00 8.388640956072125346e-11 4.064035159033910868e-18 1.368961279038499652e-13 6.287914872455687957e-13
2.013387587385212828e+04 6.573160215612779070e-11 8.881796321184804189e-13 0.000000000000000000e+00 6.573159809209642218e-11 4.064031354604852554e-18 8.390368476407600031e-14 4.262255778611094567e-13
2.241051528221264743e+04 5.136550642382515722e-11 6.485838938896130575e-13 0.000000000000000000e+00 5.136550235979850622e-11 4.064026643012672344e-18 5.679091568998209704e-14 3.216246857224560888e-13
2.494458584929090648e+04 3.997108597207871107e-11 3.386690524592560922e-13 0.000000000000000000e+00 3.997108190805790203e-11 4.064020808550901499e-18 2.805346930433149757e-14 1.717993135814015199e-13
2.776519662118276028e+04 3.100407640258823243e-11 1.300661187282360483e-13 0.000000000000000000e+00 3.100407233857464183e-11 4.064013584384303563e-18 9.930869932837590657e-15 6.813261968122280145e-14
3.090474815138586200e+04 2.398881517241893275e-11 6.570521375972668367e-14 0.000000000000000000e+00 2.398881110841429574e-11 4.064004640473577105e-18 4.744409043376124591e-15 3.513773186769076628e-14
3.439930468822552211e+04 1.849908427805164337e-11 0.000000000000000000e+00 0.000000000000000000e+00 1.849908021405807636e-11 4.063993568660176933e-18 0.000000000000000000e+00 0.000000000000000000e+00
3.828900844740607135e+04 1.422138092543817496e-11 0.000000000000000000e+00 0.000000000000000000e+00 1.422137686145831782e-11 4.063979859239061884e-18 0.000000000000000000e+00 0.000000000000000000e+00
4.261854072845193878e+04 1.091123828297117694e-11 0.000000000000000000e+00 0.000000000000000000e+00 1.091123421900835455e-11 4.063962820866871245e-18 0.000000000000000000e+00 0.000000000000000000e+00
4.743763517192281142e+04 8.358154606323148048e-12 0.000000000000000000e+00 0.000000000000000000e+00 8.358150542381431691e-12 4.063941715946808773e-18 0.000000000000000000e+00 0.000000000000000000e+00
