    0.10000E-03    0.43234E+03
    0.10202E-03    0.44075E+03
    0.10408E-03    0.44933E+03
    0.10618E-03    0.45808E+03
    0.10833E-03    0.46700E+03
    0.11052E-03    0.47609E+03
    0.11275E-03    0.48536E+03
    0.11503E-03    0.49481E+03
    0.11735E-03    0.50444E+03
    0.11972E-03    0.51426E+03
    0.12214E-03    0.52427E+03
    0.12461E-03    0.53447E+03
    0.12712E-03    0.54488E+03
    0.12969E-03    0.55548E+03
    0.13231E-03    0.56629E+03
    0.13499E-03    0.57731E+03
    0.13771E-03    0.58855E+03
    0.14049E-03    0.60000E+03
    0.14333E-03    0.61168E+03
    0.14623E-03    0.62358E+03
    0.14918E-03    0.63571E+03
    0.15220E-03    0.64808E+03
    0.15527E-03    0.66069E+03
    0.15841E-03    0.67354E+03
    0.16161E-03    0.68665E+03
    0.16487E-03    0.70000E+03
    0.16820E-03    0.71362E+03
    0.17160E-03    0.72750E+03
    0.17507E-03    0.74165E+03
    0.17860E-03    0.75607E+03
    0.18221E-03    0.77078E+03
    0.18589E-03    0.78577E+03
    0.18965E-03    0.80104E+03
    0.19348E-03    0.81662E+03
    0.19739E-03    0.83250E+03
    0.20138E-03    0.84868E+03
    0.20544E-03    0.86518E+03
    0.20959E-03    0.88199E+03
    0.21383E-03    0.89914E+03
    0.21815E-03    0.91661E+03
    0.22255E-03    0.93442E+03
    0.22705E-03    0.95258E+03
    0.23164E-03    0.97108E+03
    0.23632E-03    0.98995E+03
    0.24109E-03    0.10092E+04
    0.24596E-03    0.10288E+04
    0.25093E-03    0.10488E+04
    0.25600E-03    0.10691E+04
    0.26117E-03    0.10899E+04
    0.26645E-03    0.11110E+04
    0.27183E-03    0.11326E+04
    0.27732E-03    0.11546E+04
    0.28292E-03    0.11770E+04
    0.28864E-03    0.11998E+04
    0.29447E-03    0.12231E+04
    0.30042E-03    0.12468E+04
    0.30649E-03    0.12710E+04
    0.31268E-03    0.12956E+04
    0.31899E-03    0.13207E+04
    0.32544E-03    0.13463E+04
    0.33201E-03    0.13724E+04
    0.33872E-03    0.13990E+04
    0.34556E-03    0.14261E+04
    0.35254E-03    0.14537E+04
    0.35966E-03    0.14819E+04
    0.36693E-03    0.15106E+04
    0.37434E-03    0.15398E+04
    0.38190E-03    0.15696E+04
    0.38962E-03    0.15999E+04
    0.39749E-03    0.16309E+04
    0.40552E-03    0.16624E+04
    0.41371E-03    0.16945E+04
    0.42207E-03    0.17273E+04
    0.43060E-03    0.17606E+04
    0.43929E-03    0.17946E+04
    0.44817E-03    0.18292E+04
    0.45722E-03    0.18645E+04
    0.46646E-03    0.19005E+04
    0.47588E-03    0.19371E+04
    0.48550E-03    0.19745E+04
    0.49530E-03    0.20125E+04
    0.50531E-03    0.20513E+04
    0.51552E-03    0.20908E+04
    0.52593E-03    0.21310E+04
    0.53656E-03    0.21720E+04
    0.54739E-03    0.22137E+04
    0.55845E-03    0.22563E+04
    0.56973E-03    0.22996E+04
    0.58124E-03    0.23438E+04
    0.59299E-03    0.23887E+04
    0.60496E-03    0.24345E+04
    0.61719E-03    0.24812E+04
    0.62965E-03    0.25287E+04
    0.64237E-03    0.25772E+04
    0.65535E-03    0.26265E+04
    0.66859E-03    0.26767E+04
    0.68210E-03    0.27278E+04
    0.69588E-03    0.27799E+04
    0.70993E-03    0.28330E+04
    0.72427E-03    0.28870E+04
    0.73891E-03    0.29421E+04
    0.75383E-03    0.29981E+04
    0.76906E-03    0.30551E+04
    0.78460E-03    0.31132E+04
    0.80045E-03    0.31724E+04
    0.81662E-03    0.32326E+04
    0.83311E-03    0.32940E+04
    0.84994E-03    0.33564E+04
    0.86711E-03    0.34200E+04
    0.88463E-03    0.34847E+04
    0.90250E-03    0.35505E+04
    0.92073E-03    0.36176E+04
    0.93933E-03    0.36859E+04
    0.95831E-03    0.37553E+04
    0.97767E-03    0.38261E+04
    0.99742E-03    0.38980E+04
    0.10176E-02    0.39713E+04
    0.10381E-02    0.40458E+04
    0.10591E-02    0.41217E+04
    0.10805E-02    0.41988E+04
    0.11023E-02    0.42774E+04
    0.11246E-02    0.43573E+04
    0.11473E-02    0.44386E+04
    0.11705E-02    0.45213E+04
    0.11941E-02    0.46054E+04
    0.12182E-02    0.46910E+04
    0.12429E-02    0.47780E+04
    0.12680E-02    0.48666E+04
    0.12936E-02    0.49566E+04
    0.13197E-02    0.50482E+04
    0.13464E-02    0.51413E+04
    0.13736E-02    0.52360E+04
    0.14013E-02    0.53322E+04
    0.14296E-02    0.54301E+04
    0.14585E-02    0.55296E+04
    0.14880E-02    0.56307E+04
    0.15180E-02    0.57335E+04
    0.15487E-02    0.58380E+04
    0.15800E-02    0.59442E+04
    0.16119E-02    0.60521E+04
    0.16445E-02    0.61617E+04
    0.16777E-02    0.62731E+04
    0.17116E-02    0.63862E+04
    0.17462E-02    0.65012E+04
    0.17814E-02    0.66179E+04
    0.18174E-02    0.67365E+04
    0.18541E-02    0.68569E+04
    0.18916E-02    0.69792E+04
    0.19298E-02    0.71033E+04
    0.19688E-02    0.72293E+04
    0.20086E-02    0.73572E+04
    0.20491E-02    0.74871E+04
    0.20905E-02    0.76188E+04
    0.21328E-02    0.77525E+04
    0.21758E-02    0.78882E+04
    0.22198E-02    0.80258E+04
    0.22646E-02    0.81654E+04
    0.23104E-02    0.83069E+04
    0.23571E-02    0.84505E+04
    0.24047E-02    0.85961E+04
    0.24533E-02    0.87437E+04
    0.25028E-02    0.88932E+04
    0.25534E-02    0.90449E+04
    0.26050E-02    0.91985E+04
    0.26576E-02    0.93541E+04
    0.27113E-02    0.95118E+04
    0.27660E-02    0.96716E+04
    0.28219E-02    0.98333E+04
    0.28789E-02    0.99971E+04
    0.29371E-02    0.10163E+05
    0.29964E-02    0.10331E+05
    0.30569E-02    0.10501E+05
    0.31187E-02    0.10672E+05
    0.31817E-02    0.10846E+05
    0.32460E-02    0.11022E+05
    0.33115E-02    0.11200E+05
    0.33784E-02    0.11380E+05
    0.34467E-02    0.11562E+05
    0.35163E-02    0.11745E+05
    0.35874E-02    0.11931E+05
    0.36598E-02    0.12118E+05
    0.37338E-02    0.12308E+05
    0.38092E-02    0.12499E+05
    0.38861E-02    0.12692E+05
    0.39646E-02    0.12886E+05
    0.40447E-02    0.13083E+05
    0.41264E-02    0.13281E+05
    0.42098E-02    0.13481E+05
    0.42948E-02    0.13683E+05
    0.43816E-02    0.13886E+05
    0.44701E-02    0.14090E+05
    0.45604E-02    0.14296E+05
    0.46525E-02    0.14504E+05
    0.47465E-02    0.14713E+05
    0.48424E-02    0.14923E+05
    0.49402E-02    0.15135E+05
    0.50400E-02    0.15348E+05
    0.51419E-02    0.15561E+05
    0.52457E-02    0.15776E+05
    0.53517E-02    0.15992E+05
    0.54598E-02    0.16209E+05
    0.55701E-02    0.16427E+05
    0.56826E-02    0.16645E+05
    0.57974E-02    0.16864E+05
    0.59145E-02    0.17084E+05
    0.60340E-02    0.17304E+05
    0.61559E-02    0.17524E+05
    0.62803E-02    0.17745E+05
    0.64072E-02    0.17966E+05
    0.65366E-02    0.18187E+05
    0.66686E-02    0.18407E+05
    0.68033E-02    0.18628E+05
    0.69408E-02    0.18848E+05
    0.70810E-02    0.19068E+05
    0.72240E-02    0.19287E+05
    0.73700E-02    0.19505E+05
    0.75189E-02    0.19722E+05
    0.76708E-02    0.19939E+05
    0.78257E-02    0.20154E+05
    0.79838E-02    0.20367E+05
    0.81451E-02    0.20580E+05
    0.83096E-02    0.20790E+05
    0.84775E-02    0.20998E+05
    0.86488E-02    0.21205E+05
    0.88235E-02    0.21409E+05
    0.90017E-02    0.21611E+05
    0.91836E-02    0.21810E+05
    0.93691E-02    0.22006E+05
    0.95583E-02    0.22199E+05
    0.97514E-02    0.22389E+05
    0.99484E-02    0.22575E+05
    0.10149E-01    0.22758E+05
    0.10354E-01    0.22936E+05
    0.10564E-01    0.23111E+05
    0.10777E-01    0.23281E+05
    0.10995E-01    0.23446E+05
    0.11217E-01    0.23606E+05
    0.11443E-01    0.23761E+05
    0.11675E-01    0.23911E+05
    0.11910E-01    0.24055E+05
    0.12151E-01    0.24193E+05
    0.12397E-01    0.24324E+05
    0.12647E-01    0.24449E+05
    0.12902E-01    0.24568E+05
    0.13163E-01    0.24679E+05
    0.13429E-01    0.24783E+05
    0.13700E-01    0.24879E+05
    0.13977E-01    0.24968E+05
    0.14259E-01    0.25048E+05
    0.14547E-01    0.25120E+05
    0.14841E-01    0.25183E+05
    0.15141E-01    0.25237E+05
    0.15447E-01    0.25282E+05
    0.15759E-01    0.25317E+05
    0.16077E-01    0.25342E+05
    0.16402E-01    0.25358E+05
    0.16734E-01    0.25363E+05
    0.17072E-01    0.25357E+05
    0.17416E-01    0.25341E+05
    0.17768E-01    0.25314E+05
    0.18127E-01    0.25275E+05
    0.18493E-01    0.25225E+05
    0.18867E-01    0.25164E+05
    0.19248E-01    0.25091E+05
    0.19637E-01    0.25006E+05
    0.20034E-01    0.24909E+05
    0.20438E-01    0.24800E+05
    0.20851E-01    0.24679E+05
    0.21272E-01    0.24546E+05
    0.21702E-01    0.24401E+05
    0.22141E-01    0.24244E+05
    0.22588E-01    0.24075E+05
    0.23044E-01    0.23894E+05
    0.23510E-01    0.23701E+05
    0.23985E-01    0.23496E+05
    0.24469E-01    0.23280E+05
    0.24964E-01    0.23053E+05
    0.25468E-01    0.22816E+05
    0.25982E-01    0.22567E+05
    0.26507E-01    0.22309E+05
    0.27043E-01    0.22041E+05
    0.27589E-01    0.21764E+05
    0.28146E-01    0.21478E+05
    0.28715E-01    0.21185E+05
    0.29295E-01    0.20883E+05
    0.29887E-01    0.20575E+05
    0.30490E-01    0.20261E+05
    0.31106E-01    0.19942E+05
    0.31735E-01    0.19618E+05
    0.32376E-01    0.19290E+05
    0.33030E-01    0.18960E+05
    0.33697E-01    0.18627E+05
    0.34378E-01    0.18294E+05
    0.35072E-01    0.17960E+05
    0.35781E-01    0.17627E+05
    0.36504E-01    0.17295E+05
    0.37241E-01    0.16965E+05
    0.37993E-01    0.16640E+05
    0.38761E-01    0.16319E+05
    0.39544E-01    0.16003E+05
    0.40343E-01    0.15693E+05
    0.41158E-01    0.15390E+05
    0.41989E-01    0.15094E+05
    0.42838E-01    0.14805E+05
    0.43703E-01    0.14524E+05
    0.44586E-01    0.14251E+05
    0.45486E-01    0.13988E+05
    0.46405E-01    0.13735E+05
    0.47343E-01    0.13493E+05
    0.48299E-01    0.13263E+05
    0.49275E-01    0.13045E+05
    0.50270E-01    0.12837E+05
    0.51286E-01    0.12639E+05
    0.52322E-01    0.12449E+05
    0.53379E-01    0.12267E+05
    0.54457E-01    0.12092E+05
    0.55557E-01    0.11924E+05
    0.56680E-01    0.11762E+05
    0.57825E-01    0.11606E+05
    0.58993E-01    0.11454E+05
    0.60184E-01    0.11304E+05
    0.61400E-01    0.11154E+05
    0.62641E-01    0.11004E+05
    0.63906E-01    0.10851E+05
    0.65197E-01    0.10694E+05
    0.66514E-01    0.10532E+05
    0.67858E-01    0.10363E+05
    0.69229E-01    0.10185E+05
    0.70627E-01    0.99986E+04
    0.72054E-01    0.98014E+04
    0.73510E-01    0.95934E+04
    0.74994E-01    0.93741E+04
    0.76509E-01    0.91438E+04
    0.78055E-01    0.89032E+04
    0.79632E-01    0.86531E+04
    0.81241E-01    0.83951E+04
    0.82882E-01    0.81309E+04
    0.84556E-01    0.78625E+04
    0.86264E-01    0.75922E+04
    0.88007E-01    0.73224E+04
    0.89785E-01    0.70555E+04
    0.91598E-01    0.67940E+04
    0.93449E-01    0.65405E+04
    0.95337E-01    0.62976E+04
    0.97263E-01    0.60678E+04
    0.99227E-01    0.58529E+04
    0.10123E+00    0.56548E+04
    0.10328E+00    0.54747E+04
    0.10536E+00    0.53129E+04
    0.10749E+00    0.51690E+04
    0.10966E+00    0.50421E+04
    0.11188E+00    0.49301E+04
    0.11414E+00    0.48305E+04
    0.11644E+00    0.47406E+04
    0.11880E+00    0.46570E+04
    0.12120E+00    0.45765E+04
    0.12365E+00    0.44957E+04
    0.12614E+00    0.44115E+04
    0.12869E+00    0.43209E+04
    0.13129E+00    0.42213E+04
    0.13394E+00    0.41113E+04
    0.13665E+00    0.39900E+04
    0.13941E+00    0.38581E+04
    0.14223E+00    0.37170E+04
    0.14510E+00    0.35695E+04
    0.14803E+00    0.34185E+04
    0.15102E+00    0.32677E+04
    0.15407E+00    0.31207E+04
    0.15718E+00    0.29812E+04
    0.16036E+00    0.28524E+04
    0.16360E+00    0.27370E+04
    0.16690E+00    0.26363E+04
    0.17028E+00    0.25505E+04
    0.17371E+00    0.24778E+04
    0.17722E+00    0.24157E+04
    0.18080E+00    0.23608E+04
    0.18446E+00    0.23096E+04
    0.18818E+00    0.22584E+04
    0.19198E+00    0.22039E+04
    0.19586E+00    0.21434E+04
    0.19982E+00    0.20751E+04
    0.20386E+00    0.19992E+04
    0.20797E+00    0.19174E+04
    0.21218E+00    0.18326E+04
    0.21646E+00    0.17483E+04
    0.22083E+00    0.16678E+04
    0.22530E+00    0.15940E+04
    0.22985E+00    0.15286E+04
    0.23449E+00    0.14723E+04
    0.23923E+00    0.14244E+04
    0.24406E+00    0.13828E+04
    0.24899E+00    0.13449E+04
    0.25402E+00    0.13075E+04
    0.25915E+00    0.12680E+04
    0.26439E+00    0.12246E+04
    0.26973E+00    0.11774E+04
    0.27518E+00    0.11278E+04
    0.28074E+00    0.10777E+04
    0.28641E+00    0.10294E+04
    0.29219E+00    0.98493E+03
    0.29810E+00    0.94548E+03
    0.30412E+00    0.91098E+03
    0.31026E+00    0.88017E+03
    0.31653E+00    0.85131E+03
    0.32292E+00    0.82266E+03
    0.32945E+00    0.79285E+03
    0.33610E+00    0.76152E+03
    0.34289E+00    0.72941E+03
    0.34982E+00    0.69779E+03
    0.35689E+00    0.66793E+03
    0.36409E+00    0.64063E+03
    0.37145E+00    0.61592E+03
    0.37895E+00    0.59311E+03
    0.38661E+00    0.57124E+03
    0.39442E+00    0.54947E+03
    0.40239E+00    0.52738E+03
    0.41052E+00    0.50527E+03
    0.41881E+00    0.48382E+03
    0.42727E+00    0.46354E+03
    0.43590E+00    0.44470E+03
    0.44471E+00    0.42712E+03
    0.45369E+00    0.41027E+03
    0.46286E+00    0.39380E+03
    0.47221E+00    0.37752E+03
    0.48174E+00    0.36159E+03
    0.49148E+00    0.34635E+03
    0.50141E+00    0.33191E+03
    0.51153E+00    0.31827E+03
    0.52187E+00    0.30521E+03
    0.53241E+00    0.29254E+03
    0.54317E+00    0.28022E+03
    0.55414E+00    0.26832E+03
    0.56533E+00    0.25695E+03
    0.57675E+00    0.24612E+03
    0.58840E+00    0.23577E+03
    0.60029E+00    0.22579E+03
    0.61242E+00    0.21616E+03
    0.62479E+00    0.20689E+03
    0.63741E+00    0.19803E+03
    0.65029E+00    0.18955E+03
    0.66342E+00    0.18142E+03
    0.67683E+00    0.17360E+03
    0.69050E+00    0.16609E+03
    0.70445E+00    0.15890E+03
    0.71868E+00    0.15201E+03
    0.73320E+00    0.14540E+03
    0.74801E+00    0.13907E+03
    0.76312E+00    0.13299E+03
    0.77854E+00    0.12717E+03
    0.79426E+00    0.12159E+03
    0.81031E+00    0.11625E+03
    0.82668E+00    0.11113E+03
    0.84338E+00    0.10622E+03
    0.86041E+00    0.10152E+03
    0.87780E+00    0.97023E+02
    0.89553E+00    0.92713E+02
    0.91362E+00    0.88587E+02
    0.93208E+00    0.84638E+02
    0.95091E+00    0.80858E+02
    0.97011E+00    0.77239E+02
    0.98971E+00    0.73776E+02
    0.10097E+01    0.70462E+02
    0.10301E+01    0.67291E+02
    0.10509E+01    0.64257E+02
    0.10721E+01    0.61355E+02
    0.10938E+01    0.58579E+02
    0.11159E+01    0.55923E+02
    0.11384E+01    0.53383E+02
    0.11614E+01    0.50955E+02
    0.11849E+01    0.48633E+02
    0.12088E+01    0.46414E+02
    0.12333E+01    0.44292E+02
    0.12582E+01    0.42264E+02
    0.12836E+01    0.40326E+02
    0.13095E+01    0.38473E+02
    0.13360E+01    0.36703E+02
    0.13630E+01    0.35011E+02
    0.13905E+01    0.33395E+02
    0.14186E+01    0.31851E+02
    0.14472E+01    0.30376E+02
    0.14765E+01    0.28968E+02
    0.15063E+01    0.27622E+02
    0.15367E+01    0.26338E+02
    0.15678E+01    0.25111E+02
    0.15994E+01    0.23940E+02
    0.16318E+01    0.22821E+02
    0.16647E+01    0.21754E+02
    0.16984E+01    0.20735E+02
    0.17327E+01    0.19762E+02
    0.17677E+01    0.18834E+02
    0.18034E+01    0.17948E+02
    0.18398E+01    0.17103E+02
    0.18770E+01    0.16296E+02
    0.19149E+01    0.15527E+02
    0.19536E+01    0.14792E+02
    0.19930E+01    0.14092E+02
    0.20333E+01    0.13424E+02
    0.20744E+01    0.12787E+02
    0.21163E+01    0.12179E+02
    0.21590E+01    0.11599E+02
    0.22026E+01    0.11047E+02
    0.22471E+01    0.10520E+02
    0.22925E+01    0.10017E+02
    0.23388E+01    0.95384E+01
    0.23861E+01    0.90817E+01
    0.24343E+01    0.86464E+01
    0.24835E+01    0.82315E+01
    0.25336E+01    0.78360E+01
    0.25848E+01    0.74591E+01
    0.26370E+01    0.71000E+01
    0.26903E+01    0.67577E+01
    0.27447E+01    0.64316E+01
    0.28001E+01    0.61209E+01
    0.28567E+01    0.58249E+01
    0.29144E+01    0.55429E+01
    0.29733E+01    0.52743E+01
    0.30333E+01    0.50184E+01
    0.30946E+01    0.47746E+01
    0.31571E+01    0.45425E+01
    0.32209E+01    0.43214E+01
    0.32860E+01    0.41109E+01
    0.33523E+01    0.39105E+01
    0.34201E+01    0.37196E+01
    0.34892E+01    0.35378E+01
    0.35596E+01    0.33648E+01
    0.36316E+01    0.32001E+01
    0.37049E+01    0.30433E+01
    0.37798E+01    0.28940E+01
    0.38561E+01    0.27519E+01
    0.39340E+01    0.26167E+01
    0.40135E+01    0.24880E+01
    0.40946E+01    0.23655E+01
    0.41773E+01    0.22489E+01
    0.42617E+01    0.21380E+01
    0.43478E+01    0.20324E+01
    0.44356E+01    0.19320E+01
    0.45252E+01    0.18365E+01
    0.46166E+01    0.17456E+01
    0.47099E+01    0.16591E+01
    0.48050E+01    0.15768E+01
    0.49021E+01    0.14986E+01
    0.50011E+01    0.14242E+01
    0.51021E+01    0.13534E+01
    0.52052E+01    0.12861E+01
    0.53104E+01    0.12220E+01
    0.54176E+01    0.11611E+01
    0.55271E+01    0.11032E+01
    0.56387E+01    0.10482E+01
    0.57526E+01    0.99582E+00
    0.58689E+01    0.94604E+00
    0.59874E+01    0.89872E+00
    0.61084E+01    0.85372E+00
    0.62318E+01    0.81095E+00
    0.63577E+01    0.77029E+00
    0.64861E+01    0.73164E+00
    0.66171E+01    0.69490E+00
    0.67508E+01    0.65998E+00
    0.68872E+01    0.62679E+00
    0.70263E+01    0.59525E+00
    0.71682E+01    0.56527E+00
    0.73130E+01    0.53678E+00
    0.74608E+01    0.50971E+00
    0.76115E+01    0.48398E+00
    0.77653E+01    0.45954E+00
    0.79221E+01    0.43631E+00
    0.80822E+01    0.41425E+00
    0.82454E+01    0.39328E+00
    0.84120E+01    0.37337E+00
    0.85819E+01    0.35444E+00
    0.87553E+01    0.33647E+00
    0.89322E+01    0.31940E+00
    0.91126E+01    0.30318E+00
    0.92967E+01    0.28777E+00
    0.94845E+01    0.27314E+00
    0.96761E+01    0.25925E+00
    0.98716E+01    0.24605E+00
    0.10071E+02    0.23351E+00
    0.10274E+02    0.22161E+00
    0.10482E+02    0.21031E+00
    0.10694E+02    0.19957E+00
    0.10910E+02    0.18938E+00
    0.11130E+02    0.17970E+00
    0.11355E+02    0.17052E+00
    0.11584E+02    0.16179E+00
    0.11818E+02    0.15351E+00
    0.12057E+02    0.14565E+00
    0.12301E+02    0.13818E+00
    0.12549E+02    0.13109E+00
    0.12803E+02    0.12437E+00
    0.13061E+02    0.11798E+00
    0.13325E+02    0.11192E+00
    0.13594E+02    0.10617E+00
    0.13869E+02    0.10071E+00
    0.14149E+02    0.95525E-01
    0.14435E+02    0.90607E-01
    0.14727E+02    0.85940E-01
    0.15024E+02    0.81510E-01
    0.15328E+02    0.77307E-01
    0.15637E+02    0.73319E-01
    0.15953E+02    0.69534E-01
    0.16275E+02    0.65942E-01
    0.16604E+02    0.62534E-01
    0.16940E+02    0.59300E-01
    0.17282E+02    0.56232E-01
    0.17631E+02    0.53320E-01
    0.17987E+02    0.50558E-01
    0.18351E+02    0.47937E-01
    0.18721E+02    0.45450E-01
    0.19099E+02    0.43091E-01
    0.19485E+02    0.40853E-01
    0.19879E+02    0.38730E-01
    0.20280E+02    0.36717E-01
    0.20690E+02    0.34808E-01
    0.21108E+02    0.32997E-01
    0.21535E+02    0.31281E-01
    0.21970E+02    0.29653E-01
    0.22413E+02    0.28110E-01
    0.22866E+02    0.26646E-01
