  0.744934E-04  0.198774E+08  0.198774E+08  0.258007E+08  0.257997E+08  0.000000E+00  0.198774E+08
  0.103964E-03  0.198760E+08  0.198760E+08  0.251488E+08  0.251470E+08  0.000000E+00  0.198760E+08
  0.145093E-03  0.198732E+08  0.198732E+08  0.239222E+08  0.239188E+08  0.000000E+00  0.198732E+08
  0.202494E-03  0.198679E+08  0.198679E+08  0.216889E+08  0.216832E+08  0.000000E+00  0.198679E+08
  0.282603E-03  0.198577E+08  0.198577E+08  0.178801E+08  0.178716E+08  0.000000E+00  0.198577E+08
  0.394405E-03  0.198384E+08  0.198384E+08  0.121836E+08  0.121744E+08  0.000000E+00  0.198384E+08
  0.550436E-03  0.198029E+08  0.198029E+08  0.569687E+07  0.569359E+07  0.000000E+00  0.198029E+08
  0.768196E-03  0.197402E+08  0.197401E+08  0.166797E+07  0.167213E+07  0.000000E+00  0.197402E+08
  0.107210E-02  0.196344E+08  0.196343E+08  0.938315E+06  0.934410E+06  0.000000E+00  0.196344E+08
  0.149624E-02  0.194632E+08  0.194630E+08  0.231386E+06  0.222225E+06  0.000000E+00  0.194632E+08
  0.208817E-02  0.191957E+08  0.191953E+08  0.000000E+00  0.000000E+00  0.000000E+00  0.191956E+08
  0.291428E-02  0.187913E+08  0.187904E+08  0.000000E+00  0.000000E+00  0.000000E+00  0.187912E+08
  0.406720E-02  0.182020E+08  0.182003E+08  0.000000E+00  0.000000E+00  0.000000E+00  0.182018E+08
  0.420506E-02  0.181309E+08  0.181291E+08  0.000000E+00  0.000000E+00  0.000000E+00  0.181307E+08
  0.434759E-02  0.180574E+08  0.180555E+08  0.000000E+00  0.000000E+00  0.000000E+00  0.180571E+08
  0.449496E-02  0.179814E+08  0.179794E+08  0.000000E+00  0.000000E+00  0.000000E+00  0.179811E+08
  0.464731E-02  0.179029E+08  0.179008E+08  0.000000E+00  0.000000E+00  0.000000E+00  0.179026E+08
  0.480483E-02  0.178218E+08  0.178195E+08  0.000000E+00  0.000000E+00  0.000000E+00  0.178215E+08
  0.496769E-02  0.177381E+08  0.177357E+08  0.000000E+00  0.000000E+00  0.000000E+00  0.177377E+08
  0.513607E-02  0.176517E+08  0.176491E+08  0.000000E+00  0.000000E+00  0.000000E+00  0.176513E+08
  0.531016E-02  0.175626E+08  0.175598E+08  0.000000E+00  0.000000E+00  0.000000E+00  0.175622E+08
  0.549015E-02  0.174707E+08  0.174678E+08  0.000000E+00  0.000000E+00  0.000000E+00  0.174703E+08
  0.567624E-02  0.173760E+08  0.173728E+08  0.000000E+00  0.000000E+00  0.000000E+00  0.173755E+08
  0.586864E-02  0.172784E+08  0.172750E+08  0.000000E+00  0.000000E+00  0.000000E+00  0.172779E+08
  0.606756E-02  0.171779E+08  0.171743E+08  0.000000E+00  0.000000E+00  0.000000E+00  0.171773E+08
  0.627322E-02  0.170744E+08  0.170706E+08  0.000000E+00  0.000000E+00  0.000000E+00  0.170738E+08
  0.648585E-02  0.169679E+08  0.169638E+08  0.000000E+00  0.000000E+00  0.000000E+00  0.169672E+08
  0.670569E-02  0.168583E+08  0.168540E+08  0.000000E+00  0.000000E+00  0.000000E+00  0.168576E+08
  0.693298E-02  0.167456E+08  0.167410E+08  0.000000E+00  0.000000E+00  0.000000E+00  0.167449E+08
  0.716797E-02  0.166298E+08  0.166249E+08  0.000000E+00  0.000000E+00  0.000000E+00  0.166290E+08
  0.741093E-02  0.165108E+08  0.165056E+08  0.000000E+00  0.000000E+00  0.000000E+00  0.165100E+08
  0.766212E-02  0.163885E+08  0.163830E+08  0.000000E+00  0.000000E+00  0.000000E+00  0.163877E+08
  0.792183E-02  0.162630E+08  0.162571E+08  0.000000E+00  0.000000E+00  0.000000E+00  0.162621E+08
  0.819034E-02  0.161341E+08  0.161279E+08  0.000000E+00  0.000000E+00  0.000000E+00  0.161332E+08
  0.846796E-02  0.160019E+08  0.159953E+08  0.000000E+00  0.000000E+00  0.000000E+00  0.160009E+08
  0.875498E-02  0.158663E+08  0.158593E+08  0.000000E+00  0.000000E+00  0.000000E+00  0.158652E+08
  0.905173E-02  0.157273E+08  0.157198E+08  0.000000E+00  0.000000E+00  0.000000E+00  0.157261E+08
  0.935854E-02  0.155848E+08  0.155769E+08  0.000000E+00  0.000000E+00  0.000000E+00  0.155835E+08
  0.967575E-02  0.154388E+08  0.154304E+08  0.000000E+00  0.000000E+00  0.000000E+00  0.154374E+08
  0.100037E-01  0.152892E+08  0.152803E+08  0.000000E+00  0.000000E+00  0.000000E+00  0.152878E+08
  0.103428E-01  0.151361E+08  0.151266E+08  0.000000E+00  0.000000E+00  0.000000E+00  0.151346E+08
  0.106934E-01  0.149793E+08  0.149693E+08  0.000000E+00  0.000000E+00  0.000000E+00  0.149777E+08
  0.110558E-01  0.148189E+08  0.148083E+08  0.000000E+00  0.000000E+00  0.000000E+00  0.148173E+08
  0.114305E-01  0.146549E+08  0.146436E+08  0.000000E+00  0.000000E+00  0.000000E+00  0.146531E+08
  0.118180E-01  0.144871E+08  0.144752E+08  0.000000E+00  0.000000E+00  0.000000E+00  0.144853E+08
  0.122186E-01  0.143157E+08  0.143030E+08  0.000000E+00  0.000000E+00  0.000000E+00  0.143137E+08
  0.126327E-01  0.141404E+08  0.141271E+08  0.000000E+00  0.000000E+00  0.000000E+00  0.141384E+08
  0.130609E-01  0.139615E+08  0.139474E+08  0.000000E+00  0.000000E+00  0.000000E+00  0.139593E+08
  0.135036E-01  0.137787E+08  0.137638E+08  0.000000E+00  0.000000E+00  0.000000E+00  0.137764E+08
  0.139613E-01  0.135922E+08  0.135764E+08  0.000000E+00  0.000000E+00  0.000000E+00  0.135898E+08
  0.144345E-01  0.134019E+08  0.133853E+08  0.000000E+00  0.000000E+00  0.000000E+00  0.133993E+08
  0.149238E-01  0.132078E+08  0.131902E+08  0.000000E+00  0.000000E+00  0.000000E+00  0.132051E+08
  0.154296E-01  0.130099E+08  0.129914E+08  0.000000E+00  0.000000E+00  0.000000E+00  0.130070E+08
  0.159526E-01  0.128082E+08  0.127888E+08  0.000000E+00  0.000000E+00  0.000000E+00  0.128052E+08
  0.164933E-01  0.126028E+08  0.125823E+08  0.000000E+00  0.000000E+00  0.000000E+00  0.125996E+08
  0.170524E-01  0.123937E+08  0.123722E+08  0.000000E+00  0.000000E+00  0.000000E+00  0.123904E+08
  0.176304E-01  0.121810E+08  0.121583E+08  0.000000E+00  0.000000E+00  0.000000E+00  0.121774E+08
  0.182279E-01  0.119646E+08  0.119408E+08  0.000000E+00  0.000000E+00  0.000000E+00  0.119609E+08
  0.188458E-01  0.117447E+08  0.117198E+08  0.000000E+00  0.000000E+00  0.000000E+00  0.117408E+08
  0.194846E-01  0.115213E+08  0.114952E+08  0.000000E+00  0.000000E+00  0.000000E+00  0.115173E+08
  0.201450E-01  0.112947E+08  0.112674E+08  0.000000E+00  0.000000E+00  0.000000E+00  0.112904E+08
  0.208278E-01  0.110648E+08  0.110363E+08  0.000000E+00  0.000000E+00  0.000000E+00  0.110604E+08
  0.215338E-01  0.108319E+08  0.108022E+08  0.000000E+00  0.000000E+00  0.000000E+00  0.108273E+08
  0.222637E-01  0.105962E+08  0.105652E+08  0.000000E+00  0.000000E+00  0.000000E+00  0.105914E+08
  0.230183E-01  0.103578E+08  0.103256E+08  0.000000E+00  0.000000E+00  0.000000E+00  0.103528E+08
  0.237985E-01  0.101171E+08  0.100836E+08  0.000000E+00  0.000000E+00  0.000000E+00  0.101118E+08
  0.246052E-01  0.987416E+07  0.983946E+07  0.000000E+00  0.000000E+00  0.000000E+00  0.986876E+07
  0.254391E-01  0.962948E+07  0.959358E+07  0.000000E+00  0.000000E+00  0.000000E+00  0.962388E+07
  0.263014E-01  0.938334E+07  0.934628E+07  0.000000E+00  0.000000E+00  0.000000E+00  0.937757E+07
  0.271929E-01  0.913615E+07  0.909798E+07  0.000000E+00  0.000000E+00  0.000000E+00  0.913020E+07
  0.281146E-01  0.888835E+07  0.884913E+07  0.000000E+00  0.000000E+00  0.000000E+00  0.888224E+07
  0.290676E-01  0.864041E+07  0.860022E+07  0.000000E+00  0.000000E+00  0.000000E+00  0.863415E+07
  0.300528E-01  0.839287E+07  0.835179E+07  0.000000E+00  0.000000E+00  0.000000E+00  0.838647E+07
  0.310714E-01  0.814630E+07  0.810444E+07  0.000000E+00  0.000000E+00  0.000000E+00  0.813978E+07
  0.321246E-01  0.790132E+07  0.785880E+07  0.000000E+00  0.000000E+00  0.000000E+00  0.789470E+07
  0.332135E-01  0.765858E+07  0.761554E+07  0.000000E+00  0.000000E+00  0.000000E+00  0.765187E+07
  0.343393E-01  0.741877E+07  0.737536E+07  0.000000E+00  0.000000E+00  0.000000E+00  0.741201E+07
  0.355032E-01  0.718262E+07  0.713901E+07  0.000000E+00  0.000000E+00  0.000000E+00  0.717582E+07
  0.367066E-01  0.695085E+07  0.690724E+07  0.000000E+00  0.000000E+00  0.000000E+00  0.694406E+07
  0.379507E-01  0.672416E+07  0.668073E+07  0.000000E+00  0.000000E+00  0.000000E+00  0.671739E+07
  0.392371E-01  0.650175E+07  0.645872E+07  0.000000E+00  0.000000E+00  0.000000E+00  0.649504E+07
  0.405670E-01  0.628581E+07  0.624340E+07  0.000000E+00  0.000000E+00  0.000000E+00  0.627920E+07
  0.419421E-01  0.607721E+07  0.603565E+07  0.000000E+00  0.000000E+00  0.000000E+00  0.607073E+07
  0.433637E-01  0.587666E+07  0.583618E+07  0.000000E+00  0.000000E+00  0.000000E+00  0.587036E+07
  0.448335E-01  0.568473E+07  0.564556E+07  0.000000E+00  0.000000E+00  0.000000E+00  0.567863E+07
  0.463531E-01  0.550174E+07  0.546411E+07  0.000000E+00  0.000000E+00  0.000000E+00  0.549588E+07
  0.479243E-01  0.532778E+07  0.529189E+07  0.000000E+00  0.000000E+00  0.000000E+00  0.532219E+07
  0.495487E-01  0.516269E+07  0.512874E+07  0.000000E+00  0.000000E+00  0.000000E+00  0.515740E+07
  0.512282E-01  0.500610E+07  0.497423E+07  0.000000E+00  0.000000E+00  0.000000E+00  0.500113E+07
  0.529645E-01  0.485743E+07  0.482778E+07  0.000000E+00  0.000000E+00  0.000000E+00  0.485281E+07
  0.547598E-01  0.471700E+07  0.468966E+07  0.000000E+00  0.000000E+00  0.000000E+00  0.471274E+07
  0.566159E-01  0.458320E+07  0.455821E+07  0.000000E+00  0.000000E+00  0.000000E+00  0.457931E+07
  0.585349E-01  0.445496E+07  0.443229E+07  0.000000E+00  0.000000E+00  0.000000E+00  0.445143E+07
  0.605189E-01  0.433475E+07  0.431433E+07  0.000000E+00  0.000000E+00  0.000000E+00  0.433157E+07
  0.632779E-01  0.417557E+07  0.415795E+07  0.000000E+00  0.000000E+00  0.000000E+00  0.417283E+07
  0.660369E-01  0.402625E+07  0.401095E+07  0.000000E+00  0.000000E+00  0.000000E+00  0.402387E+07
  0.687960E-01  0.388342E+07  0.386992E+07  0.000000E+00  0.000000E+00  0.000000E+00  0.388132E+07
  0.715550E-01  0.374436E+07  0.373211E+07  0.000000E+00  0.000000E+00  0.000000E+00  0.374245E+07
  0.743140E-01  0.360700E+07  0.359549E+07  0.000000E+00  0.000000E+00  0.000000E+00  0.360521E+07
  0.770730E-01  0.347017E+07  0.345893E+07  0.000000E+00  0.000000E+00  0.000000E+00  0.346842E+07
  0.798320E-01  0.333358E+07  0.332223E+07  0.000000E+00  0.000000E+00  0.000000E+00  0.333181E+07
  0.825910E-01  0.319780E+07  0.318604E+07  0.000000E+00  0.000000E+00  0.000000E+00  0.319597E+07
  0.853501E-01  0.306400E+07  0.305162E+07  0.000000E+00  0.000000E+00  0.000000E+00  0.306207E+07
  0.881091E-01  0.293364E+07  0.292055E+07  0.000000E+00  0.000000E+00  0.000000E+00  0.293160E+07
  0.908681E-01  0.280823E+07  0.279443E+07  0.000000E+00  0.000000E+00  0.000000E+00  0.280608E+07
  0.936271E-01  0.268915E+07  0.267473E+07  0.000000E+00  0.000000E+00  0.000000E+00  0.268690E+07
  0.963861E-01  0.257751E+07  0.256262E+07  0.000000E+00  0.000000E+00  0.000000E+00  0.257519E+07
  0.991451E-01  0.247413E+07  0.245898E+07  0.000000E+00  0.000000E+00  0.000000E+00  0.247177E+07
  0.101904E+00  0.237955E+07  0.236436E+07  0.000000E+00  0.000000E+00  0.000000E+00  0.237718E+07
  0.104663E+00  0.229396E+07  0.227899E+07  0.000000E+00  0.000000E+00  0.000000E+00  0.229163E+07
  0.107422E+00  0.221727E+07  0.220273E+07  0.000000E+00  0.000000E+00  0.000000E+00  0.221501E+07
  0.110181E+00  0.214907E+07  0.213518E+07  0.000000E+00  0.000000E+00  0.000000E+00  0.214690E+07
  0.112940E+00  0.208868E+07  0.207560E+07  0.000000E+00  0.000000E+00  0.000000E+00  0.208664E+07
  0.115699E+00  0.203517E+07  0.202302E+07  0.000000E+00  0.000000E+00  0.000000E+00  0.203327E+07
  0.118458E+00  0.198741E+07  0.197626E+07  0.000000E+00  0.000000E+00  0.000000E+00  0.198567E+07
  0.121217E+00  0.194414E+07  0.193399E+07  0.000000E+00  0.000000E+00  0.000000E+00  0.194256E+07
  0.123976E+00  0.190399E+07  0.189482E+07  0.000000E+00  0.000000E+00  0.000000E+00  0.190256E+07
  0.126735E+00  0.186566E+07  0.185737E+07  0.000000E+00  0.000000E+00  0.000000E+00  0.186437E+07
  0.129494E+00  0.182796E+07  0.182042E+07  0.000000E+00  0.000000E+00  0.000000E+00  0.182679E+07
  0.132253E+00  0.178993E+07  0.178301E+07  0.000000E+00  0.000000E+00  0.000000E+00  0.178886E+07
  0.135012E+00  0.175095E+07  0.174448E+07  0.000000E+00  0.000000E+00  0.000000E+00  0.174994E+07
  0.137771E+00  0.171069E+07  0.170452E+07  0.000000E+00  0.000000E+00  0.000000E+00  0.170973E+07
  0.140530E+00  0.166915E+07  0.166312E+07  0.000000E+00  0.000000E+00  0.000000E+00  0.166821E+07
  0.143289E+00  0.162652E+07  0.162048E+07  0.000000E+00  0.000000E+00  0.000000E+00  0.162558E+07
  0.146048E+00  0.158312E+07  0.157698E+07  0.000000E+00  0.000000E+00  0.000000E+00  0.158216E+07
  0.148807E+00  0.153937E+07  0.153304E+07  0.000000E+00  0.000000E+00  0.000000E+00  0.153838E+07
  0.151566E+00  0.149571E+07  0.148914E+07  0.000000E+00  0.000000E+00  0.000000E+00  0.149468E+07
  0.154325E+00  0.145264E+07  0.144581E+07  0.000000E+00  0.000000E+00  0.000000E+00  0.145158E+07
  0.157084E+00  0.141069E+07  0.140362E+07  0.000000E+00  0.000000E+00  0.000000E+00  0.140959E+07
  0.159844E+00  0.137039E+07  0.136311E+07  0.000000E+00  0.000000E+00  0.000000E+00  0.136926E+07
  0.162603E+00  0.133225E+07  0.132482E+07  0.000000E+00  0.000000E+00  0.000000E+00  0.133109E+07
  0.165362E+00  0.129667E+07  0.128917E+07  0.000000E+00  0.000000E+00  0.000000E+00  0.129550E+07
  0.168121E+00  0.126390E+07  0.125641E+07  0.000000E+00  0.000000E+00  0.000000E+00  0.126274E+07
  0.170880E+00  0.123404E+07  0.122665E+07  0.000000E+00  0.000000E+00  0.000000E+00  0.123289E+07
  0.173639E+00  0.120699E+07  0.119977E+07  0.000000E+00  0.000000E+00  0.000000E+00  0.120587E+07
  0.176398E+00  0.118255E+07  0.117557E+07  0.000000E+00  0.000000E+00  0.000000E+00  0.118146E+07
  0.179157E+00  0.116040E+07  0.115373E+07  0.000000E+00  0.000000E+00  0.000000E+00  0.115936E+07
  0.181916E+00  0.114020E+07  0.113387E+07  0.000000E+00  0.000000E+00  0.000000E+00  0.113921E+07
  0.184675E+00  0.112156E+07  0.111559E+07  0.000000E+00  0.000000E+00  0.000000E+00  0.112063E+07
  0.187434E+00  0.110410E+07  0.109850E+07  0.000000E+00  0.000000E+00  0.000000E+00  0.110323E+07
  0.190193E+00  0.108741E+07  0.108216E+07  0.000000E+00  0.000000E+00  0.000000E+00  0.108659E+07
  0.192952E+00  0.107111E+07  0.106619E+07  0.000000E+00  0.000000E+00  0.000000E+00  0.107035E+07
  0.195711E+00  0.105486E+07  0.105022E+07  0.000000E+00  0.000000E+00  0.000000E+00  0.105414E+07
  0.198470E+00  0.103839E+07  0.103398E+07  0.000000E+00  0.000000E+00  0.000000E+00  0.103770E+07
  0.201229E+00  0.102149E+07  0.101726E+07  0.000000E+00  0.000000E+00  0.000000E+00  0.102083E+07
  0.203988E+00  0.100407E+07  0.999964E+06  0.000000E+00  0.000000E+00  0.000000E+00  0.100343E+07
  0.206747E+00  0.986127E+06  0.982092E+06  0.000000E+00  0.000000E+00  0.000000E+00  0.985499E+06
  0.209506E+00  0.967721E+06  0.963709E+06  0.000000E+00  0.000000E+00  0.000000E+00  0.967096E+06
  0.212265E+00  0.948959E+06  0.944930E+06  0.000000E+00  0.000000E+00  0.000000E+00  0.948331E+06
  0.215024E+00  0.929986E+06  0.925911E+06  0.000000E+00  0.000000E+00  0.000000E+00  0.929351E+06
  0.217783E+00  0.910972E+06  0.906832E+06  0.000000E+00  0.000000E+00  0.000000E+00  0.910327E+06
  0.220542E+00  0.892107E+06  0.887894E+06  0.000000E+00  0.000000E+00  0.000000E+00  0.891451E+06
  0.223301E+00  0.873596E+06  0.869312E+06  0.000000E+00  0.000000E+00  0.000000E+00  0.872928E+06
  0.226060E+00  0.855643E+06  0.851300E+06  0.000000E+00  0.000000E+00  0.000000E+00  0.854966E+06
  0.235101E+00  0.802738E+06  0.798361E+06  0.000000E+00  0.000000E+00  0.000000E+00  0.802056E+06
  0.244504E+00  0.758954E+06  0.754853E+06  0.000000E+00  0.000000E+00  0.000000E+00  0.758315E+06
  0.254283E+00  0.722774E+06  0.719161E+06  0.000000E+00  0.000000E+00  0.000000E+00  0.722211E+06
  0.264453E+00  0.689243E+06  0.686088E+06  0.000000E+00  0.000000E+00  0.000000E+00  0.688751E+06
  0.275030E+00  0.653561E+06  0.650642E+06  0.000000E+00  0.000000E+00  0.000000E+00  0.653106E+06
  0.286029E+00  0.614875E+06  0.611974E+06  0.000000E+00  0.000000E+00  0.000000E+00  0.614423E+06
  0.297469E+00  0.576674E+06  0.573755E+06  0.000000E+00  0.000000E+00  0.000000E+00  0.576220E+06
  0.309366E+00  0.542978E+06  0.540178E+06  0.000000E+00  0.000000E+00  0.000000E+00  0.542542E+06
  0.321739E+00  0.514374E+06  0.511832E+06  0.000000E+00  0.000000E+00  0.000000E+00  0.513978E+06
  0.334607E+00  0.487876E+06  0.485582E+06  0.000000E+00  0.000000E+00  0.000000E+00  0.487519E+06
  0.347990E+00  0.460500E+06  0.458330E+06  0.000000E+00  0.000000E+00  0.000000E+00  0.460162E+06
  0.361907E+00  0.432698E+06  0.430575E+06  0.000000E+00  0.000000E+00  0.000000E+00  0.432367E+06
  0.376382E+00  0.407057E+06  0.405023E+06  0.000000E+00  0.000000E+00  0.000000E+00  0.406740E+06
  0.391435E+00  0.384434E+06  0.382556E+06  0.000000E+00  0.000000E+00  0.000000E+00  0.384141E+06
  0.407090E+00  0.363130E+06  0.361394E+06  0.000000E+00  0.000000E+00  0.000000E+00  0.362859E+06
  0.423372E+00  0.341879E+06  0.340227E+06  0.000000E+00  0.000000E+00  0.000000E+00  0.341622E+06
  0.440305E+00  0.321458E+06  0.319879E+06  0.000000E+00  0.000000E+00  0.000000E+00  0.321212E+06
  0.457914E+00  0.302851E+06  0.301373E+06  0.000000E+00  0.000000E+00  0.000000E+00  0.302621E+06
  0.476229E+00  0.285461E+06  0.284083E+06  0.000000E+00  0.000000E+00  0.000000E+00  0.285247E+06
  0.495275E+00  0.268580E+06  0.267276E+06  0.000000E+00  0.000000E+00  0.000000E+00  0.268377E+06
  0.515084E+00  0.252591E+06  0.251358E+06  0.000000E+00  0.000000E+00  0.000000E+00  0.252399E+06
  0.535684E+00  0.237764E+06  0.236610E+06  0.000000E+00  0.000000E+00  0.000000E+00  0.237584E+06
  0.557109E+00  0.223688E+06  0.222604E+06  0.000000E+00  0.000000E+00  0.000000E+00  0.223519E+06
  0.579390E+00  0.210292E+06  0.209269E+06  0.000000E+00  0.000000E+00  0.000000E+00  0.210133E+06
  0.602563E+00  0.197748E+06  0.196788E+06  0.000000E+00  0.000000E+00  0.000000E+00  0.197599E+06
  0.626662E+00  0.185909E+06  0.185007E+06  0.000000E+00  0.000000E+00  0.000000E+00  0.185769E+06
  0.651726E+00  0.174703E+06  0.173854E+06  0.000000E+00  0.000000E+00  0.000000E+00  0.174571E+06
  0.677791E+00  0.164172E+06  0.163375E+06  0.000000E+00  0.000000E+00  0.000000E+00  0.164048E+06
  0.846459E+00  0.114965E+06  0.114407E+06  0.000000E+00  0.000000E+00  0.000000E+00  0.114878E+06
  0.105710E+01  0.800486E+05  0.796603E+05  0.000000E+00  0.000000E+00  0.000000E+00  0.799881E+05
  0.132016E+01  0.554511E+05  0.551822E+05  0.000000E+00  0.000000E+00  0.000000E+00  0.554092E+05
  0.164868E+01  0.382343E+05  0.380489E+05  0.000000E+00  0.000000E+00  0.000000E+00  0.382054E+05
  0.205895E+01  0.262526E+05  0.261253E+05  0.000000E+00  0.000000E+00  0.000000E+00  0.262328E+05
  0.257131E+01  0.179571E+05  0.178700E+05  0.000000E+00  0.000000E+00  0.000000E+00  0.179436E+05
  0.321118E+01  0.122404E+05  0.121810E+05  0.000000E+00  0.000000E+00  0.000000E+00  0.122311E+05
  0.401028E+01  0.831724E+04  0.827688E+04  0.000000E+00  0.000000E+00  0.000000E+00  0.831096E+04
  0.500824E+01  0.563522E+04  0.560785E+04  0.000000E+00  0.000000E+00  0.000000E+00  0.563096E+04
  0.625453E+01  0.380796E+04  0.378944E+04  0.000000E+00  0.000000E+00  0.000000E+00  0.380507E+04
  0.781096E+01  0.256695E+04  0.255444E+04  0.000000E+00  0.000000E+00  0.000000E+00  0.256500E+04
  0.975471E+01  0.172650E+04  0.171806E+04  0.000000E+00  0.000000E+00  0.000000E+00  0.172519E+04
  0.121822E+02  0.115883E+04  0.115313E+04  0.000000E+00  0.000000E+00  0.000000E+00  0.115794E+04
  0.152137E+02  0.776309E+03  0.772459E+03  0.000000E+00  0.000000E+00  0.000000E+00  0.775709E+03
  0.189996E+02  0.519124E+03  0.516515E+03  0.000000E+00  0.000000E+00  0.000000E+00  0.518717E+03
  0.237276E+02  0.346558E+03  0.344782E+03  0.000000E+00  0.000000E+00  0.000000E+00  0.346282E+03
