1.056032981064548126e+00 4.783033208102381712e-09 1.712404163469076279e-07 0.000000000000000000e+00 4.783033206346284716e-09 1.756096486263682553e-18 5.542277679197531014e-08 3.198821668406582421e-08
1.175443983510534363e+00 5.250007405903619204e-09 1.975697405734161836e-07 0.000000000000000000e+00 5.250007403731107080e-09 2.172512048705296220e-18 6.273277009796956060e-08 3.795812510105688536e-08
1.308357393325258133e+00 5.250006306922518425e-09 2.107754421759264353e-07 0.000000000000000000e+00 5.250006304750006301e-09 2.172512048705281198e-18 6.690069171520078112e-08 4.051555016312689144e-08
1.456299996156748877e+00 5.250004994471413273e-09 2.251139376235088898e-07 0.000000000000000000e+00 5.250004992298900322e-09 2.172512048705263480e-18 7.142480295517707386e-08 4.329347567448268617e-08
1.620971219045888478e+00 5.296929959630583678e-09 2.427937508120446796e-07 0.000000000000000000e+00 5.296929957384043025e-09 2.246540315943020023e-18 7.677327446569738757e-08 4.693701088571369468e-08
1.804262651863866251e+00 5.296928034099939670e-09 2.596590454093908894e-07 0.000000000000000000e+00 5.296928031853399018e-09 2.246540315942993060e-18 8.206133057751119476e-08 5.023393444394082407e-08
2.008279776137516404e+00 5.296925713452591023e-09 2.777938968009727241e-07 0.000000000000000000e+00 5.296925711206051197e-09 2.246540315942960704e-18 8.774130123795886969e-08 5.378405748043503167e-08
2.235366150863083323e+00 5.296922915669437481e-09 2.972244047457701037e-07 0.000000000000000000e+00 5.296922913422896001e-09 2.246540315942922185e-18 9.381957497173838428e-08 5.759400762327029979e-08
2.488130333132567262e+00 5.296919547422094316e-09 3.179984013113674968e-07 0.000000000000000000e+00 5.296919545175553664e-09 2.246540315942874807e-18 1.003075636802747952e-07 6.167601364840014442e-08
2.769475842811750965e+00 5.296915380291641593e-09 3.398325776913433389e-07 0.000000000000000000e+00 5.296915378045100940e-09 2.246540315942814718e-18 1.071052788169797628e-07 6.598371525173582512e-08
3.082634515476230241e+00 5.296910314557400800e-09 3.628483443056184059e-07 0.000000000000000000e+00 5.296910312310860975e-09 2.246540315942745385e-18 1.142531712001638999e-07 7.053892534606139844e-08
3.431203626733101864e+00 5.296904132636819120e-09 3.868380160749130145e-07 0.000000000000000000e+00 5.296904130390279295e-09 2.246540315942659489e-18 1.216865775298918182e-07 7.530087564480392733e-08
3.819187214377767425e+00 5.296896610683320022e-09 4.117701955071715716e-07 0.000000000000000000e+00 5.296896608436778542e-09 2.246540315942555103e-18 1.293878010258378530e-07 8.026973128599778322e-08
4.251042073056519932e+00 5.296887448916640632e-09 4.374487718191745944e-07 0.000000000000000000e+00 5.296887446670099979e-09 2.246540315942426451e-18 1.372899757022009500e-07 8.541155669260335766e-08
4.731728949778890581e+00 5.296876186156124573e-09 4.634493635032564229e-07 0.000000000000000000e+00 5.296876183909584747e-09 2.246540315942269680e-18 1.452491118086117295e-07 9.065227704860872838e-08
5.266769528365972342e+00 5.296862279725864560e-09 4.893475178301221632e-07 0.000000000000000000e+00 5.296862277479323080e-09 2.246540315942074776e-18 1.531227786904879471e-07 9.591654394495987661e-08
5.862309857419115922e+00 5.296845243596845026e-09 5.149307856781917602e-07 0.000000000000000000e+00 5.296845241350304374e-09 2.246540315941837116e-18 1.608444047172126980e-07 1.011628385786374143e-07
6.525190950410857837e+00 5.296824311021309443e-09 5.395322484667699627e-07 0.000000000000000000e+00 5.296824308774768790e-09 2.246540315941546686e-18 1.682032054969747342e-07 1.062623551776120949e-07
7.263027368885755841e+00 5.296798601706343445e-09 5.626588189963391645e-07 0.000000000000000000e+00 5.296798599459801965e-09 2.246540315941186152e-18 1.750347164720765093e-07 1.111268220905195284e-07
8.084294691462201143e+00 5.296767031013211780e-09 5.837135514550557925e-07 0.000000000000000000e+00 5.296767028766671127e-09 2.246540315940745114e-18 1.811442592879294320e-07 1.156456540032505461e-07
8.998426873397548320e+00 5.296728242892519687e-09 6.019743493384421087e-07 0.000000000000000000e+00 5.296728240645979861e-09 2.246540315940203543e-18 1.863004471071914909e-07 1.196818527507052289e-07
1.001592461509324039e+01 5.296680565853472433e-09 6.166854757962384944e-07 0.000000000000000000e+00 5.296680563606932607e-09 2.246540315939537556e-18 1.902638326389093966e-07 1.230898478104277037e-07
1.114847598437533449e+01 5.296621632379772027e-09 6.269300138755870735e-07 0.000000000000000000e+00 5.296621630133231375e-09 2.246540315938712103e-18 1.927432024745118663e-07 1.256935398408647829e-07
1.240909067814867583e+01 5.296548591955906196e-09 6.320468577773986655e-07 0.000000000000000000e+00 5.296548589709366371e-09 2.246540315937694056e-18 1.935395436500348761e-07 1.273571654719017317e-07
1.381224946569640366e+01 5.296458531012144811e-09 6.317890310822692929e-07 0.000000000000000000e+00 5.296458528765603331e-09 2.246540315936439505e-18 1.926007295205076636e-07 1.280121943032607021e-07
1.537407053029052229e+01 5.296347450663658410e-09 6.258617236653977140e-07 0.000000000000000000e+00 5.296347448417118585e-09 2.246540315934889902e-18 1.898631390926719016e-07 1.275777503267348057e-07
1.711249461989307719e+01 5.296210310566686332e-09 6.141916584932324750e-07 0.000000000000000000e+00 5.296210308320145679e-09 2.246540315932977454e-18 1.853534928689669880e-07 1.259993640795494557e-07
1.904749113378321468e+01 5.296040850514078385e-09 5.971016200330353637e-07 0.000000000000000000e+00 5.296040848267537732e-09 2.246540315930611256e-18 1.792220380607486146e-07 1.233010362345531623e-07
2.120128751244688203e+01 5.295831644319744955e-09 5.755783381828623722e-07 0.000000000000000000e+00 5.295831642073205129e-09 2.246540315927688465e-18 1.718305997081559132e-07 1.196327614639790554e-07
2.359862456574094125e+01 5.295573336928753385e-09 5.506102549346755522e-07 0.000000000000000000e+00 5.295573334682213559e-09 2.246540315924077731e-18 1.635476546737231426e-07 1.151400047980188815e-07
2.626704067231091244e+01 5.295254373430582819e-09 5.231745740164890989e-07 0.000000000000000000e+00 5.295254371184042167e-09 2.246540315919619589e-18 1.547240642133141538e-07 1.099770324724708649e-07
2.923718811487309566e+01 5.294860484090529851e-09 4.940098954663393401e-07 0.000000000000000000e+00 5.294860481843989198e-09 2.246540315914111429e-18 1.456126831222546838e-07 1.042698195648990295e-07
3.254318518513449021e+01 5.294374049901425132e-09 4.634457975010265373e-07 0.000000000000000000e+00 5.294374047654884479e-09 2.246540315907307889e-18 1.362988555017294563e-07 9.809553422664609561e-08
3.622300810299908846e+01 5.293773321386661916e-09 4.310605730785287527e-07 0.000000000000000000e+00 5.293773319140122917e-09 2.246540315898901205e-18 1.265850569518431725e-07 9.142240267292353700e-08
4.031892725206589034e+01 5.293027771602564896e-09 3.958024735683590627e-07 0.000000000000000000e+00 5.293027769356025070e-09 2.246540315888476531e-18 1.160329226968724278e-07 8.413038161978863732e-08
4.487799274248540371e+01 5.292103257893702030e-09 3.575050780233831543e-07 0.000000000000000000e+00 5.292103255647160550e-09 2.246540315875553926e-18 1.044884048696169487e-07 7.626744605863684228e-08
4.995257487887015913e+01 5.290959851886603402e-09 3.187822801399001556e-07 0.000000000000000000e+00 5.290959849640063576e-09 2.246540315859566782e-18 9.275287665513438751e-08 6.835893374769417260e-08
5.560096574165519456e+01 5.289545870085756509e-09 2.841088489742628788e-07 0.000000000000000000e+00 5.289545867839216683e-09 2.246540315839788637e-18 8.228869526547058976e-08 6.123280885824002178e-08
6.188804879230252709e+01 5.287797504806491674e-09 2.566055807674543343e-07 0.000000000000000000e+00 5.287797502559951021e-09 2.246540315815320852e-18 7.412737905448878017e-08 5.545972332578916988e-08
6.888604419417499969e+01 5.285635803743176593e-09 2.347627902673766454e-07 0.000000000000000000e+00 5.285635801496636767e-09 2.246540315785034063e-18 6.777030755607590493e-08 5.077037436601268808e-08
7.667533841060405564e+01 5.282960118022824346e-09 2.126407752784180448e-07 0.000000000000000000e+00 5.282960115776283693e-09 2.246540315747464563e-18 6.129327989533748717e-08 4.605914201402161927e-08
8.534540760983165342e+01 5.279652951996745520e-09 1.866804351045925989e-07 0.000000000000000000e+00 5.279652949750204867e-09 2.246540315700961058e-18 5.357001808806688411e-08 4.064201940100803253e-08
9.499584548401358575e+01 5.275566755408928659e-09 1.598420676321702960e-07 0.000000000000000000e+00 5.275566753162388833e-09 2.246540315643401175e-18 4.559754405008591444e-08 3.503945174302730207e-08
1.057375072889466310e+02 5.270520216465671753e-09 1.369039501310166179e-07 0.000000000000000000e+00 5.270520214219131927e-09 2.246540315572158330e-18 3.889414118212265769e-08 3.016112988870675582e-08
1.176937832461472624e+02 5.264290942508508210e-09 1.183447523594199608e-07 0.000000000000000000e+00 5.264290940261967557e-09 2.246540315483983094e-18 3.352565375216899318e-08 2.616077964645977802e-08
1.310020159349736844e+02 5.256606703090317703e-09 1.022647599561005579e-07 0.000000000000000000e+00 5.256606700843777050e-09 2.246540315374859904e-18 2.888035901578745980e-08 2.267961804608161576e-08
1.458150779564580262e+02 5.247135079416384519e-09 8.773214294018875065e-08 0.000000000000000000e+00 5.247135077169843866e-09 2.246540315239817933e-18 2.477017348710029057e-08 1.945917443916895258e-08
1.623031279915676635e+02 5.235471369078627109e-09 7.266712848867904838e-08 0.000000000000000000e+00 5.235471366832086456e-09 2.246540315072716162e-18 2.047991464238912658e-08 1.615065905126407575e-08
1.806555654259147161e+02 5.221124659585133287e-09 6.012134147771389562e-08 0.000000000000000000e+00 5.221124657338593462e-09 2.246540314865959879e-18 1.688564933017873389e-08 1.341483011307701588e-08
2.010832059937378347e+02 5.203443393860299282e-09 5.127909223647150997e-08 0.000000000000000000e+00 5.203443391613759456e-09 2.246540314609409447e-18 1.435138561563210332e-08 1.148479289416028861e-08
2.238207034330328042e+02 5.181688365691877209e-09 4.317510165336659660e-08 0.000000000000000000e+00 5.181688363445335729e-09 2.246540314291009316e-18 1.206040444533881989e-08 9.689242235800725372e-09
2.491292449694543905e+02 5.155044837820781993e-09 3.463374714228884922e-08 0.000000000000000000e+00 5.155044835574242167e-09 2.246540313896691338e-18 9.655689957647988036e-09 7.790836540074196701e-09
2.772995515922919481e+02 5.122501870012685123e-09 2.875738319087883531e-08 0.000000000000000000e+00 5.122501867766143643e-09 2.246540313408393371e-18 7.997123206167933422e-09 6.486412500511935578e-09
3.086552175868076802e+02 5.082882445257575525e-09 2.371092720861162481e-08 0.000000000000000000e+00 5.082882443011034045e-09 2.246540312803761532e-18 6.573412582430109262e-09 5.365402916805548706e-09
3.435564276845046834e+02 5.034834155309565804e-09 1.903494445982055727e-08 0.000000000000000000e+00 5.034834153063025979e-09 2.246540312054940325e-18 5.271687251442428012e-09 4.311929839740996649e-09
3.824040945302937757e+02 4.976818370260494232e-09 1.552272352059672013e-08 0.000000000000000000e+00 4.976818368013954406e-09 2.246540311127009174e-18 4.281673281637812125e-09 3.531961265136046832e-09
4.256444639942141634e+02 4.907114757820698100e-09 1.256212478464530801e-08 0.000000000000000000e+00 4.907114755574156620e-09 2.246540309975939394e-18 3.457529132155967068e-09 2.864521501984609374e-09
4.737742412289155709e+02 4.823998515289525613e-09 1.009511549279241384e-08 0.000000000000000000e+00 4.823998513042985787e-09 2.246540308550249723e-18 2.770149431930197150e-09 2.309263055311877291e-09
5.273462963565856398e+02 4.725671434380963011e-09 8.082610713566829403e-09 0.000000000000000000e+00 4.725671432134422358e-09 2.246540306784573328e-18 2.210848013782955123e-09 1.855024211095408204e-09
5.869760153267689020e+02 4.610421491559475448e-09 6.456219297863325939e-09 0.000000000000000000e+00 4.610421489312934796e-09 2.246540304598029625e-18 1.759729125002273312e-09 1.487147845918438067e-09
6.533483688978308237e+02 4.476771771358471963e-09 5.130955484319015165e-09 0.000000000000000000e+00 4.476771769111932138e-09 2.246540301890553843e-18 1.393161570471876078e-09 1.186495750502316880e-09
7.272257809440862957e+02 4.323660247918518705e-09 4.058385885063911959e-09 0.000000000000000000e+00 4.323660245671977225e-09 2.246540298538360300e-18 1.097222303664937204e-09 9.425550735372863709e-10
8.094568864722074295e+02 4.150633911245561962e-09 3.199564487622045170e-09 0.000000000000000000e+00 4.150633908999022136e-09 2.246540294388337567e-18 8.607595085604728024e-10 7.468152182575577069e-10
9.009862799510120794e+02 3.958028965147400763e-09 2.511639018216967110e-09 0.000000000000000000e+00 3.958028962900860938e-09 2.246540289251130908e-18 6.719393820849794442e-10 5.895233830097982047e-10
1.002865365934268880e+03 3.747099308839547949e-09 1.963807462080560578e-09 0.000000000000000000e+00 3.747099306593005642e-09 2.246540282892588455e-18 5.220150546605332637e-10 4.639040942698762763e-10
1.116264436618460877e+03 3.520303533932644666e-09 1.529601834542240914e-09 0.000000000000000000e+00 3.520303531686104427e-09 2.246540275013326326e-18 4.036213943975329871e-10 3.639836744437957442e-10
1.242486115071199492e+03 3.281645351122369011e-09 1.187137449261999705e-09 0.000000000000000000e+00 3.281645348875829599e-09 2.246540265220491019e-18 3.106638614712723657e-10 2.848289879097835959e-10
1.382980318553656389e+03 3.034177777317191880e-09 9.175244980995014012e-10 0.000000000000000000e+00 3.034177775070652055e-09 2.246540253089666123e-18 2.378154129152134905e-10 2.222389676576427902e-10
1.539360913821697523e+03 2.781767475964966178e-09 7.062051934921742165e-10 0.000000000000000000e+00 2.781767473718425939e-09 2.246540238064073765e-18 1.810251610844115446e-10 1.729288953984562675e-10
1.713424255726343517e+03 2.528260648654070349e-09 5.412612739377300493e-10 0.000000000000000000e+00 2.528260646407530523e-09 2.246540219454723292e-18 1.369819041638073672e-10 1.342043786368008520e-10
1.907169822067742189e+03 2.277282110655233657e-09 4.131858566530771711e-10 0.000000000000000000e+00 2.277282108408694659e-09 2.246540196408285991e-18 1.030359749825260779e-10 1.039246067533254275e-10
2.122823181736748211e+03 2.032141587784514422e-09 3.148163236194030097e-10 0.000000000000000000e+00 2.032141585537974596e-09 2.246540167855413526e-18 7.718336165421250022e-11 8.048187935930230878e-11
2.362861559980607581e+03 1.796631063912476612e-09 2.394970771720949130e-10 0.000000000000000000e+00 1.796631061665936372e-09 2.246540132432823291e-18 5.762240498992712701e-11 6.232731728315878881e-11
2.630042294462951304e+03 1.573327113684819899e-09 1.815415115939831731e-10 0.000000000000000000e+00 1.573327111438279867e-09 2.246540088535131342e-18 4.276396980242866072e-11 4.818643208920830031e-11
2.927434508994474982e+03 1.364410000724400160e-09 1.370183973568652141e-10 0.000000000000000000e+00 1.364409998477860128e-09 2.246540034160858898e-18 3.151625771912948823e-11 3.717153187121911162e-11
3.258454368773508122e+03 1.171780891896682850e-09 1.029753863942159414e-10 0.000000000000000000e+00 1.171780889650142610e-09 2.246539966816244072e-18 2.306242521378595361e-11 2.861335399351184017e-11
3.626904322114499791e+03 9.968255543819415128e-10 7.707043731008904658e-11 0.000000000000000000e+00 9.968255521354016872e-10 2.246539883415696723e-18 1.675598721042190620e-11 2.198025917303134550e-11
4.037016779438275080e+03 8.403118189061851695e-10 5.745288986007205354e-11 0.000000000000000000e+00 8.403118166596453439e-10 2.246539780141814930e-18 1.208778071801358694e-11 1.685131768499494694e-11
4.493502731267226409e+03 7.023281668468982533e-10 4.266726553991171783e-11 0.000000000000000000e+00 7.023281646003584276e-10 2.246539652272408752e-18 8.659321955870572112e-12 1.289443240889986703e-11
5.001605863702974602e+03 5.823452448654997853e-10 3.157496512825561156e-11 0.000000000000000000e+00 5.823452426189603732e-10 2.246539493966820225e-18 6.161122250254985281e-12 9.848470152670071996e-12
5.567162793016338583e+03 4.793128915732703555e-10 2.329029156745754322e-11 0.000000000000000000e+00 4.793128893267310469e-10 2.246539298001962336e-18 4.354878460314404281e-12 7.508685543715686585e-12
6.196670111266974345e+03 3.918184628854917806e-10 1.712836380394803502e-11 0.000000000000000000e+00 3.918184606389526270e-10 2.246539055446330346e-18 3.058793809987326924e-12 5.714991666101690816e-12
6.897359013111165041e+03 3.184947125840667856e-10 1.256753766118584411e-11 0.000000000000000000e+00 3.184947103375280457e-10 2.246538754171977469e-18 2.136469457032056832e-12 4.343950691821881655e-12
7.677278361042189317e+03 2.574269451466398880e-10 9.200297511839166361e-12 0.000000000000000000e+00 2.574269429001015099e-10 2.246538380435674852e-18 1.483979812076817546e-12 3.296933012139205355e-12
8.545387143236317570e+03 2.069718345238430090e-10 6.720882614241309528e-12 0.000000000000000000e+00 2.069718322773050962e-10 2.246537917473204583e-18 1.025197354362517632e-12 2.498338577513823309e-12
9.511657386079081334e+03 1.655504334338051504e-10 4.712509649707966753e-12 0.000000000000000000e+00 1.655504311872677805e-10 2.246537344038712079e-18 6.837961618311584180e-13 1.806666164673921346e-12
1.058718870352829254e+04 1.317880939766089507e-10 3.373151774306264699e-12 0.000000000000000000e+00 1.317880917300723304e-10 2.246536633841645065e-18 4.615480753186038669e-13 1.339445351645836029e-12
1.178433579916051713e+04 1.045401007717260119e-10 2.458974014555581250e-12 0.000000000000000000e+00 1.045400985251902576e-10 2.246535754122182474e-18 3.156351809743469088e-13 1.012856569203776851e-12
1.311685038551288017e+04 8.266284153237562063e-11 1.795881945356070446e-12 0.000000000000000000e+00 8.266283928584095195e-11 2.246534663888317534e-18 2.158608234566113071e-13 7.667336730467419340e-13
1.460003915097147365e+04 6.526909120522792688e-11 1.314188164290529600e-12 0.000000000000000000e+00 6.526908895869462822e-11 2.246533311255187081e-18 1.476497612480203357e-13 5.810865228093582717e-13
1.625093958876844590e+04 5.133524544254462194e-11 9.605005851824270618e-13 0.000000000000000000e+00 5.133524319601299057e-11 2.246531635679367933e-18 1.005549976199724759e-13 4.397283486197751764e-13
1.808851570786662342e+04 4.022903018914822603e-11 4.714268497187415683e-13 0.000000000000000000e+00 4.022902794261866260e-11 2.246529560261871284e-18 4.750365643469657406e-14 2.196845135224135728e-13
2.013387587385212828e+04 3.140044726479591612e-11 2.845248050173841925e-13 0.000000000000000000e+00 3.140044501826893117e-11 2.246526989846992161e-18 2.678560792377347570e-14 1.367485208978994424e-13
2.241051528221264743e+04 2.445538324996926285e-11 2.076615781977399406e-13 0.000000000000000000e+00 2.445538100344545415e-11 2.246523806702564886e-18 1.810558815879021905e-14 1.031613547138370098e-13
2.494458584929090648e+04 1.895957302375724503e-11 9.828266723560307050e-14 0.000000000000000000e+00 1.895957077723737513e-11 2.246519865182064501e-18 8.147923379010137591e-15 4.983796364977138605e-14
2.776519662118276028e+04 1.465792198620346764e-11 2.544528169326187404e-14 0.000000000000000000e+00 1.465791973968848328e-11 2.246514985129697243e-18 1.942810205847557355e-15 1.332901848106145502e-14
3.090474815138586200e+04 1.130757579566917046e-11 1.285413672045924963e-14 0.000000000000000000e+00 1.130757354916022516e-11 2.246508943733811251e-18 9.281650421890913379e-16 6.874115212923612231e-15
3.439930468822552211e+04 8.691975902253444706e-12 0.000000000000000000e+00 0.000000000000000000e+00 8.691973655751977959e-12 2.246501465465391723e-18 0.000000000000000000e+00 0.000000000000000000e+00
3.828900844740607135e+04 6.664093649403907133e-12 0.000000000000000000e+00 0.000000000000000000e+00 6.664091402911700931e-12 2.246492205648246451e-18 0.000000000000000000e+00 0.000000000000000000e+00
4.261854072845193878e+04 5.102082709125457274e-12 0.000000000000000000e+00 0.000000000000000000e+00 5.102080462644766977e-12 2.246480689247363919e-18 0.000000000000000000e+00 0.000000000000000000e+00
4.743763517192281142e+04 3.897558178609892894e-12 0.000000000000000000e+00 0.000000000000000000e+00 3.897555932143469848e-12 2.246466422686837389e-18 0.000000000000000000e+00 0.000000000000000000e+00
