# Sent to me by Rongpu Zhou on feb 19 2020
# zmin zmax N_qso (number per sq deg in z-bin)
0 0.1 0
0.1 0.2 0.133533
0.2 0.3 0.400598
0.3 0.4 1.05041
0.4 0.5 2.08296
0.5 0.6 3.08022
0.6 0.7 4.04219
0.7 0.8 5.25922
0.8 0.9 6.73131
0.9 1 7.69255
1 1.1 8.14292
1.1 1.2 8.99107
1.2 1.3 10.237
1.3 1.4 10.8519
1.4 1.5 10.8357
1.5 1.6 10.9284
1.6 1.7 11.13
1.7 1.8 11.0986
1.8 1.9 10.8343
1.9 2 10.5276
2 2.1 10.1786
2.1 2.2 9.56459
2.2 2.3 8.68568
2.3 2.4 7.70635
2.4 2.5 6.62661
2.5 2.6 5.5226
2.6 2.7 4.39431
2.7 2.8 3.59224
2.8 2.9 3.11638
2.9 3 2.57182
3 3.1 1.95855
3.1 3.2 1.48731
3.2 3.3 1.15809
3.3 3.4 0.856385
3.4 3.5 0.582183
3.5 3.6 0.41305
3.6 3.7 0.348986
3.7 3.8 0.292512
3.8 3.9 0.243629
3.9 4 0.181426
4 4.1 0.105904
4.1 4.2 0.0527016
4.2 4.3 0.0218179
4.3 4.4 0.00601401
4.4 4.5 0.00529
4.5 4.6 0.0040035
4.6 4.7 0.0021545
4.7 4.8 0.000922506
4.8 4.9 0.000307502
4.9 5 0
