  0.131347E-04  0.198807E+08  0.198807E+08  0.264859E+08  0.264854E+08  0.000000E+00  0.198807E+08
  0.237027E-04  0.198806E+08  0.198806E+08  0.264370E+08  0.264353E+08  0.000000E+00  0.198806E+08
  0.427736E-04  0.198803E+08  0.198803E+08  0.262783E+08  0.262728E+08  0.000000E+00  0.198803E+08
  0.771887E-04  0.198793E+08  0.198792E+08  0.257675E+08  0.257500E+08  0.000000E+00  0.198793E+08
  0.139294E-03  0.198760E+08  0.198759E+08  0.241669E+08  0.241128E+08  0.000000E+00  0.198760E+08
  0.251368E-03  0.198655E+08  0.198653E+08  0.195693E+08  0.194206E+08  0.000000E+00  0.198655E+08
  0.453616E-03  0.198332E+08  0.198324E+08  0.966423E+07  0.939440E+07  0.000000E+00  0.198331E+08
  0.818590E-03  0.197412E+08  0.197393E+08  0.144643E+07  0.138689E+07  0.000000E+00  0.197409E+08
  0.147722E-02  0.195124E+08  0.195096E+08  0.206308E+06  0.231506E+06  0.000000E+00  0.195119E+08
  0.266577E-02  0.190052E+08  0.190021E+08 -0.956300E+04  0.239992E+05  0.000000E+00  0.190047E+08
  0.481062E-02  0.179930E+08  0.179883E+08 -0.131867E+05  0.293317E+05  0.000000E+00  0.179923E+08
  0.868119E-02  0.161865E+08  0.161771E+08 -0.650802E+04  0.827978E+04  0.000000E+00  0.161851E+08
  0.138357E-01  0.139983E+08  0.139798E+08 -0.108914E+04  0.295696E+04  0.000000E+00  0.139954E+08
  0.189901E-01  0.120834E+08  0.120549E+08  0.534773E+03  0.139962E+04  0.000000E+00  0.120790E+08
  0.241446E-01  0.103786E+08  0.103411E+08 -0.443466E+03  0.731770E+03  0.000000E+00  0.103727E+08
  0.292990E-01  0.893572E+07  0.889197E+07  0.384402E+02  0.409944E+03  0.000000E+00  0.892891E+07
  0.344535E-01  0.772380E+07  0.767752E+07 -0.162649E+03  0.252128E+03  0.000000E+00  0.771659E+07
  0.396079E-01  0.675919E+07  0.671421E+07 -0.305616E+01  0.172113E+03  0.000000E+00  0.675218E+07
  0.447624E-01  0.600737E+07  0.596686E+07 -0.159323E+02  0.123848E+03  0.000000E+00  0.600106E+07
  0.499169E-01  0.543420E+07  0.540011E+07 -0.158898E+02  0.894048E+02  0.000000E+00  0.542889E+07
  0.550713E-01  0.499390E+07  0.496678E+07  0.211936E+01  0.649195E+02  0.000000E+00  0.498967E+07
  0.602258E-01  0.464073E+07  0.461986E+07 -0.348464E+01  0.495459E+02  0.000000E+00  0.463748E+07
  0.653802E-01  0.433415E+07  0.431791E+07 -0.161483E+02  0.403685E+02  0.000000E+00  0.433162E+07
  0.705347E-01  0.404677E+07  0.403315E+07 -0.668984E+01  0.335605E+02  0.000000E+00  0.404464E+07
  0.756892E-01  0.376423E+07  0.375136E+07  0.120058E+00  0.270623E+02  0.000000E+00  0.376223E+07
  0.808436E-01  0.348432E+07  0.347080E+07 -0.346368E+01  0.211672E+02  0.000000E+00  0.348221E+07
  0.859981E-01  0.321332E+07  0.319850E+07  0.292806E+01  0.167849E+02  0.000000E+00  0.321101E+07
  0.911525E-01  0.296148E+07  0.294540E+07  0.105151E+01  0.140031E+02  0.000000E+00  0.295898E+07
  0.992549E-01  0.262660E+07  0.260986E+07 -0.453319E+01  0.102907E+02  0.000000E+00  0.262399E+07
  0.107357E+00  0.237894E+07  0.236374E+07 -0.167603E+01  0.842254E+01  0.000000E+00  0.237657E+07
  0.115460E+00  0.220451E+07  0.219232E+07 -0.115477E+01  0.673263E+01  0.000000E+00  0.220261E+07
  0.123562E+00  0.206957E+07  0.206040E+07 -0.156299E+01  0.519501E+01  0.000000E+00  0.206814E+07
  0.131664E+00  0.194112E+07  0.193380E+07 -0.114645E+00  0.436693E+01  0.000000E+00  0.193998E+07
  0.139766E+00  0.180266E+07  0.179569E+07 -0.299785E+00  0.380225E+01  0.000000E+00  0.180157E+07
  0.147869E+00  0.165740E+07  0.164983E+07  0.113122E+01  0.302081E+01  0.000000E+00  0.165622E+07
  0.155971E+00  0.152025E+07  0.151196E+07 -0.820735E+00  0.236208E+01  0.000000E+00  0.151896E+07
  0.164073E+00  0.140548E+07  0.139711E+07  0.228186E+00  0.207018E+01  0.000000E+00  0.140418E+07
  0.172176E+00  0.131807E+07  0.131037E+07 -0.256330E+00  0.182650E+01  0.000000E+00  0.131687E+07
  0.180278E+00  0.125218E+07  0.124563E+07 -0.101852E+01  0.148882E+01  0.000000E+00  0.125116E+07
  0.188380E+00  0.119619E+07  0.119075E+07 -0.427841E+00  0.127692E+01  0.000000E+00  0.119534E+07
  0.196483E+00  0.113968E+07  0.113491E+07 -0.515093E+00  0.119690E+01  0.000000E+00  0.113893E+07
  0.204585E+00  0.107827E+07  0.107366E+07 -0.542079E+00  0.104412E+01  0.000000E+00  0.107755E+07
  0.212687E+00  0.101418E+07  0.100940E+07 -0.321778E+00  0.845729E+00  0.000000E+00  0.101344E+07
  0.220790E+00  0.953185E+06  0.948206E+06  0.193135E+00  0.751220E+00  0.000000E+00  0.952410E+06
  0.228892E+00  0.900425E+06  0.895469E+06 -0.219764E+00  0.704818E+00  0.000000E+00  0.899653E+06
  0.236994E+00  0.857610E+06  0.852951E+06  0.818270E-01  0.601953E+00  0.000000E+00  0.856884E+06
  0.245097E+00  0.822675E+06  0.818479E+06  0.133723E+00  0.509050E+00  0.000000E+00  0.822022E+06
  0.253199E+00  0.791548E+06  0.787803E+06 -0.171409E+00  0.486385E+00  0.000000E+00  0.790965E+06
  0.261301E+00  0.760575E+06  0.757132E+06  0.468937E-02  0.456636E+00  0.000000E+00  0.760039E+06
  0.269404E+00  0.728184E+06  0.724858E+06 -0.659579E-01  0.383553E+00  0.000000E+00  0.727666E+06
  0.277506E+00  0.695097E+06  0.691767E+06 -0.681927E-01  0.336720E+00  0.000000E+00  0.694578E+06
  0.285608E+00  0.663312E+06  0.659963E+06 -0.112583E+00  0.327915E+00  0.000000E+00  0.662791E+06
  0.293711E+00  0.634682E+06  0.631381E+06 -0.440171E-01  0.296630E+00  0.000000E+00  0.634168E+06
  0.301813E+00  0.609904E+06  0.606743E+06 -0.841997E-01  0.248627E+00  0.000000E+00  0.609411E+06
  0.309915E+00  0.588355E+06  0.585396E+06 -0.129960E+00  0.232724E+00  0.000000E+00  0.587894E+06
  0.318018E+00  0.568652E+06  0.565896E+06 -0.357269E-01  0.230096E+00  0.000000E+00  0.568223E+06
  0.326120E+00  0.549475E+06  0.546873E+06 -0.650949E-01  0.202328E+00  0.000000E+00  0.549069E+06
  0.334222E+00  0.530171E+06  0.527658E+06 -0.458443E-01  0.173859E+00  0.000000E+00  0.529780E+06
  0.342325E+00  0.510885E+06  0.508415E+06 -0.114276E-01  0.170395E+00  0.000000E+00  0.510501E+06
  0.350427E+00  0.492252E+06  0.489811E+06  0.100685E-01  0.163965E+00  0.000000E+00  0.491872E+06
  0.358529E+00  0.474921E+06  0.472528E+06 -0.231677E-01  0.139632E+00  0.000000E+00  0.474549E+06
  0.366632E+00  0.459188E+06  0.456872E+06 -0.258613E-02  0.125534E+00  0.000000E+00  0.458827E+06
  0.374734E+00  0.444894E+06  0.442678E+06  0.652691E-02  0.127200E+00  0.000000E+00  0.444548E+06
  0.382836E+00  0.431586E+06  0.429472E+06 -0.440704E-01  0.118321E+00  0.000000E+00  0.431257E+06
  0.390939E+00  0.418787E+06  0.416760E+06 -0.130825E-01  0.100461E+00  0.000000E+00  0.418471E+06
  0.399041E+00  0.406216E+06  0.404253E+06 -0.254669E-01  0.958577E-01  0.000000E+00  0.405910E+06
  0.407143E+00  0.393859E+06  0.391942E+06 -0.358117E-01  0.970259E-01  0.000000E+00  0.393561E+06
  0.415246E+00  0.381896E+06  0.380017E+06 -0.214017E-01  0.861810E-01  0.000000E+00  0.381604E+06
  0.423348E+00  0.370541E+06  0.368703E+06 -0.187480E-01  0.745640E-01  0.000000E+00  0.370255E+06
  0.431450E+00  0.359913E+06  0.358124E+06 -0.175988E-01  0.749596E-01  0.000000E+00  0.359635E+06
  0.439553E+00  0.349982E+06  0.348249E+06 -0.179663E-01  0.739657E-01  0.000000E+00  0.349712E+06
  0.447655E+00  0.340604E+06  0.338930E+06 -0.519240E-02  0.636286E-01  0.000000E+00  0.340343E+06
  0.455757E+00  0.331610E+06  0.329990E+06 -0.130127E-01  0.578692E-01  0.000000E+00  0.331358E+06
  0.463860E+00  0.322879E+06  0.321305E+06 -0.932837E-02  0.599896E-01  0.000000E+00  0.322634E+06
  0.471962E+00  0.314379E+06  0.312842E+06 -0.404675E-02  0.565458E-01  0.000000E+00  0.314140E+06
  0.480064E+00  0.306147E+06  0.304644E+06 -0.807772E-02  0.480722E-01  0.000000E+00  0.305913E+06
  0.488166E+00  0.298247E+06  0.296777E+06 -0.781115E-02  0.464802E-01  0.000000E+00  0.298018E+06
  0.496269E+00  0.290721E+06  0.289286E+06 -0.731218E-02  0.480986E-01  0.000000E+00  0.290497E+06
  0.504371E+00  0.283564E+06  0.282167E+06 -0.698970E-02  0.431283E-01  0.000000E+00  0.283347E+06
  0.567070E+00  0.236457E+06  0.235294E+06 -0.523629E-02  0.286938E-01  0.000000E+00  0.236276E+06
  0.637563E+00  0.196767E+06  0.195801E+06 -0.387920E-02  0.197062E-01  0.000000E+00  0.196617E+06
  0.716819E+00  0.163422E+06  0.162620E+06 -0.240562E-02  0.129215E-01  0.000000E+00  0.163297E+06
  0.805928E+00  0.135488E+06  0.134823E+06 -0.769887E-03  0.845474E-02  0.000000E+00  0.135384E+06
  0.906113E+00  0.112139E+06  0.111588E+06 -0.478202E-03  0.528491E-02  0.000000E+00  0.112053E+06
  0.101875E+01  0.926682E+05  0.922134E+05 -0.319567E-03  0.294383E-02  0.000000E+00  0.925973E+05
  0.114540E+01  0.764653E+05  0.760900E+05 -0.207639E-03  0.185201E-02  0.000000E+00  0.764068E+05
  0.128778E+01  0.630062E+05  0.626969E+05 -0.135354E-03  0.142866E-02  0.000000E+00  0.629580E+05
  0.144787E+01  0.518475E+05  0.515929E+05 -0.881056E-04  0.893362E-03  0.000000E+00  0.518078E+05
  0.162785E+01  0.426106E+05  0.424014E+05 -0.572797E-04  0.450166E-03  0.000000E+00  0.425780E+05
  0.183021E+01  0.349780E+05  0.348062E+05 -0.371948E-04  0.421615E-03  0.000000E+00  0.349513E+05
  0.205773E+01  0.286798E+05  0.285388E+05 -0.241237E-04  0.283993E-03  0.000000E+00  0.286578E+05
  0.231352E+01  0.234902E+05  0.233747E+05 -0.156305E-04  0.890689E-04  0.000000E+00  0.234722E+05
  0.260112E+01  0.192201E+05  0.191255E+05 -0.101169E-04  0.858441E-04  0.000000E+00  0.192054E+05
  0.292447E+01  0.157109E+05  0.156335E+05 -0.654167E-05  0.651552E-04  0.000000E+00  0.156988E+05
  0.328801E+01  0.128305E+05  0.127671E+05 -0.422598E-05  0.649440E-04  0.000000E+00  0.128206E+05
  0.369675E+01  0.104689E+05  0.104171E+05 -0.272759E-05  0.419808E-05  0.000000E+00  0.104608E+05
  0.415629E+01  0.853480E+04  0.849250E+04 -0.175901E-05  0.495492E-05  0.000000E+00  0.852821E+04
  0.467297E+01  0.695245E+04  0.691789E+04 -0.113346E-05 -0.828738E-05  0.000000E+00  0.694706E+04
  0.525387E+01  0.565913E+04  0.563089E+04 -0.729819E-06 -0.294120E-05  0.000000E+00  0.565473E+04
  0.532207E+01  0.553210E+04  0.550448E+04  0.527055E-06  0.343517E-05  0.000000E+00  0.552780E+04
  0.702615E+01  0.338574E+04  0.336861E+04  0.185147E-06  0.745377E-06  0.000000E+00  0.338307E+04
  0.927588E+01  0.206451E+04  0.205381E+04  0.648030E-07  0.600089E-06  0.000000E+00  0.206284E+04
  0.122459E+02  0.125468E+04  0.124791E+04  0.226081E-07  0.241128E-06  0.000000E+00  0.125363E+04
  0.161670E+02  0.760206E+03  0.755825E+03  0.786493E-08 -0.390872E-08  0.000000E+00  0.759524E+03
  0.213436E+02  0.459324E+03  0.456382E+03  0.272936E-08 -0.230443E-09  0.000000E+00  0.458866E+03
