1.056032981064548126e+00 4.571492805075944366e-10 1.566047684539315314e-08 0.000000000000000000e+00 4.571492803223620209e-10 1.852324117429039221e-19 4.925037263958506300e-09 3.037173745400980147e-09
1.175443983510534363e+00 6.268505899327558031e-10 2.219939134206882087e-08 0.000000000000000000e+00 6.268505895961956574e-10 3.365601756771217566e-19 6.594905196878109575e-09 4.645594382818596381e-09
1.308357393325258133e+00 6.268505004289785702e-10 2.373031462436739000e-08 0.000000000000000000e+00 6.268505000924184244e-10 3.365601756771203122e-19 7.046406667577051628e-09 4.968695432884446342e-09
1.456299996156748877e+00 6.268503927593485250e-10 2.539619000703776076e-08 0.000000000000000000e+00 6.268503924227883792e-10 3.365601756771185307e-19 7.537446700559883861e-09 5.320504649575379462e-09
1.620971219045888478e+00 7.293495908655285018e-10 3.176788423858245973e-08 0.000000000000000000e+00 7.293495903672719171e-10 4.982565270405906062e-19 9.015944116751315498e-09 7.056975811791781065e-09
1.804262651863866251e+00 7.293494306481244581e-10 3.409888188666078639e-08 0.000000000000000000e+00 7.293494301498679769e-10 4.982565270405871396e-19 9.669342123603934900e-09 7.581918356408293219e-09
2.008279776137516404e+00 7.911983800241810103e-10 4.036675442703718700e-08 0.000000000000000000e+00 7.911983793573154451e-10 6.668656484811068995e-19 1.103545045986867304e-08 9.411711409122500993e-09
2.235366150863083323e+00 7.911981440803767073e-10 4.340817880904460928e-08 0.000000000000000000e+00 7.911981434135111421e-10 6.668656484811015069e-19 1.185271506825419660e-08 1.013389778649134862e-08
2.488130333132567262e+00 8.287867791530795662e-10 4.992340055098585790e-08 0.000000000000000000e+00 8.287867783132893090e-10 8.397901865094308917e-19 1.322015745289002016e-08 1.212498760167701479e-08
2.769475842811750965e+00 8.519033756265729414e-10 5.638067537657870472e-08 0.000000000000000000e+00 8.519033746114603058e-10 1.015112620503372175e-18 1.454638085270817923e-08 1.416011398484575242e-08
3.082634515476230241e+00 8.754455537189183581e-10 6.470034302635677067e-08 0.000000000000000000e+00 8.754455523511356139e-10 1.367782846851184783e-18 1.604703926277297706e-08 1.710917283671082818e-08
3.431203626733101864e+00 8.813080340463140695e-10 7.121975865255812070e-08 0.000000000000000000e+00 8.813080325029114721e-10 1.543402378933809367e-18 1.736213931817360800e-08 1.925616425583837717e-08
3.819187214377767425e+00 8.876542107772749124e-10 7.919703122622296320e-08 0.000000000000000000e+00 8.876542088866924110e-10 1.890582456409246058e-18 1.880505208204826202e-08 2.217209034335159849e-08
4.251042073056519932e+00 8.914654908311587240e-10 8.792469252027198436e-08 0.000000000000000000e+00 8.914654884370907191e-10 2.394068148317868425e-18 2.030610617929672219e-08 2.553918310446664798e-08
4.731728949778890581e+00 8.932912875171485093e-10 9.734446399723841156e-08 0.000000000000000000e+00 8.932912843351754614e-10 3.181972989095044714e-18 2.185141436564341854e-08 2.936697247283369497e-08
5.266769528365972342e+00 8.937346625251617088e-10 1.065277543171764969e-07 0.000000000000000000e+00 8.937346584725476687e-10 4.052614010759857456e-18 2.340042832867230380e-08 3.308263600567404437e-08
5.862309857419115922e+00 8.938401702051552874e-10 1.160614510078978850e-07 0.000000000000000000e+00 8.938401648530063838e-10 5.352149179303010249e-18 2.497707033996365981e-08 3.709094099987731468e-08
6.525190950410857837e+00 8.938493468362809353e-10 1.255023188912372111e-07 0.000000000000000000e+00 8.938493399672976484e-10 6.868983360627527880e-18 2.656968340066182789e-08 4.103463055396395243e-08
7.263027368885755841e+00 8.938471702118307984e-10 1.342463449677373925e-07 0.000000000000000000e+00 8.938471633428475115e-10 6.868983360627424650e-18 2.817876696879172841e-08 4.422571578119126332e-08
8.084294691462201143e+00 8.938444968739970675e-10 1.432663685941478648e-07 0.000000000000000000e+00 8.938444900050137806e-10 6.868983360627297539e-18 2.978881025471733443e-08 4.758780127466392789e-08
8.998426873397548320e+00 8.938412116206869090e-10 1.524838552563784576e-07 0.000000000000000000e+00 8.938412047517034153e-10 6.868983360627143464e-18 3.137531777204701286e-08 5.110708349632094626e-08
1.001592461509324039e+01 8.938371724296999412e-10 1.618079258656653772e-07 0.000000000000000000e+00 8.938371655607165510e-10 6.868983360626953182e-18 3.291093492563166378e-08 5.476632247876375979e-08
1.114847598437533449e+01 8.938321841300353495e-10 1.711297004600040802e-07 0.000000000000000000e+00 8.938321772610519592e-10 6.868983360626718219e-18 3.436327231039770712e-08 5.854389354452117217e-08
1.240909067814867583e+01 8.938260102968231270e-10 1.803310952638352277e-07 0.000000000000000000e+00 8.938260034278399436e-10 6.868983360626427018e-18 3.570142767021134899e-08 6.241155613909958586e-08
1.381224946569640366e+01 8.938183996480175139e-10 1.893082657907602855e-07 0.000000000000000000e+00 8.938183927790342270e-10 6.868983360626070336e-18 3.690123342282778837e-08 6.634171166915107511e-08
1.537407053029052229e+01 8.938090130452483363e-10 1.979173534206149570e-07 0.000000000000000000e+00 8.938090061762648426e-10 6.868983360625630454e-18 3.793094921686259394e-08 7.029331777574174889e-08
1.711249461989307719e+01 8.937974149496580133e-10 2.059904352430787325e-07 0.000000000000000000e+00 8.937974080806747264e-10 6.868983360625087341e-18 3.875652324585582377e-08 7.421501269332621640e-08
1.904749113378321468e+01 8.937830730234540325e-10 2.134033319726614377e-07 0.000000000000000000e+00 8.937830661544706422e-10 6.868983360624412496e-18 3.935950551528606869e-08 7.806004118239086538e-08
2.120128751244688203e+01 8.937653650756928546e-10 2.200695814520752483e-07 0.000000000000000000e+00 8.937653582067095678e-10 6.868983360623579723e-18 3.973596179450290539e-08 8.178618422293377216e-08
2.359862456574094125e+01 8.937434982478181908e-10 2.258664055142775155e-07 0.000000000000000000e+00 8.937434913788349039e-10 6.868983360622549736e-18 3.987666434933045524e-08 8.533639454890423367e-08
2.626704067231091244e+01 8.937164922217073147e-10 2.306484449541811702e-07 0.000000000000000000e+00 8.937164853527240278e-10 6.868983360621279393e-18 3.977139147618376614e-08 8.864054476077314313e-08
2.923718811487309566e+01 8.936831365429520588e-10 2.342644776519588730e-07 0.000000000000000000e+00 8.936831296739684617e-10 6.868983360619706293e-18 3.940860288269343591e-08 9.162479843871560307e-08
3.254318518513449021e+01 8.936419348306377309e-10 2.365481990393487193e-07 0.000000000000000000e+00 8.936419279616543406e-10 6.868983360617765726e-18 3.877314496662497859e-08 9.420857441768644835e-08
3.622300810299908846e+01 8.935910430743867252e-10 2.373243638495414168e-07 0.000000000000000000e+00 8.935910362054034383e-10 6.868983360615362936e-18 3.784485779780577115e-08 9.630774136158074097e-08
4.031892725206589034e+01 8.935279363635228862e-10 2.364071130840271443e-07 0.000000000000000000e+00 8.935279294945394959e-10 6.868983360612390841e-18 3.659780601359462627e-08 9.783646963161776216e-08
4.487799274248540371e+01 8.934497336563044548e-10 2.336968418206572780e-07 0.000000000000000000e+00 8.934497267873209612e-10 6.868983360608707692e-18 3.503749095300680302e-08 9.871674208828322681e-08
4.995257487887015913e+01 8.933530267791131454e-10 2.293526319087278234e-07 0.000000000000000000e+00 8.933530199101295484e-10 6.868983360604152483e-18 3.324756573570991299e-08 9.892404231053056326e-08
5.560096574165519456e+01 8.932334474755039030e-10 2.236809822699837487e-07 0.000000000000000000e+00 8.932334406065205127e-10 6.868983360598520293e-18 3.135932548704883906e-08 9.846043625067412290e-08
6.188804879230252709e+01 8.930855812628286428e-10 2.169573511353084356e-07 0.000000000000000000e+00 8.930855743938453559e-10 6.868983360591546886e-18 2.948396621160272712e-08 9.732991122847719161e-08
6.888604419417499969e+01 8.929026693589568329e-10 2.091758962999524055e-07 0.000000000000000000e+00 8.929026624899734427e-10 6.868983360582911787e-18 2.762604805274464643e-08 9.550014412646795596e-08
7.667533841060405564e+01 8.926760570544717614e-10 1.999452329696689210e-07 0.000000000000000000e+00 8.926760501854883711e-10 6.868983360572214401e-18 2.566257325665017812e-08 9.287076178681286674e-08
8.534540760983165342e+01 8.923958722274638478e-10 1.891255917020717229e-07 0.000000000000000000e+00 8.923958653584802508e-10 6.868983360558965544e-18 2.353443640313621987e-08 8.941200143834290907e-08
9.499584548401358575e+01 8.920495590222888943e-10 1.771835334049179663e-07 0.000000000000000000e+00 8.920495521533058142e-10 6.868983360542568947e-18 2.135878930591162513e-08 8.523484646590425799e-08
1.057375072889466310e+02 8.916216677006740190e-10 1.648074080400193147e-07 0.000000000000000000e+00 8.916216608316907321e-10 6.868983360522271957e-18 1.930740985046734172e-08 8.051606030770894827e-08
1.176937832461472624e+02 8.910932093654542431e-10 1.523670908758791433e-07 0.000000000000000000e+00 8.910932024964707494e-10 6.868983360497140882e-18 1.743282868514351987e-08 7.540105480565269978e-08
1.310020159349736844e+02 8.904409076489179853e-10 1.399048622507211007e-07 0.000000000000000000e+00 8.904409007799345950e-10 6.868983360466024787e-18 1.568413353458372449e-08 6.998795078742331631e-08
1.458150779564580262e+02 8.896362363793811812e-10 1.274485489890525727e-07 0.000000000000000000e+00 8.896362295103977910e-10 6.868983360427486159e-18 1.400890520385856045e-08 6.438365533935082832e-08
1.623031279915676635e+02 8.886444131742505350e-10 1.150621125220184091e-07 0.000000000000000000e+00 8.886444063052671447e-10 6.868983360379768548e-18 1.236043516122474669e-08 5.871317093605413038e-08
1.806555654259147161e+02 8.874231070638705319e-10 1.033709201279306093e-07 0.000000000000000000e+00 8.874231001948871416e-10 6.868983360320678706e-18 1.086368840446692798e-08 5.321975312331131465e-08
2.010832059937378347e+02 8.859170364601593830e-10 9.265712496018361219e-08 0.000000000000000000e+00 8.859170295911760962e-10 6.868983360247479502e-18 9.561888923961649711e-09 4.805182747492304235e-08
2.238207034330328042e+02 8.840623664364711342e-10 8.259486864915304456e-08 0.000000000000000000e+00 8.840623595674875371e-10 6.868983360156764349e-18 8.336705800358737639e-09 4.320367642996714922e-08
2.491292449694543905e+02 8.817869554251081690e-10 7.313920315856951677e-08 0.000000000000000000e+00 8.817869485561248821e-10 6.868983360044416382e-18 7.164439083314008301e-09 3.869633386463263901e-08
2.772995515922919481e+02 8.790015652037663350e-10 6.469444604069674355e-08 0.000000000000000000e+00 8.790015583347827379e-10 6.868983359905300299e-18 6.174616511044570179e-09 3.459986157504172523e-08
3.086552175868076802e+02 8.756010438532455589e-10 5.679665996989559519e-08 0.000000000000000000e+00 8.756010369842621686e-10 6.868983359733045895e-18 5.265102844674312629e-09 3.076238788018957756e-08
3.435564276845046834e+02 8.714612080417578681e-10 4.944304686931483338e-08 0.000000000000000000e+00 8.714612011727743745e-10 6.868983359519612798e-18 4.442679611908043381e-09 2.714458704005888791e-08
3.824040945302937757e+02 8.664382161768791450e-10 4.279092476703419073e-08 0.000000000000000000e+00 8.664382093078957548e-10 6.868983359255164898e-18 3.759788801186993354e-09 2.374257035613834928e-08
4.256444639942141634e+02 8.603662956041326377e-10 3.654689782122709578e-08 0.000000000000000000e+00 8.603662887351492474e-10 6.868983358927300747e-18 3.140309620021900690e-09 2.047573711724408344e-08
4.737742412289155709e+02 8.530753366609107551e-10 3.098329313560526753e-08 0.000000000000000000e+00 8.530753297919273648e-10 6.868983358521148315e-18 2.622893644160786216e-09 1.745766060593294721e-08
5.273462963565856398e+02 8.443759567090452120e-10 2.606370350878996276e-08 0.000000000000000000e+00 8.443759498400620285e-10 6.868983358018139324e-18 2.175796245227485831e-09 1.474452364936579587e-08
5.869760153267689020e+02 8.340718625300620902e-10 2.188402874247016928e-08 0.000000000000000000e+00 8.340718556610784931e-10 6.868983357395211921e-18 1.798926626702729650e-09 1.243226011373006190e-08
6.533483688978308237e+02 8.219682967229198776e-10 1.836478870022196546e-08 0.000000000000000000e+00 8.219682898539362806e-10 6.868983356623588089e-18 1.478999767085251857e-09 1.050716267319548353e-08
7.272257809440862957e+02 8.078836679955195025e-10 1.537408080900651970e-08 0.000000000000000000e+00 8.078836611265362156e-10 6.868983355667833798e-18 1.209582133250563641e-09 8.879054899124717772e-09
8.094568864722074295e+02 7.916613552287598712e-10 1.274825277087170385e-08 0.000000000000000000e+00 7.916613483597765843e-10 6.868983354483709668e-18 9.837566689356555139e-10 7.420954234217322166e-09
9.009862799510120794e+02 7.731839846965175459e-10 1.047105159707090862e-08 0.000000000000000000e+00 7.731839778275343624e-10 6.868983353017018489e-18 7.979731884476634689e-10 6.118030393613922831e-09
1.002865365934268880e+03 7.523849742300429926e-10 8.567060975895896870e-09 0.000000000000000000e+00 7.523849673610594989e-10 6.868983351200232536e-18 6.443165143361236481e-10 5.021935761837856626e-09
1.116264436618460877e+03 7.292710764841262524e-10 7.014130182694310506e-09 0.000000000000000000e+00 7.292710696151427587e-10 6.868983348949760285e-18 5.178437661671080692e-10 4.138528135384710373e-09
1.242486115071199492e+03 7.039526998479572410e-10 5.709705196101971586e-09 0.000000000000000000e+00 7.039526929789738507e-10 6.868983346159768034e-18 4.145103004724478683e-10 3.389197563194043090e-09
1.382980318553656389e+03 6.764872352686036346e-10 4.610396087570311093e-09 0.000000000000000000e+00 6.764872283996202443e-10 6.868983342703417889e-18 3.305123571521048288e-10 2.745505359945214973e-09
1.539360913821697523e+03 6.470092084857142828e-10 3.720656874885728812e-09 0.000000000000000000e+00 6.470092016167308926e-10 6.868983338422357578e-18 2.624739643889401302e-10 2.226863010639023771e-09
1.713424255726343517e+03 6.156882443630496384e-10 2.987121503160269154e-09 0.000000000000000000e+00 6.156882374940663516e-10 6.868983333120744679e-18 2.075823583660092745e-10 1.795851539579456405e-09
1.907169822067742189e+03 5.827239750078634429e-10 2.388846140147328567e-09 0.000000000000000000e+00 5.827239681388801560e-10 6.868983326553218798e-18 1.635871913908867458e-10 1.442154688482307039e-09
2.122823181736748211e+03 5.483649843308984968e-10 1.903735071990546497e-09 0.000000000000000000e+00 5.483649774619151065e-10 6.868983318414138705e-18 1.284928374781155283e-10 1.153922087477496888e-09
2.362861559980607581e+03 5.130349440916416814e-10 1.512426990622589224e-09 0.000000000000000000e+00 5.130349372226583945e-10 6.868983308323933652e-18 1.005716732304616672e-10 9.205287115656167053e-10
2.630042294462951304e+03 4.770762729237776161e-10 1.197431633486441680e-09 0.000000000000000000e+00 4.770762660547943292e-10 6.868983295818543885e-18 7.845876609955864895e-11 7.316064066853224210e-10
2.927434508994474982e+03 4.408637666642324742e-10 9.449219470147468193e-10 0.000000000000000000e+00 4.408637597952491357e-10 6.868983280328095209e-18 6.097220567104825275e-11 5.795303585909113866e-10
3.258454368773508122e+03 4.048097956986557579e-10 7.433614854511055353e-10 0.000000000000000000e+00 4.048097888296724194e-10 6.868983261143154379e-18 4.719528454668462397e-11 4.577297903525010282e-10
3.626904322114499791e+03 3.693227796183439832e-10 5.830334046258919255e-10 0.000000000000000000e+00 3.693227727493607480e-10 6.868983237379874397e-18 3.639346539550069989e-11 3.604606741519747692e-10
4.037016779438275080e+03 3.347830675754700169e-10 4.560352487808084599e-10 0.000000000000000000e+00 3.347830607064867817e-10 6.868983207940170127e-18 2.797159020618698633e-11 2.830814690200968260e-10
4.493502731267226409e+03 3.015293420671366018e-10 3.557443972741564280e-10 0.000000000000000000e+00 3.015293351981534183e-10 6.868983171472918512e-18 2.142178814841436129e-11 2.217367323636730344e-10
5.001605863702974602e+03 2.698557350530749706e-10 2.768173470821241782e-10 0.000000000000000000e+00 2.698557281840918388e-10 6.868983126289858607e-18 1.635555916136591009e-11 1.732556786502132861e-10
5.567162793016338583e+03 2.399897171062277505e-10 2.148722688114348880e-10 0.000000000000000000e+00 2.399897102372446704e-10 6.868983070321811341e-18 1.244165445349972175e-11 1.350639781580931165e-10
6.196670111266974345e+03 2.120999263881433798e-10 1.663886827543375192e-10 0.000000000000000000e+00 2.120999195191604031e-10 6.868983000999407440e-18 9.429175840308935356e-12 1.050579101266681889e-10
6.897359013111165041e+03 1.863162330968114863e-10 1.285112923146477954e-10 0.000000000000000000e+00 1.863162262278285614e-10 6.868982915082920738e-18 7.117825911049770872e-12 8.152357107672564816e-11
7.677278361042189317e+03 1.626836144651088270e-10 9.906346162631234362e-11 0.000000000000000000e+00 1.626836075961260054e-10 6.868982808594599468e-18 5.355601531436834771e-12 6.314841847866424407e-11
8.545387143236317570e+03 1.412141723785364605e-10 7.619526828761038998e-11 0.000000000000000000e+00 1.412141655095537682e-10 6.868982676685218579e-18 4.014330070361539038e-12 4.881909952075861403e-11
9.511657386079081334e+03 1.218728257198871807e-10 5.845888917645283314e-11 0.000000000000000000e+00 1.218728188509046693e-10 6.868982513310454942e-18 2.995610914863713955e-12 3.765921212762918616e-11
1.058718870352829254e+04 1.045932400690912239e-10 4.475917323981914025e-11 0.000000000000000000e+00 1.045932332001089064e-10 6.868982310975439702e-18 2.227271263777950811e-12 2.899768697812985118e-11
1.178433579916051713e+04 8.934494092872553111e-11 3.420575090021595578e-11 0.000000000000000000e+00 8.934493405974347208e-11 6.868982060233999551e-18 1.650906971518648582e-12 2.229011479941423311e-11
1.311685038551288017e+04 7.594322688841036915e-11 2.608651246870143434e-11 0.000000000000000000e+00 7.594322001942862032e-11 6.868981749518242738e-18 1.218958655441377152e-12 1.710338449521864074e-11
1.460003915097147365e+04 6.424021348237530123e-11 1.986485867067440184e-11 0.000000000000000000e+00 6.424020661339392721e-11 6.868981364241267537e-18 8.971828154278601304e-13 1.310670800143988724e-11
1.625093958876844590e+04 5.406675746534651497e-11 1.510207531601197818e-11 0.000000000000000000e+00 5.406675059636562563e-11 6.868980886893655964e-18 6.580060375981507301e-13 1.002999217997106730e-11
1.808851570786662342e+04 4.528502969079455534e-11 1.142771955275870696e-11 0.000000000000000000e+00 4.528502282181426700e-11 6.868980295637167431e-18 4.778686108207378003e-13 7.647612407389980436e-12
2.013387587385212828e+04 3.775054846627018104e-11 8.646664823060604162e-12 0.000000000000000000e+00 3.775054159729061648e-11 6.868979563351808640e-18 3.470622561259779162e-13 5.829297401675821800e-12
2.241051528221264743e+04 3.133905407861198367e-11 6.538879754432308735e-12 0.000000000000000000e+00 3.133904720963331738e-11 6.868978656206188054e-18 2.517554166633445745e-13 4.440788170725385716e-12
2.494458584929090648e+04 2.590881420737597088e-11 4.918450042933587008e-12 0.000000000000000000e+00 2.590880733839844196e-11 6.868977532467221857e-18 1.805287080540630431e-13 3.368843575459657214e-12
2.776519662118276028e+04 2.134232811757790842e-11 3.693131694582612221e-12 0.000000000000000000e+00 2.134232124860176567e-11 6.868976140177896158e-18 1.288904114742462399e-13 2.551999104773836137e-12
3.090474815138586200e+04 1.751835165395268388e-11 2.769319660818295735e-12 0.000000000000000000e+00 1.751834478497826982e-11 6.868974415452260473e-18 9.182940961040494029e-14 1.930595776973914119e-12
3.439930468822552211e+04 1.432676351110878504e-11 2.063340332964745370e-12 0.000000000000000000e+00 1.432675664213650517e-11 6.868972278961952188e-18 6.446450949128945751e-14 1.453153120024566079e-12
3.828900844740607135e+04 1.167290166009048045e-11 1.527743421285639233e-12 0.000000000000000000e+00 1.167289479112085014e-11 6.868969632677587800e-18 4.472849461791943809e-14 1.087864550487287709e-12
4.261854072845193878e+04 9.478892533536706331e-12 1.125330826186050058e-12 0.000000000000000000e+00 9.478885664570354044e-12 6.868966351572931390e-18 3.071494986470045403e-14 8.106794358084778610e-13
4.743763517192281142e+04 7.675411093119568348e-12 8.190952636302784965e-13 0.000000000000000000e+00 7.675404224157284109e-12 6.868962286452827692e-18 2.060394490140832339e-14 5.979471006676387919e-13
