1.056032981064548126e+00 3.856976477083562359e-10 3.686912152778687099e-08 0.000000000000000000e+00 3.856976477083562359e-10 0.000000000000000000e+00 3.686912152778687099e-08 0.000000000000000000e+00 3.686912152778687099e-08
1.175443983510534363e+00 3.761641141415533565e-10 3.931203019469409423e-08 0.000000000000000000e+00 3.761641141415533565e-10 0.000000000000000000e+00 3.931203019469409423e-08 0.000000000000000000e+00 3.931203019469409423e-08
1.308357393325258133e+00 3.659506991679020868e-10 4.199044145372084044e-08 0.000000000000000000e+00 3.659506991679020868e-10 0.000000000000000000e+00 4.199044145372084044e-08 0.000000000000000000e+00 4.199044145372084044e-08
1.456299996156748877e+00 3.569868606609284729e-10 4.491973567763705106e-08 0.000000000000000000e+00 3.569868606609284729e-10 0.000000000000000000e+00 4.491973567763705106e-08 0.000000000000000000e+00 4.491973567763705106e-08
1.620971219045888478e+00 3.484784339738294358e-10 4.811521656155872386e-08 0.000000000000000000e+00 3.484784339738294358e-10 0.000000000000000000e+00 4.811521656155872386e-08 0.000000000000000000e+00 4.811521656155872386e-08
1.804262651863866251e+00 3.333556259040761245e-10 5.159126615732513416e-08 0.000000000000000000e+00 3.333556259040761245e-10 0.000000000000000000e+00 5.159126615732513416e-08 0.000000000000000000e+00 5.159126615732513416e-08
2.008279776137516404e+00 3.014781703352595520e-10 5.536112207647035391e-08 0.000000000000000000e+00 3.014781703352595520e-10 0.000000000000000000e+00 5.536112207647035391e-08 0.000000000000000000e+00 5.536112207647035391e-08
2.235366150863083323e+00 2.519503395981930970e-10 5.943604997838766289e-08 0.000000000000000000e+00 2.519503395981930970e-10 0.000000000000000000e+00 5.943604997838766289e-08 0.000000000000000000e+00 5.943604997838766289e-08
2.488130333132567262e+00 1.978312588583083166e-10 6.382460582924946464e-08 0.000000000000000000e+00 1.978312588583083166e-10 0.000000000000000000e+00 6.382460582924946464e-08 0.000000000000000000e+00 6.382460582924946464e-08
2.769475842811750965e+00 1.556071320627787352e-10 6.853219430800869178e-08 0.000000000000000000e+00 1.556071320627787352e-10 0.000000000000000000e+00 6.853219430800869178e-08 0.000000000000000000e+00 6.853219430800869178e-08
3.082634515476230241e+00 1.256236268900060537e-10 7.355995093049401079e-08 0.000000000000000000e+00 1.256236268900060537e-10 0.000000000000000000e+00 7.355995093049401079e-08 0.000000000000000000e+00 7.355995093049401079e-08
3.431203626733101864e+00 9.760902074493037609e-11 7.890412885409915164e-08 0.000000000000000000e+00 9.760902074493037609e-11 0.000000000000000000e+00 7.890412885409915164e-08 0.000000000000000000e+00 7.890412885409915164e-08
3.819187214377767425e+00 5.845212410166975200e-11 8.455409542818401342e-08 0.000000000000000000e+00 5.845212410166975200e-11 0.000000000000000000e+00 8.455409542818401342e-08 0.000000000000000000e+00 8.455409542818401342e-08
4.251042073056519932e+00 1.809748558835793265e-12 9.049052159720961456e-08 0.000000000000000000e+00 1.809748558835793265e-12 0.000000000000000000e+00 9.049052159720961456e-08 0.000000000000000000e+00 9.049052159720961456e-08
4.731728949778890581e+00 -6.804571741659400877e-11 9.668530650440409020e-08 0.000000000000000000e+00 -6.804571741659400877e-11 0.000000000000000000e+00 9.668530650440409020e-08 0.000000000000000000e+00 9.668530650440409020e-08
5.266769528365972342e+00 -1.382675793979769453e-10 1.030989259298277393e-07 0.000000000000000000e+00 -1.382675793979769453e-10 0.000000000000000000e+00 1.030989259298277393e-07 0.000000000000000000e+00 1.030989259298277393e-07
5.862309857419115922e+00 -2.028539854363215874e-10 1.096812178416058294e-07 0.000000000000000000e+00 -2.028539854363215874e-10 0.000000000000000000e+00 1.096812178416058294e-07 0.000000000000000000e+00 1.096812178416058294e-07
6.525190950410857837e+00 -2.722631099346704100e-10 1.163675546630649584e-07 0.000000000000000000e+00 -2.722631099346704100e-10 0.000000000000000000e+00 1.163675546630649584e-07 0.000000000000000000e+00 1.163675546630649584e-07
7.263027368885755841e+00 -3.528803069274498270e-10 1.230787627210285610e-07 0.000000000000000000e+00 -3.528803069274498270e-10 0.000000000000000000e+00 1.230787627210285610e-07 0.000000000000000000e+00 1.230787627210285610e-07
8.084294691462201143e+00 -4.394823960735342150e-10 1.297214990900452777e-07 0.000000000000000000e+00 -4.394823960735342150e-10 0.000000000000000000e+00 1.297214990900452777e-07 0.000000000000000000e+00 1.297214990900452777e-07
8.998426873397548320e+00 -5.268097366601567853e-10 1.361876942473749697e-07 0.000000000000000000e+00 -5.268097366601567853e-10 0.000000000000000000e+00 1.361876942473749697e-07 0.000000000000000000e+00 1.361876942473749697e-07
1.001592461509324039e+01 -6.153685772122967987e-10 1.423622847542392826e-07 0.000000000000000000e+00 -6.153685772122967987e-10 0.000000000000000000e+00 1.423622847542392826e-07 0.000000000000000000e+00 1.423622847542392826e-07
1.114847598437533449e+01 -7.048704542823227224e-10 1.481244680743043378e-07 0.000000000000000000e+00 -7.048704542823227224e-10 0.000000000000000000e+00 1.481244680743043378e-07 0.000000000000000000e+00 1.481244680743043378e-07
1.240909067814867583e+01 -7.925436355261022714e-10 1.533553907781119387e-07 0.000000000000000000e+00 -7.925436355261022714e-10 0.000000000000000000e+00 1.533553907781119387e-07 0.000000000000000000e+00 1.533553907781119387e-07
1.381224946569640366e+01 -8.751559653016155091e-10 1.579521596887891981e-07 0.000000000000000000e+00 -8.751559653016155091e-10 0.000000000000000000e+00 1.579521596887891981e-07 0.000000000000000000e+00 1.579521596887891981e-07
1.537407053029052229e+01 -9.497616721882782183e-10 1.618287279982761874e-07 0.000000000000000000e+00 -9.497616721882782183e-10 0.000000000000000000e+00 1.618287279982761874e-07 0.000000000000000000e+00 1.618287279982761874e-07
1.711249461989307719e+01 -1.014350265022591501e-09 1.649465053465457747e-07 0.000000000000000000e+00 -1.014350265022591501e-09 0.000000000000000000e+00 1.649465053465457747e-07 0.000000000000000000e+00 1.649465053465457747e-07
1.904749113378321468e+01 -1.067555352900247583e-09 1.673017210243579596e-07 0.000000000000000000e+00 -1.067555352900247583e-09 0.000000000000000000e+00 1.673017210243579596e-07 0.000000000000000000e+00 1.673017210243579596e-07
2.120128751244688203e+01 -1.109464858001631678e-09 1.689155987424857083e-07 0.000000000000000000e+00 -1.109464858001631678e-09 0.000000000000000000e+00 1.689155987424857083e-07 0.000000000000000000e+00 1.689155987424857083e-07
2.359862456574094125e+01 -1.142043904277054321e-09 1.698441160845531508e-07 0.000000000000000000e+00 -1.142043904277054321e-09 0.000000000000000000e+00 1.698441160845531508e-07 0.000000000000000000e+00 1.698441160845531508e-07
2.626704067231091244e+01 -1.167285490314619778e-09 1.700985822683127332e-07 0.000000000000000000e+00 -1.167285490314619778e-09 0.000000000000000000e+00 1.700985822683127332e-07 0.000000000000000000e+00 1.700985822683127332e-07
2.923718811487309566e+01 -1.186857534196012761e-09 1.696459963358576903e-07 0.000000000000000000e+00 -1.186857534196012761e-09 0.000000000000000000e+00 1.696459963358576903e-07 0.000000000000000000e+00 1.696459963358576903e-07
3.254318518513449021e+01 -1.198419528738898904e-09 1.683566821697290588e-07 0.000000000000000000e+00 -1.198419528738898904e-09 0.000000000000000000e+00 1.683566821697290588e-07 0.000000000000000000e+00 1.683566821697290588e-07
3.622300810299908846e+01 -1.192892950002608630e-09 1.659910348310787490e-07 0.000000000000000000e+00 -1.192892950002608630e-09 0.000000000000000000e+00 1.659910348310787490e-07 0.000000000000000000e+00 1.659910348310787490e-07
4.031892725206589034e+01 -1.155034601943484951e-09 1.622412163301837589e-07 0.000000000000000000e+00 -1.155034601943484951e-09 0.000000000000000000e+00 1.622412163301837589e-07 0.000000000000000000e+00 1.622412163301837589e-07
4.487799274248540371e+01 -1.072013212341836753e-09 1.569582165501496837e-07 0.000000000000000000e+00 -1.072013212341836753e-09 0.000000000000000000e+00 1.569582165501496837e-07 0.000000000000000000e+00 1.569582165501496837e-07
4.995257487887015913e+01 -9.479971724476235463e-10 1.503668616350038827e-07 0.000000000000000000e+00 -9.479971724476235463e-10 0.000000000000000000e+00 1.503668616350038827e-07 0.000000000000000000e+00 1.503668616350038827e-07
5.560096574165519456e+01 -8.026609549296137662e-10 1.430950176298290370e-07 0.000000000000000000e+00 -8.026609549296137662e-10 0.000000000000000000e+00 1.430950176298290370e-07 0.000000000000000000e+00 1.430950176298290370e-07
6.188804879230252709e+01 -6.711524743762507760e-10 1.357778603697297044e-07 0.000000000000000000e+00 -6.711524743762507760e-10 0.000000000000000000e+00 1.357778603697297044e-07 0.000000000000000000e+00 1.357778603697297044e-07
6.888604419417499969e+01 -5.572540506811290154e-10 1.284210092126586214e-07 0.000000000000000000e+00 -5.572540506811290154e-10 0.000000000000000000e+00 1.284210092126586214e-07 0.000000000000000000e+00 1.284210092126586214e-07
7.667533841060405564e+01 -4.211008396031960241e-10 1.203768723123948619e-07 0.000000000000000000e+00 -4.211008396031960241e-10 0.000000000000000000e+00 1.203768723123948619e-07 0.000000000000000000e+00 1.203768723123948619e-07
8.534540760983165342e+01 -2.281156124553837198e-10 1.112284083681104532e-07 0.000000000000000000e+00 -2.281156124553837198e-10 0.000000000000000000e+00 1.112284083681104532e-07 0.000000000000000000e+00 1.112284083681104532e-07
9.499584548401358575e+01 -8.118578191096467092e-12 1.017279475842242621e-07 0.000000000000000000e+00 -8.118578191096467092e-12 0.000000000000000000e+00 1.017279475842242621e-07 0.000000000000000000e+00 1.017279475842242621e-07
1.057375072889466310e+02 1.888488887548775860e-10 9.278027171127595065e-08 0.000000000000000000e+00 1.888488887548775860e-10 0.000000000000000000e+00 9.278027171127595065e-08 0.000000000000000000e+00 9.278027171127595065e-08
1.176937832461472624e+02 3.760576793985232140e-10 8.426650262054900578e-08 0.000000000000000000e+00 3.760576793985232140e-10 0.000000000000000000e+00 8.426650262054900578e-08 0.000000000000000000e+00 8.426650262054900578e-08
1.310020159349736844e+02 5.638800854991544758e-10 7.609609638260781250e-08 0.000000000000000000e+00 5.638800854991544758e-10 0.000000000000000000e+00 7.609609638260781250e-08 0.000000000000000000e+00 7.609609638260781250e-08
1.458150779564580262e+02 7.455970692833030756e-10 6.837458891088341860e-08 0.000000000000000000e+00 7.455970692833030756e-10 0.000000000000000000e+00 6.837458891088341860e-08 0.000000000000000000e+00 6.837458891088341860e-08
1.623031279915676635e+02 9.609987441260210069e-10 6.074106757947769148e-08 0.000000000000000000e+00 9.609987441260210069e-10 0.000000000000000000e+00 6.074106757947769148e-08 0.000000000000000000e+00 6.074106757947769148e-08
1.806555654259147161e+02 1.155275410856385041e-09 5.387923729990312073e-08 0.000000000000000000e+00 1.155275410856385041e-09 0.000000000000000000e+00 5.387923729990312073e-08 0.000000000000000000e+00 5.387923729990312073e-08
2.010832059937378347e+02 1.305729856310050266e-09 4.792173649553975044e-08 0.000000000000000000e+00 1.305729856310050266e-09 0.000000000000000000e+00 4.792173649553975044e-08 0.000000000000000000e+00 4.792173649553975044e-08
2.238207034330328042e+02 1.468792565628544358e-09 4.216940833592757221e-08 0.000000000000000000e+00 1.468792565628544358e-09 0.000000000000000000e+00 4.216940833592757221e-08 0.000000000000000000e+00 4.216940833592757221e-08
2.491292449694543905e+02 1.640402699966770163e-09 3.667443877615965117e-08 0.000000000000000000e+00 1.640402699966770163e-09 0.000000000000000000e+00 3.667443877615965117e-08 0.000000000000000000e+00 3.667443877615965117e-08
2.772995515922919481e+02 1.755807753119066961e-09 3.194616019406878589e-08 0.000000000000000000e+00 1.755807753119066961e-09 0.000000000000000000e+00 3.194616019406878589e-08 0.000000000000000000e+00 3.194616019406878589e-08
3.086552175868076802e+02 1.865472740425047146e-09 2.747105470993710021e-08 0.000000000000000000e+00 1.865472740425047146e-09 0.000000000000000000e+00 2.747105470993710021e-08 0.000000000000000000e+00 2.747105470993710021e-08
3.435564276845046834e+02 1.963570993492142863e-09 2.332495521249396530e-08 0.000000000000000000e+00 1.963570993492142863e-09 0.000000000000000000e+00 2.332495521249396530e-08 0.000000000000000000e+00 2.332495521249396530e-08
3.824040945302937757e+02 2.021661590610866757e-09 1.977110654450569982e-08 0.000000000000000000e+00 2.021661590610866757e-09 0.000000000000000000e+00 1.977110654450569982e-08 0.000000000000000000e+00 1.977110654450569982e-08
4.256444639942141634e+02 2.067618254356642207e-09 1.660684063840261091e-08 0.000000000000000000e+00 2.067618254356642207e-09 0.000000000000000000e+00 1.660684063840261091e-08 0.000000000000000000e+00 1.660684063840261091e-08
4.737742412289155709e+02 2.092807916241300987e-09 1.392729676472299669e-08 0.000000000000000000e+00 2.092807916241300987e-09 0.000000000000000000e+00 1.392729676472299669e-08 0.000000000000000000e+00 1.392729676472299669e-08
5.273462963565856398e+02 2.095977789176469645e-09 1.167171606248031732e-08 0.000000000000000000e+00 2.095977789176469645e-09 0.000000000000000000e+00 1.167171606248031732e-08 0.000000000000000000e+00 1.167171606248031732e-08
5.869760153267689020e+02 2.085376583214665144e-09 9.719017309875457637e-09 0.000000000000000000e+00 2.085376583214665144e-09 0.000000000000000000e+00 9.719017309875457637e-09 0.000000000000000000e+00 9.719017309875457637e-09
6.533483688978308237e+02 2.054850523720634441e-09 8.038404306337084025e-09 0.000000000000000000e+00 2.054850523720634441e-09 0.000000000000000000e+00 8.038404306337084025e-09 0.000000000000000000e+00 8.038404306337084025e-09
7.272257809440862957e+02 2.007809633451810348e-09 6.596155456436167334e-09 0.000000000000000000e+00 2.007809633451810348e-09 0.000000000000000000e+00 6.596155456436167334e-09 0.000000000000000000e+00 6.596155456436167334e-09
8.094568864722074295e+02 1.946887163248241743e-09 5.390879229681269094e-09 0.000000000000000000e+00 1.946887163248241743e-09 0.000000000000000000e+00 5.390879229681269094e-09 0.000000000000000000e+00 5.390879229681269094e-09
9.009862799510120794e+02 1.874401107760600648e-09 4.404032208409837360e-09 0.000000000000000000e+00 1.874401107760600648e-09 0.000000000000000000e+00 4.404032208409837360e-09 0.000000000000000000e+00 4.404032208409837360e-09
1.002865365934268880e+03 1.793149512580199303e-09 3.575672405773255241e-09 0.000000000000000000e+00 1.793149512580199303e-09 0.000000000000000000e+00 3.575672405773255241e-09 0.000000000000000000e+00 3.575672405773255241e-09
1.116264436618460877e+03 1.702293185057535730e-09 2.886198584901545680e-09 0.000000000000000000e+00 1.702293185057535730e-09 0.000000000000000000e+00 2.886198584901545680e-09 0.000000000000000000e+00 2.886198584901545680e-09
1.242486115071199492e+03 1.605918711155517151e-09 2.324632642588816657e-09 0.000000000000000000e+00 1.605918711155517151e-09 0.000000000000000000e+00 2.324632642588816657e-09 0.000000000000000000e+00 2.324632642588816657e-09
1.382980318553656389e+03 1.505667362467135927e-09 1.865359346308500608e-09 0.000000000000000000e+00 1.505667362467135927e-09 0.000000000000000000e+00 1.865359346308500608e-09 0.000000000000000000e+00 1.865359346308500608e-09
1.539360913821697523e+03 1.402573860255311030e-09 1.490154164371559158e-09 0.000000000000000000e+00 1.402573860255311030e-09 0.000000000000000000e+00 1.490154164371559158e-09 0.000000000000000000e+00 1.490154164371559158e-09
1.713424255726343517e+03 1.299092839866438604e-09 1.187213494008087232e-09 0.000000000000000000e+00 1.299092839866438604e-09 0.000000000000000000e+00 1.187213494008087232e-09 0.000000000000000000e+00 1.187213494008087232e-09
1.907169822067742189e+03 1.196003388291916507e-09 9.423525297400552435e-10 0.000000000000000000e+00 1.196003388291916507e-09 0.000000000000000000e+00 9.423525297400552435e-10 0.000000000000000000e+00 9.423525297400552435e-10
2.122823181736748211e+03 1.094874123870469194e-09 7.458692072357754192e-10 0.000000000000000000e+00 1.094874123870469194e-09 0.000000000000000000e+00 7.458692072357754192e-10 0.000000000000000000e+00 7.458692072357754192e-10
2.362861559980607581e+03 9.966256125570479046e-10 5.885327607547988186e-10 0.000000000000000000e+00 9.966256125570479046e-10 0.000000000000000000e+00 5.885327607547988186e-10 0.000000000000000000e+00 5.885327607547988186e-10
2.630042294462951304e+03 9.021263408448507391e-10 4.630893463194042365e-10 0.000000000000000000e+00 9.021263408448507391e-10 0.000000000000000000e+00 4.630893463194042365e-10 0.000000000000000000e+00 4.630893463194042365e-10
2.927434508994474982e+03 8.121026067086599877e-10 3.634037379066471162e-10 0.000000000000000000e+00 8.121026067086599877e-10 0.000000000000000000e+00 3.634037379066471162e-10 0.000000000000000000e+00 3.634037379066471162e-10
3.258454368773508122e+03 7.270927224013691531e-10 2.844419672997497362e-10 0.000000000000000000e+00 7.270927224013691531e-10 0.000000000000000000e+00 2.844419672997497362e-10 0.000000000000000000e+00 2.844419672997497362e-10
3.626904322114499791e+03 6.474935005364753105e-10 2.220921574556560886e-10 0.000000000000000000e+00 6.474935005364753105e-10 0.000000000000000000e+00 2.220921574556560886e-10 0.000000000000000000e+00 2.220921574556560886e-10
4.037016779438275080e+03 5.735629005465888787e-10 1.730047511219234557e-10 0.000000000000000000e+00 5.735629005465888787e-10 0.000000000000000000e+00 1.730047511219234557e-10 0.000000000000000000e+00 1.730047511219234557e-10
4.493502731267226409e+03 5.054227414316661125e-10 1.344662499901546335e-10 0.000000000000000000e+00 5.054227414316661125e-10 0.000000000000000000e+00 1.344662499901546335e-10 0.000000000000000000e+00 1.344662499901546335e-10
5.001605863702974602e+03 4.430900394514337626e-10 1.042903952090400805e-10 0.000000000000000000e+00 4.430900394514337626e-10 0.000000000000000000e+00 1.042903952090400805e-10 0.000000000000000000e+00 1.042903952090400805e-10
5.567162793016338583e+03 3.864746044381958851e-10 8.072213543977844859e-11 0.000000000000000000e+00 3.864746044381958851e-10 0.000000000000000000e+00 8.072213543977844859e-11 0.000000000000000000e+00 8.072213543977844859e-11
6.196670111266974345e+03 3.354120039282166219e-10 6.235882590024651519e-11 0.000000000000000000e+00 3.354120039282166219e-10 0.000000000000000000e+00 6.235882590024651519e-11 0.000000000000000000e+00 6.235882590024651519e-11
6.897359013111165041e+03 2.896652082752465907e-10 4.808375171043834193e-11 0.000000000000000000e+00 2.896652082752465907e-10 0.000000000000000000e+00 4.808375171043834193e-11 0.000000000000000000e+00 4.808375171043834193e-11
7.677278361042189317e+03 2.489476819567787758e-10 3.701091380914359071e-11 0.000000000000000000e+00 2.489476819567787758e-10 0.000000000000000000e+00 3.701091380914359071e-11 0.000000000000000000e+00 3.701091380914359071e-11
8.545387143236317570e+03 2.129358773647070937e-10 2.843979446652051912e-11 0.000000000000000000e+00 2.129358773647070937e-10 0.000000000000000000e+00 2.843979446652051912e-11 0.000000000000000000e+00 2.843979446652051912e-11
9.511657386079081334e+03 1.812845715852423569e-10 2.181830280035024439e-11 0.000000000000000000e+00 1.812845715852423569e-10 0.000000000000000000e+00 2.181830280035024439e-11 0.000000000000000000e+00 2.181830280035024439e-11
1.058718870352829254e+04 1.500507043411796464e-10 1.663736210178564960e-11 0.000000000000000000e+00 1.500507043411796464e-10 0.000000000000000000e+00 1.663736210178564960e-11 0.000000000000000000e+00 1.663736210178564960e-11
1.178433579916051713e+04 1.267878914215049124e-10 1.272611044972609784e-11 0.000000000000000000e+00 1.267878914215049124e-10 0.000000000000000000e+00 1.272611044972609784e-11 0.000000000000000000e+00 1.272611044972609784e-11
1.311685038551288017e+04 1.066391994137722497e-10 9.720479101504100395e-12 0.000000000000000000e+00 1.066391994137722497e-10 0.000000000000000000e+00 9.720479101504100395e-12 0.000000000000000000e+00 9.720479101504100395e-12
1.460003915097147365e+04 8.928892905016892250e-11 7.414562358702061624e-12 0.000000000000000000e+00 8.928892905016892250e-11 0.000000000000000000e+00 7.414562358702061624e-12 0.000000000000000000e+00 7.414562358702061624e-12
1.625093958876844590e+04 7.443372081704090055e-11 5.648251443433098661e-12 0.000000000000000000e+00 7.443372081704090055e-11 0.000000000000000000e+00 5.648251443433098661e-12 0.000000000000000000e+00 5.648251443433098661e-12
1.808851570786662342e+04 5.840518036428785189e-11 4.216086878103428051e-12 0.000000000000000000e+00 5.840518036428785189e-11 0.000000000000000000e+00 4.216086878103428051e-12 0.000000000000000000e+00 4.216086878103428051e-12
2.013387587385212828e+04 4.841248088521314957e-11 3.204457486620410168e-12 0.000000000000000000e+00 4.841248088521314957e-11 0.000000000000000000e+00 3.204457486620410168e-12 0.000000000000000000e+00 3.204457486620410168e-12
2.241051528221264743e+04 3.995395029485242676e-11 2.432706454756759881e-12 0.000000000000000000e+00 3.995395029485242676e-11 0.000000000000000000e+00 2.432706454756759881e-12 0.000000000000000000e+00 2.432706454756759881e-12
2.494458584929090648e+04 3.283476824957404323e-11 1.844756556579885261e-12 0.000000000000000000e+00 3.283476824957404323e-11 0.000000000000000000e+00 1.844756556579885261e-12 0.000000000000000000e+00 1.844756556579885261e-12
2.776519662118276028e+04 2.473150211621515954e-11 1.344736123467537417e-12 0.000000000000000000e+00 2.473150211621515954e-11 0.000000000000000000e+00 1.344736123467537417e-12 0.000000000000000000e+00 1.344736123467537417e-12
3.090474815138586200e+04 2.022457188653320722e-11 1.017833929347574623e-12 0.000000000000000000e+00 2.022457188653320722e-11 0.000000000000000000e+00 1.017833929347574623e-12 0.000000000000000000e+00 1.017833929347574623e-12
3.439930468822552211e+04 1.478204293107758875e-11 7.261259074263795897e-13 0.000000000000000000e+00 1.478204293107758875e-11 0.000000000000000000e+00 7.261259074263795897e-13 0.000000000000000000e+00 7.261259074263795897e-13
3.828900844740607135e+04 1.055951100898815976e-11 5.085081864951221551e-13 0.000000000000000000e+00 1.055951100898815976e-11 0.000000000000000000e+00 5.085081864951221551e-13 0.000000000000000000e+00 5.085081864951221551e-13
4.261854072845193878e+04 8.594463038031361207e-12 3.839883024535132090e-13 0.000000000000000000e+00 8.594463038031361207e-12 0.000000000000000000e+00 3.839883024535132090e-13 0.000000000000000000e+00 3.839883024535132090e-13
4.743763517192281142e+04 6.029367884782590294e-12 2.645251443740312422e-13 0.000000000000000000e+00 6.029367884782590294e-12 0.000000000000000000e+00 2.645251443740312422e-13 0.000000000000000000e+00 2.645251443740312422e-13
