1.056032981064548126e+00 1.264013405731308499e-10 3.922482621142179232e-09 1.495183293812176140e-05 1.264013405097909679e-10 6.333987208750187737e-20 1.109991446177082081e-09 8.603040704991232131e-10 3.969569375216442334e-09
1.175443983510534363e+00 3.795740818053442701e-10 1.240327725509871995e-08 1.495183293812176140e-05 3.795740815075669010e-10 2.977773537566563849e-19 3.117497095135907452e-09 3.097509077767995417e-09 1.256249741549363880e-08
1.308357393325258133e+00 3.795740610339528683e-10 1.329925830115676589e-08 1.495183293812176140e-05 3.795740607361753958e-10 2.977773537566557109e-19 3.342269610322487113e-09 3.321660491146602398e-09 1.346999091780209105e-08
1.456299996156748877e+00 3.795740353808526145e-10 1.427846753429773947e-08 1.495183293812176140e-05 3.795740350830751937e-10 2.977773537566547960e-19 3.587827554342851297e-09 3.566723361089172639e-09 1.446178442711750321e-08
1.620971219045888478e+00 7.500718004329259952e-10 3.187068214131596518e-08 1.495183293812176140e-05 7.500717995282277025e-10 9.046983151291694396e-19 7.139066509682048112e-09 8.909962434245631032e-09 3.230382896089328064e-08
1.804262651863866251e+00 7.500717519118826249e-10 3.436597565537118266e-08 1.495183293812176140e-05 7.500717510071842288e-10 9.046983151291663582e-19 7.696118834611345853e-09 9.609505038251224453e-09 3.483308582672101340e-08
2.008279776137516404e+00 1.129186726048810729e-09 6.018532255461108393e-08 1.495183293812176140e-05 1.129186724070840525e-09 1.977970245833225983e-18 1.219796506144372354e-08 1.839614694364370705e-08 6.104261988717768374e-08
2.235366150863083323e+00 1.129186642793442106e-09 6.509031610143062445e-08 1.495183293812176140e-05 1.129186640815471902e-09 1.977970245833216739e-18 1.318694118005897699e-08 1.990114048811654873e-08 6.601762763414717674e-08
2.488130333132567262e+00 1.484289601013579897e-09 1.011889555007768924e-07 1.495183293812176140e-05 1.484289597339030411e-09 3.674549421993685525e-18 1.868547919773989320e-08 3.339550474465209224e-08 1.026878665465263203e-07
2.769475842811750965e+00 1.787344192835100343e-09 1.447856981922080016e-07 1.495183293812176140e-05 1.787344186773723060e-09 6.061377414563852715e-18 2.456475930593332647e-08 5.100339692767134808e-08 1.470062263827512252e-07
3.082634515476230241e+00 2.161432316749251377e-09 2.219062256924104684e-07 1.495183293812176140e-05 2.161432304792057424e-09 1.195719404959455850e-17 3.305453179241096215e-08 8.582900855940264380e-08 2.254680724226169387e-07
3.431203626733101864e+00 2.263291656010836193e-09 2.684895188690200590e-07 1.495183293812176140e-05 2.263291640885262561e-09 1.512557389007518437e-17 3.804995204050924268e-08 1.074450542628150313e-07 2.728821046194130669e-07
3.819187214377767425e+00 2.350407037159228099e-09 3.265972038273611279e-07 1.495183293812176140e-05 2.350407017247064251e-09 1.991216316351770367e-17 4.359352241037619968e-08 1.361111776716204183e-07 3.320513053392130127e-07
4.251042073056519932e+00 2.366229050806459442e-09 3.660499733816802261e-07 1.495183293812176140e-05 2.366229028975496721e-09 2.183096275558428442e-17 4.792341987753935131e-08 1.545757690809563152e-07 3.721934075261600556e-07
4.731728949778890581e+00 2.366769898790873347e-09 3.990631957308427088e-07 1.495183293812176140e-05 2.366769876793328031e-09 2.199754546794423227e-17 5.210276243568003582e-08 1.687907854258136602e-07 4.057663407725073070e-07
5.266769528365972342e+00 2.366769553854781542e-09 4.342341834640894291e-07 1.495183293812176140e-05 2.366769531857079062e-09 2.199770210853537241e-17 5.659648845758398929e-08 1.838232708734854862e-07 4.415315128687025276e-07
5.862309857419115922e+00 2.366768967609629440e-09 4.723131180964287256e-07 1.495183293812176140e-05 2.366768945611927374e-09 2.199770210853513514e-17 6.144026803437853184e-08 2.001332336727094450e-07 4.802545092380537663e-07
6.525190950410857837e+00 2.366768243140808616e-09 5.133694364532485107e-07 1.495183293812176140e-05 2.366768221143106963e-09 2.199770210853484548e-17 6.663465273677867441e-08 2.177633373860220779e-07 5.220062255080414330e-07
7.263027368885755841e+00 2.366767352529973334e-09 5.574967979148059433e-07 1.495183293812176140e-05 2.366767330532271268e-09 2.199770210853450035e-17 7.218812070040306993e-08 2.367593998414495981e-07 5.668820239699832049e-07
8.084294691462201143e+00 2.366766257966824355e-09 6.047359357557946067e-07 1.495183293812176140e-05 2.366766235969122702e-09 2.199770210853404429e-17 7.809748658096560867e-08 2.571531192732496340e-07 6.149236305660333560e-07
8.998426873397548320e+00 2.366764910612087553e-09 6.550179384744851289e-07 1.495183293812176140e-05 2.366764888614385073e-09 2.199770210853348654e-17 8.434460179363949792e-08 2.789310090249238164e-07 6.660613087767900964e-07
1.001592461509324039e+01 2.366763250819169374e-09 7.082437490422103401e-07 1.495183293812176140e-05 2.366763228821466894e-09 2.199770210853282402e-17 9.090634200364012743e-08 3.020681341824154919e-07 7.201946902043207698e-07
1.114847598437533449e+01 2.366761207052975111e-09 7.642840838116430635e-07 1.495183293812176140e-05 2.366761185055273045e-09 2.199770210853199818e-17 9.775654103975139757e-08 3.265246943491612967e-07 7.771926386944033544e-07
1.240909067814867583e+01 2.366758688695707772e-09 8.228390297087779000e-07 1.495183293812176140e-05 2.366758666698005706e-09 2.199770210853097513e-17 1.048459599051082473e-07 3.521908920875695340e-07 8.367505734290856482e-07
1.381224946569640366e+01 2.366755586388287706e-09 8.835911930447940927e-07 1.495183293812176140e-05 2.366755564390585640e-09 2.199770210852971172e-17 1.121196680379931740e-07 3.789552698640102311e-07 8.985462435288563358e-07
1.537407053029052229e+01 2.366751757526121891e-09 9.460075304084214189e-07 1.495183293812176140e-05 2.366751735528418997e-09 2.199770210852816173e-17 1.194924244223240879e-07 4.066191385003193008e-07 9.620382143912006682e-07
1.711249461989307719e+01 2.366747014786079058e-09 1.009401063554710618e-06 1.495183293812176140e-05 2.366746992788377406e-09 2.199770210852626661e-17 1.268571983592626314e-07 4.349208996174323963e-07 1.026528580409291990e-06
1.904749113378321468e+01 2.366741147846255769e-09 1.072918092209880274e-06 1.495183293812176140e-05 2.366741125848553703e-09 2.199770210852391852e-17 1.341007995731439732e-07 4.635033899703780435e-07 1.091149361858884670e-06
2.120128751244688203e+01 2.366733902665626082e-09 1.135671970555832923e-06 1.495183293812176140e-05 2.366733880667924016e-09 2.199770210852098186e-17 1.410977632938405183e-07 4.920107712009046882e-07 1.154999390721555250e-06
2.359862456574094125e+01 2.366724954247194628e-09 1.196518618489306038e-06 1.495183293812176140e-05 2.366724932249492562e-09 2.199770210851736111e-17 1.476920930229434919e-07 5.199734635183075921e-07 1.216915637214813931e-06
2.626704067231091244e+01 2.366713893075310846e-09 1.253977025777255820e-06 1.495183293812176140e-05 2.366713871077609607e-09 2.199770210851291144e-17 1.536892074040321785e-07 5.467729632447688776e-07 1.275392332382720643e-06
2.923718811487309566e+01 2.366700218388129237e-09 1.306470515537816993e-06 1.495183293812176140e-05 2.366700196390427171e-09 2.199770210850737709e-17 1.588911062919890691e-07 5.717348734377010394e-07 1.328826078912330964e-06
3.254318518513449021e+01 2.366683302866399774e-09 1.352278247250010592e-06 1.495183293812176140e-05 2.366683280868698122e-09 2.199770210850056084e-17 1.630874963393448335e-07 5.941145332881105774e-07 1.375466682010434442e-06
3.622300810299908846e+01 2.366662393325873079e-09 1.389608610277715740e-06 1.495183293812176140e-05 2.366662371328170600e-09 2.199770210849210832e-17 1.660834566171419904e-07 6.130942314864095582e-07 1.413491056467179598e-06
4.031892725206589034e+01 2.366636537505746776e-09 1.416663951784695683e-06 1.495183293812176140e-05 2.366636515508044710e-09 2.199770210848167132e-17 1.676859697502969442e-07 6.278532879125036305e-07 1.441069995303283701e-06
4.487799274248540371e+01 2.366604561671470755e-09 1.431429461974585102e-06 1.495183293812176140e-05 2.366604539673768689e-09 2.199770210846872599e-17 1.677040578306421441e-07 6.374269611689310847e-07 1.456152367632092232e-06
4.995257487887015913e+01 2.366565029773598614e-09 1.432430905746987580e-06 1.495183293812176140e-05 2.366565007775896548e-09 2.199770210845271150e-17 1.660256067158911844e-07 6.410635364897021061e-07 1.457236336134521420e-06
5.560096574165519456e+01 2.366516157325236287e-09 1.418348573324543589e-06 1.495183293812176140e-05 2.366516135327534221e-09 2.199770210843291602e-17 1.625773281053641348e-07 6.380416387843244782e-07 1.442976489546544135e-06
6.188804879230252709e+01 2.366455669348486969e-09 1.388469232763318893e-06 1.495183293812176140e-05 2.366455647350784489e-09 2.199770210840841511e-17 1.573826250744952673e-07 6.278592816882734009e-07 1.412643351830319778e-06
6.888604419417499969e+01 2.366380672038277810e-09 1.342833769968830860e-06 1.495183293812176140e-05 2.366380650040575744e-09 2.199770210837809635e-17 1.505615776758650547e-07 6.103251288563027652e-07 1.366274161922664437e-06
7.667533841060405564e+01 2.366287669164766645e-09 1.282151184996633508e-06 1.495183293812176140e-05 2.366287647167064579e-09 2.199770210834054842e-17 1.422929166444316680e-07 5.855622413610128405e-07 1.304586333922423588e-06
8.534540760983165342e+01 2.366172563004672920e-09 1.208389781865295649e-06 1.495183293812176140e-05 2.366172541006970440e-09 2.199770210829402720e-17 1.328842091163300270e-07 5.542796588137193939e-07 1.229578938633934799e-06
9.499584548401358575e+01 2.366030122532968963e-09 1.124893864805661526e-06 1.495183293812176140e-05 2.366030100535266897e-09 2.199770210823646500e-17 1.227747125900185872e-07 5.178529829571966355e-07 1.144651984711739888e-06
1.057375072889466310e+02 2.365853877374297508e-09 1.035845672352807829e-06 1.495183293812176140e-05 2.365853855376595441e-09 2.199770210816522408e-17 1.124587113830040775e-07 4.781078446744000080e-07 1.054059442920698388e-06
1.176937832461472624e+02 2.365635742948420110e-09 9.460219808892953709e-07 1.495183293812176140e-05 2.365635720950718043e-09 2.199770210807700417e-17 1.024219226274198270e-07 4.372737969982081614e-07 9.626630660569322312e-07
1.310020159349736844e+02 2.365365838969553141e-09 8.597095737915462538e-07 1.495183293812176140e-05 2.365365816971851074e-09 2.199770210796776542e-17 9.300284062365741965e-08 3.975340939375271527e-07 8.748295946892693175e-07
1.458150779564580262e+02 2.365031700863087049e-09 7.802191722968651909e-07 1.495183293812176140e-05 2.365031678865385396e-09 2.199770210783237717e-17 8.438078182686966478e-08 3.607419582206187259e-07 7.939349574023137547e-07
1.623031279915676635e+02 2.364618294447760991e-09 7.086467052332881149e-07 1.495183293812176140e-05 2.364618272450058925e-09 2.199770210766472265e-17 7.650069507274441702e-08 3.277683891559043107e-07 7.211015981616602001e-07
1.806555654259147161e+02 2.364107081777560510e-09 6.445105873821885754e-07 1.495183293812176140e-05 2.364107059779858030e-09 2.199770210745699339e-17 6.923075673516654468e-08 2.986167642301024532e-07 6.558433980986291711e-07
2.010832059937378347e+02 2.363475010820235699e-09 5.851558125399101645e-07 1.495183293812176140e-05 2.363474988822533633e-09 2.199770210719982473e-17 6.230217901484300678e-08 2.720916350224654826e-07 5.954585509452044305e-07
2.238207034330328042e+02 2.362693678390509695e-09 5.269596950796571030e-07 1.495183293812176140e-05 2.362693656392807628e-09 2.199770210688099551e-17 5.542445172988469276e-08 2.463464119997476769e-07 5.362569902089106169e-07
2.491292449694543905e+02 2.361728581262074287e-09 4.672377998445660202e-07 1.495183293812176140e-05 2.361728559264371807e-09 2.199770210648614289e-17 4.852571743517778103e-08 2.197043433361809644e-07 4.754982706678056599e-07
2.772995515922919481e+02 2.360537175875885139e-09 4.060002455775175434e-07 1.495183293812176140e-05 2.360537153878182659e-09 2.199770210599724018e-17 4.179905304543427451e-08 1.917444365397027055e-07 4.131842324674112004e-07
3.086552175868076802e+02 2.359067364331796832e-09 3.460534842173669620e-07 1.495183293812176140e-05 2.359067342334094352e-09 2.199770210539194659e-17 3.550056724765697444e-08 1.637445869720100863e-07 3.521717483037356364e-07
3.435564276845046834e+02 2.357251330822535407e-09 2.928892221845257646e-07 1.495183293812176140e-05 2.357251308824833340e-09 2.199770210464213430e-17 3.009991199980842822e-08 1.384583490864446656e-07 2.980538239913678344e-07
3.824040945302937757e+02 2.355010150962954622e-09 2.493911477470080608e-07 1.495183293812176140e-05 2.355010128965252142e-09 2.199770210371365118e-17 2.567767308019590984e-08 1.177392594372366930e-07 2.537747039317916058e-07
4.256444639942141634e+02 2.352246816549488369e-09 2.137252530102433887e-07 1.495183293812176140e-05 2.352246794551786716e-09 2.199770210256270312e-17 2.185402566672449093e-08 1.011582775970930697e-07 2.174771032523236362e-07
4.737742412289155709e+02 2.348848621869835845e-09 1.824743647194256539e-07 1.495183293812176140e-05 2.348848599872133365e-09 2.199770210113656278e-17 1.848225340660890612e-08 8.674261700708414508e-08 1.856740601541366019e-07
5.273462963565856398e+02 2.344676609196900898e-09 1.528703454308355257e-07 1.495183293812176140e-05 2.344676587199198832e-09 2.199770209937062985e-17 1.538470965252419396e-08 7.289839049889841621e-08 1.555429696088643276e-07
5.869760153267689020e+02 2.339564356864150149e-09 1.263131183218359706e-07 1.495183293812176140e-05 2.339564334866447669e-09 2.199770209718412313e-17 1.270070851693429670e-08 6.025442800761633054e-08 1.285087632984546431e-07
6.533483688978308237e+02 2.333311579726883664e-09 1.045227335073135886e-07 1.495183293812176140e-05 2.333311557729181597e-09 2.199770209447554764e-17 1.049151227690846966e-08 4.987945028926849864e-08 1.063278029962148589e-07
7.272257809440862957e+02 2.325684315188890485e-09 8.675910948593562972e-08 1.495183293812176140e-05 2.325684293191188832e-09 2.199770209112030958e-17 8.657686832890931157e-09 4.150575872321716190e-08 8.824725232619482017e-08
8.094568864722074295e+02 2.316402451648027854e-09 7.111228489398324863e-08 1.495183293812176140e-05 2.316402429650325788e-09 2.199770208696077237e-17 7.067321353213677298e-09 3.408466072429885386e-08 7.232017028196044296e-08
9.009862799510120794e+02 2.305147234550273310e-09 5.800184393402213087e-08 1.495183293812176140e-05 2.305147212552571244e-09 2.199770208180813324e-17 5.752435657686283743e-09 2.782096128134088063e-08 5.897473169301071345e-08
1.002865365934268880e+03 2.291557206111073293e-09 4.721364480366182374e-08 1.495183293812176140e-05 2.291557184113371227e-09 2.199770207542179268e-17 4.665157287743375780e-09 2.268074708099909573e-08 4.799354721221499008e-08
1.116264436618460877e+03 2.275221711891957166e-09 3.821913800784107395e-08 1.495183293812176140e-05 2.275221689894255100e-09 2.199770206751261778e-17 3.763811584976730149e-09 1.838533057856222975e-08 3.883828777399231908e-08
1.242486115071199492e+03 2.255683236006442075e-09 3.081539329232166912e-08 1.495183293812176140e-05 2.255683214008740008e-09 2.199770205770983158e-17 3.025360528900745692e-09 1.484172461395770806e-08 3.130241892345198733e-08
1.382980318553656389e+03 2.232442141592766685e-09 2.475491175566466169e-08 1.495183293812176140e-05 2.232442119595064205e-09 2.199770204556206697e-17 2.422194219090682078e-09 1.193857118788218208e-08 2.513415497357189877e-08
1.539360913821697523e+03 2.204968566351595134e-09 1.981013044262132669e-08 1.495183293812176140e-05 2.204968544353893895e-09 2.199770203051692103e-17 1.931353866530125011e-09 9.567678589844571435e-09 2.010181258964529032e-08
1.713424255726343517e+03 2.172712989586143257e-09 1.577968122367904159e-08 1.495183293812176140e-05 2.172712967588440777e-09 2.199770201188581988e-17 1.533214841664926570e-09 7.631134035735881976e-09 1.600037798711721028e-08
1.907169822067742189e+03 2.135104954145348768e-09 1.252664901186609536e-08 1.495183293812176140e-05 2.135104932147646702e-09 2.199770198880954915e-17 1.212930019999693482e-09 6.065928184727556527e-09 1.269050367777446252e-08
2.122823181736748211e+03 2.091627679415443608e-09 9.911787849177453968e-09 1.495183293812176140e-05 2.091627657417741542e-09 2.199770196022320210e-17 9.561597000354786472e-10 4.806557218291405938e-09 1.003044869337512395e-08
2.362861559980607581e+03 2.041909481664336809e-09 7.817173243830843570e-09 1.495183293812176140e-05 2.041909459666634743e-09 2.199770192480946729e-17 7.510292691105474687e-10 3.796675505378063621e-09 7.900164898206256416e-09
2.630042294462951304e+03 1.985579685724712193e-09 6.151021907423370599e-09 1.495183293812176140e-05 1.985579663727010127e-09 2.199770188089702580e-17 5.882153398708891882e-10 2.992665394664048893e-09 6.206210656711362590e-09
2.927434508994474982e+03 1.922388100356874493e-09 4.824302334432264316e-09 1.495183293812176140e-05 1.922388078359172840e-09 2.199770182650971327e-17 4.589793970096790298e-10 2.351661303956242458e-09 4.857931535807286410e-09
3.258454368773508122e+03 1.852229314177233091e-09 3.771554117667962392e-09 1.495183293812176140e-05 1.852229292179531231e-09 2.199770175916013108e-17 3.567777889775904538e-10 1.842365745000537756e-09 3.788675222230196802e-09
3.626904322114499791e+03 1.775159886245424744e-09 2.939505932341098337e-09 1.495183293812176140e-05 1.775159864247723092e-09 2.199770167575704459e-17 2.762994583252567765e-10 1.439279454289274185e-09 2.944196330250612374e-09
4.037016779438275080e+03 1.691417565901295733e-09 2.285292700603440775e-09 1.495183293812176140e-05 1.691417543903594081e-09 2.199770157240385993e-17 2.132908808617108650e-10 1.121847671895468626e-09 2.280839713220009713e-09
4.493502731267226409e+03 1.601491555016792198e-09 1.772142829899992040e-09 1.495183293812176140e-05 1.601491533019090753e-09 2.199770144435378227e-17 1.640783742288914952e-10 8.724758210230661441e-10 1.761156719707690931e-09
5.001605863702974602e+03 1.506158007995175920e-09 1.370981752628302181e-09 1.495183293812176140e-05 1.506157985997474887e-09 2.199770128561674422e-17 1.258200680510239110e-10 6.771317371666949684e-10 1.355527109403520806e-09
5.567162793016338583e+03 1.406369803912559657e-09 1.057960908527316025e-09 1.495183293812176140e-05 1.406369781914858418e-09 2.199770108894778560e-17 9.610600987063518388e-11 5.244648790366279159e-10 1.039658285510957547e-09
6.196670111266974345e+03 1.303264018239281985e-09 8.144715686924013093e-10 1.495183293812176140e-05 1.303263996241580953e-09 2.199770084525819341e-17 7.311829869145181742e-11 4.054885633970940933e-10 7.945850072893884259e-10
6.897359013111165041e+03 1.198140795667471977e-09 6.252680929514211889e-10 1.495183293812176140e-05 1.198140773669771358e-09 2.199770054342778989e-17 5.537898353553752570e-11 3.128185698727379530e-10 6.047647205700637443e-10
7.677278361042189317e+03 1.092407363360574454e-09 4.792282122988659235e-10 1.495183293812176140e-05 1.092407341362874456e-09 2.199770016916941658e-17 4.179341571994590566e-11 2.410989765594312987e-10 4.588507352506250644e-10
8.545387143236317570e+03 9.875173471004865915e-10 3.662886883483856761e-10 1.495183293812176140e-05 9.875173251027870069e-10 2.199769970557457338e-17 3.138533352930356338e-11 1.854584660124087739e-10 3.465776940888956338e-10
9.511657386079081334e+03 8.848887909495700685e-10 2.791621962624028834e-10 1.495183293812176140e-05 8.848887689518708974e-10 2.199769913142342578e-17 2.344612486957527225e-11 1.423689806945758583e-10 2.605050171830462546e-10
1.058718870352829254e+04 7.858546888170855429e-10 2.121477819002354634e-10 1.495183293812176140e-05 7.858546668193869923e-10 2.199769842042731662e-17 1.741985784872882375e-11 1.090748755540138128e-10 1.948071064609207477e-10
1.178433579916051713e+04 6.918021813707708531e-10 1.607805277790823218e-10 1.495183293812176140e-05 6.918021593730733364e-10 2.199769753953433292e-17 1.287288069191369274e-11 8.341516182349678908e-11 1.449150898794462046e-10
1.311685038551288017e+04 6.035023080312880012e-10 1.215080985745876513e-10 1.495183293812176140e-05 6.035022860335915185e-10 2.199769644854663434e-17 9.457302138213331119e-12 6.367674088266055847e-11 1.071997232270054410e-10
1.460003915097147365e+04 5.217545804315111892e-10 9.168650464139101983e-11 1.495183293812176140e-05 5.217545584338160507e-10 2.199769509609145712e-17 6.915196925558950437e-12 4.858317561797048555e-11 7.895363632449998296e-11
1.625093958876844590e+04 4.471010731459690261e-10 6.905912867923300676e-11 1.495183293812176140e-05 4.471010511482756453e-10 2.199769341993707437e-17 5.030354449931932498e-12 3.703831495147499910e-11 5.786858967510518494e-11
1.808851570786662342e+04 3.798206981089668437e-10 5.186205799641293259e-11 1.495183293812176140e-05 3.798206761112755309e-10 2.199769134413913799e-17 3.635561635660607647e-12 2.818219244433186491e-11 4.215148864018618319e-11
2.013387587385212828e+04 3.199704111061700720e-10 3.885232756989781803e-11 1.495183293812176140e-05 3.199703891084813441e-10 2.199768877367683438e-17 2.611752731690883849e-12 2.141185571305757785e-11 3.051399202510269285e-11
2.241051528221264743e+04 2.674681230813644226e-10 2.904425041074329759e-11 1.495183293812176140e-05 2.674681010836787966e-10 2.199768558950377447e-17 1.865721174525161294e-12 1.624742759075555892e-11 2.195754493116273929e-11
2.494458584929090648e+04 2.219326659473440125e-10 2.164385221147898869e-11 1.495183293812176140e-05 2.219326439496623673e-10 2.199768164445799337e-17 1.323303559756293872e-12 1.230125248469515993e-11 1.570241804152090409e-11
2.776519662118276028e+04 1.829526114128137780e-10 1.610229202396369981e-11 1.495183293812176140e-05 1.829525894151370442e-10 2.199767675414652086e-17 9.337671504444156474e-13 9.304267182247179642e-12 1.116674840739649933e-11
3.090474815138586200e+04 1.498471316421484614e-10 1.192962328282729437e-11 1.495183293812176140e-05 1.498471096444778023e-10 2.199767069490252438e-17 6.535814507349717412e-13 7.013028833516629559e-12 7.883586217536763909e-12
3.439930468822552211e+04 1.220003043909302748e-10 8.788650352504210865e-12 1.495183293812176140e-05 1.220002823932670861e-10 2.199766318534298910e-17 4.526463555301488101e-13 5.260905022770675146e-12 5.525274527546219576e-12
3.828900844740607135e+04 9.875714468417404415e-11 6.375941086105429845e-12 1.495183293812176140e-05 9.875712268652017416e-11 2.199765388347242740e-17 3.071263039861282497e-13 3.889449305644066730e-12 3.819094410838975851e-12
4.261854072845193878e+04 7.954078603424052642e-11 4.538498273603960971e-12 1.495183293812176140e-05 7.954076403659817234e-11 2.199764235661467819e-17 2.033673647056246351e-13 2.823341627097766478e-12 2.594966967745656390e-12
4.743763517192281142e+04 6.377245426997397850e-11 3.064943093771907799e-12 1.495183293812176140e-05 6.377243227234591913e-11 2.199762806894337950e-17 1.265924412511596326e-13 1.947262190252596540e-12 1.691728825593930453e-12
