1.056032981064548126e+00 3.854329400551081147e-10 3.101192797086195766e-08 0.000000000000000000e+00 3.854329400551081147e-10 0.000000000000000000e+00 3.101192797086195766e-08 0.000000000000000000e+00 3.101192797086195766e-08
1.175443983510534363e+00 3.759573937512089853e-10 3.304156937042202379e-08 0.000000000000000000e+00 3.759573937512089853e-10 0.000000000000000000e+00 3.304156937042202379e-08 0.000000000000000000e+00 3.304156937042202379e-08
1.308357393325258133e+00 3.657565590033390403e-10 3.526484318512813443e-08 0.000000000000000000e+00 3.657565590033390403e-10 0.000000000000000000e+00 3.526484318512813443e-08 0.000000000000000000e+00 3.526484318512813443e-08
1.456299996156748877e+00 3.566581906089936716e-10 3.769345279755070250e-08 0.000000000000000000e+00 3.566581906089936716e-10 0.000000000000000000e+00 3.769345279755070250e-08 0.000000000000000000e+00 3.769345279755070250e-08
1.620971219045888478e+00 3.479099881862314011e-10 4.033883577554048638e-08 0.000000000000000000e+00 3.479099881862314011e-10 0.000000000000000000e+00 4.033883577554048638e-08 0.000000000000000000e+00 4.033883577554048638e-08
1.804262651863866251e+00 3.328315405905772432e-10 4.321134448956633542e-08 0.000000000000000000e+00 3.328315405905772432e-10 0.000000000000000000e+00 4.321134448956633542e-08 0.000000000000000000e+00 4.321134448956633542e-08
2.008279776137516404e+00 3.018483533076274060e-10 4.632004473676754945e-08 0.000000000000000000e+00 3.018483533076274060e-10 0.000000000000000000e+00 4.632004473676754945e-08 0.000000000000000000e+00 4.632004473676754945e-08
2.235366150863083323e+00 2.541352075191891072e-10 4.967195092053034050e-08 0.000000000000000000e+00 2.541352075191891072e-10 0.000000000000000000e+00 4.967195092053034050e-08 0.000000000000000000e+00 4.967195092053034050e-08
2.488130333132567262e+00 2.020572694206174043e-10 5.327135179268404806e-08 0.000000000000000000e+00 2.020572694206174043e-10 0.000000000000000000e+00 5.327135179268404806e-08 0.000000000000000000e+00 5.327135179268404806e-08
2.769475842811750965e+00 1.611729125845321931e-10 5.711942110747941710e-08 0.000000000000000000e+00 1.611729125845321931e-10 0.000000000000000000e+00 5.711942110747941710e-08 0.000000000000000000e+00 5.711942110747941710e-08
3.082634515476230241e+00 1.317277308122246072e-10 6.121320604499157089e-08 0.000000000000000000e+00 1.317277308122246072e-10 0.000000000000000000e+00 6.121320604499157089e-08 0.000000000000000000e+00 6.121320604499157089e-08
3.431203626733101864e+00 1.039907636773863223e-10 6.554511224813869059e-08 0.000000000000000000e+00 1.039907636773863223e-10 0.000000000000000000e+00 6.554511224813869059e-08 0.000000000000000000e+00 6.554511224813869059e-08
3.819187214377767425e+00 6.591864306022729387e-11 7.010107792538185532e-08 0.000000000000000000e+00 6.591864306022729387e-11 0.000000000000000000e+00 7.010107792538185532e-08 0.000000000000000000e+00 7.010107792538185532e-08
4.251042073056519932e+00 1.201162472500870233e-11 7.485896912400945056e-08 0.000000000000000000e+00 1.201162472500870233e-11 0.000000000000000000e+00 7.485896912400945056e-08 0.000000000000000000e+00 7.485896912400945056e-08
4.731728949778890581e+00 -5.376179348767386026e-11 7.978863053357730948e-08 0.000000000000000000e+00 -5.376179348767386026e-11 0.000000000000000000e+00 7.978863053357730948e-08 0.000000000000000000e+00 7.978863053357730948e-08
5.266769528365972342e+00 -1.199166833985715135e-10 8.484953147999468650e-08 0.000000000000000000e+00 -1.199166833985715135e-10 0.000000000000000000e+00 8.484953147999468650e-08 0.000000000000000000e+00 8.484953147999468650e-08
5.862309857419115922e+00 -1.809135094599713847e-10 8.999167212549547908e-08 0.000000000000000000e+00 -1.809135094599713847e-10 0.000000000000000000e+00 8.999167212549547908e-08 0.000000000000000000e+00 8.999167212549547908e-08
6.525190950410857837e+00 -2.457882500399607817e-10 9.515214690127553846e-08 0.000000000000000000e+00 -2.457882500399607817e-10 0.000000000000000000e+00 9.515214690127553846e-08 0.000000000000000000e+00 9.515214690127553846e-08
7.263027368885755841e+00 -3.202031055307397273e-10 1.002553548153154085e-07 0.000000000000000000e+00 -3.202031055307397273e-10 0.000000000000000000e+00 1.002553548153154085e-07 0.000000000000000000e+00 1.002553548153154085e-07
8.084294691462201143e+00 -3.995633514495078230e-10 1.052136670059154810e-07 0.000000000000000000e+00 -3.995633514495078230e-10 0.000000000000000000e+00 1.052136670059154810e-07 0.000000000000000000e+00 1.052136670059154810e-07
8.998426873397548320e+00 -4.790243857007671057e-10 1.099271896249768011e-07 0.000000000000000000e+00 -4.790243857007671057e-10 0.000000000000000000e+00 1.099271896249768011e-07 0.000000000000000000e+00 1.099271896249768011e-07
1.001592461509324039e+01 -5.587287353921404201e-10 1.142913585494496024e-07 0.000000000000000000e+00 -5.587287353921404201e-10 0.000000000000000000e+00 1.142913585494496024e-07 0.000000000000000000e+00 1.142913585494496024e-07
1.114847598437533449e+01 -6.383064132592446154e-10 1.181985330121073684e-07 0.000000000000000000e+00 -6.383064132592446154e-10 0.000000000000000000e+00 1.181985330121073684e-07 0.000000000000000000e+00 1.181985330121073684e-07
1.240909067814867583e+01 -7.151943758362305239e-10 1.215457247746338913e-07 0.000000000000000000e+00 -7.151943758362305239e-10 0.000000000000000000e+00 1.215457247746338913e-07 0.000000000000000000e+00 1.215457247746338913e-07
1.381224946569640366e+01 -7.863604051420427378e-10 1.242482407090920029e-07 0.000000000000000000e+00 -7.863604051420427378e-10 0.000000000000000000e+00 1.242482407090920029e-07 0.000000000000000000e+00 1.242482407090920029e-07
1.537407053029052229e+01 -8.491289571471846196e-10 1.262408823344257276e-07 0.000000000000000000e+00 -8.491289571471846196e-10 0.000000000000000000e+00 1.262408823344257276e-07 0.000000000000000000e+00 1.262408823344257276e-07
1.711249461989307719e+01 -9.017008034151363876e-10 1.275071001946342452e-07 0.000000000000000000e+00 -9.017008034151363876e-10 0.000000000000000000e+00 1.275071001946342452e-07 0.000000000000000000e+00 1.275071001946342452e-07
1.904749113378321468e+01 -9.429470033503832062e-10 1.280674467083016902e-07 0.000000000000000000e+00 -9.429470033503832062e-10 0.000000000000000000e+00 1.280674467083016902e-07 0.000000000000000000e+00 1.280674467083016902e-07
2.120128751244688203e+01 -9.731546535930954903e-10 1.279699887368345000e-07 0.000000000000000000e+00 -9.731546535930954903e-10 0.000000000000000000e+00 1.279699887368345000e-07 0.000000000000000000e+00 1.279699887368345000e-07
2.359862456574094125e+01 -9.943356645165219531e-10 1.272998185134298249e-07 0.000000000000000000e+00 -9.943356645165219531e-10 0.000000000000000000e+00 1.272998185134298249e-07 0.000000000000000000e+00 1.272998185134298249e-07
2.626704067231091244e+01 -1.008457232810962501e-09 1.261028875181248539e-07 0.000000000000000000e+00 -1.008457232810962501e-09 0.000000000000000000e+00 1.261028875181248539e-07 0.000000000000000000e+00 1.261028875181248539e-07
2.923718811487309566e+01 -1.017191044899198821e-09 1.243861036180624874e-07 0.000000000000000000e+00 -1.017191044899198821e-09 0.000000000000000000e+00 1.243861036180624874e-07 0.000000000000000000e+00 1.243861036180624874e-07
3.254318518513449021e+01 -1.018545434792133851e-09 1.220658484557835126e-07 0.000000000000000000e+00 -1.018545434792133851e-09 0.000000000000000000e+00 1.220658484557835126e-07 0.000000000000000000e+00 1.220658484557835126e-07
3.622300810299908846e+01 -1.004313966147890118e-09 1.189537408951042681e-07 0.000000000000000000e+00 -1.004313966147890118e-09 0.000000000000000000e+00 1.189537408951042681e-07 0.000000000000000000e+00 1.189537408951042681e-07
4.031892725206589034e+01 -9.605040568229779732e-10 1.147954408193140169e-07 0.000000000000000000e+00 -9.605040568229779732e-10 0.000000000000000000e+00 1.147954408193140169e-07 0.000000000000000000e+00 1.147954408193140169e-07
4.487799274248540371e+01 -8.753272013223671705e-10 1.094816699076739063e-07 0.000000000000000000e+00 -8.753272013223671705e-10 0.000000000000000000e+00 1.094816699076739063e-07 0.000000000000000000e+00 1.094816699076739063e-07
4.995257487887015913e+01 -7.532025175042223854e-10 1.032507406755311944e-07 0.000000000000000000e+00 -7.532025175042223854e-10 0.000000000000000000e+00 1.032507406755311944e-07 0.000000000000000000e+00 1.032507406755311944e-07
5.560096574165519456e+01 -6.127299297218866900e-10 9.671670917958359268e-08 0.000000000000000000e+00 -6.127299297218866900e-10 0.000000000000000000e+00 9.671670917958359268e-08 0.000000000000000000e+00 9.671670917958359268e-08
6.188804879230252709e+01 -4.875694137848467430e-10 9.048869498592928974e-08 0.000000000000000000e+00 -4.875694137848467430e-10 0.000000000000000000e+00 9.048869498592928974e-08 0.000000000000000000e+00 9.048869498592928974e-08
6.888604419417499969e+01 -3.817989821523916487e-10 8.457626232334394844e-08 0.000000000000000000e+00 -3.817989821523916487e-10 0.000000000000000000e+00 8.457626232334394844e-08 0.000000000000000000e+00 8.457626232334394844e-08
7.667533841060405564e+01 -2.583301162429141662e-10 7.835746234893527539e-08 0.000000000000000000e+00 -2.583301162429141662e-10 0.000000000000000000e+00 7.835746234893527539e-08 0.000000000000000000e+00 7.835746234893527539e-08
8.534540760983165342e+01 -8.505810196845920700e-11 7.141089052095414243e-08 0.000000000000000000e+00 -8.505810196845920700e-11 0.000000000000000000e+00 7.141089052095414243e-08 0.000000000000000000e+00 7.141089052095414243e-08
9.499584548401358575e+01 1.099827649521878792e-10 6.439334965181725898e-08 0.000000000000000000e+00 1.099827649521878792e-10 0.000000000000000000e+00 6.439334965181725898e-08 0.000000000000000000e+00 6.439334965181725898e-08
1.057375072889466310e+02 2.804754752172018630e-10 5.808165245935292733e-08 0.000000000000000000e+00 2.804754752172018630e-10 0.000000000000000000e+00 5.808165245935292733e-08 0.000000000000000000e+00 5.808165245935292733e-08
1.176937832461472624e+02 4.400218958765206029e-10 5.228037719800821204e-08 0.000000000000000000e+00 4.400218958765206029e-10 0.000000000000000000e+00 5.228037719800821204e-08 0.000000000000000000e+00 5.228037719800821204e-08
1.310020159349736844e+02 5.983632060417276864e-10 4.683443719275766458e-08 0.000000000000000000e+00 5.983632060417276864e-10 0.000000000000000000e+00 4.683443719275766458e-08 0.000000000000000000e+00 4.683443719275766458e-08
1.458150779564580262e+02 7.478524349682046745e-10 4.178838192034265198e-08 0.000000000000000000e+00 7.478524349682046745e-10 0.000000000000000000e+00 4.178838192034265198e-08 0.000000000000000000e+00 4.178838192034265198e-08
1.623031279915676635e+02 9.258532146729779851e-10 3.673919530901810172e-08 0.000000000000000000e+00 9.258532146729779851e-10 0.000000000000000000e+00 3.673919530901810172e-08 0.000000000000000000e+00 3.673919530901810172e-08
1.806555654259147161e+02 1.083284046029118906e-09 3.225968641977913085e-08 0.000000000000000000e+00 1.083284046029118906e-09 0.000000000000000000e+00 3.225968641977913085e-08 0.000000000000000000e+00 3.225968641977913085e-08
2.010832059937378347e+02 1.199522475789202861e-09 2.845878079831735569e-08 0.000000000000000000e+00 1.199522475789202861e-09 0.000000000000000000e+00 2.845878079831735569e-08 0.000000000000000000e+00 2.845878079831735569e-08
2.238207034330328042e+02 1.323875938706005066e-09 2.473361613729247181e-08 0.000000000000000000e+00 1.323875938706005066e-09 0.000000000000000000e+00 2.473361613729247181e-08 0.000000000000000000e+00 2.473361613729247181e-08
2.491292449694543905e+02 1.453910520962386011e-09 2.114984492157701884e-08 0.000000000000000000e+00 1.453910520962386011e-09 0.000000000000000000e+00 2.114984492157701884e-08 0.000000000000000000e+00 2.114984492157701884e-08
2.772995515922919481e+02 1.533317418213669263e-09 1.819120335613706311e-08 0.000000000000000000e+00 1.533317418213669263e-09 0.000000000000000000e+00 1.819120335613706311e-08 0.000000000000000000e+00 1.819120335613706311e-08
3.086552175868076802e+02 1.606929588492215785e-09 1.543727491303229455e-08 0.000000000000000000e+00 1.606929588492215785e-09 0.000000000000000000e+00 1.543727491303229455e-08 0.000000000000000000e+00 1.543727491303229455e-08
3.435564276845046834e+02 1.670984131158859924e-09 1.294971297037466995e-08 0.000000000000000000e+00 1.670984131158859924e-09 0.000000000000000000e+00 1.294971297037466995e-08 0.000000000000000000e+00 1.294971297037466995e-08
3.824040945302937757e+02 1.702935564149249194e-09 1.091579970776279949e-08 0.000000000000000000e+00 1.702935564149249194e-09 0.000000000000000000e+00 1.091579970776279949e-08 0.000000000000000000e+00 1.091579970776279949e-08
4.256444639942141634e+02 1.725748329629102105e-09 9.120760817110855589e-09 0.000000000000000000e+00 1.725748329629102105e-09 0.000000000000000000e+00 9.120760817110855589e-09 0.000000000000000000e+00 9.120760817110855589e-09
4.737742412289155709e+02 1.732435291528151014e-09 7.600694262466964119e-09 0.000000000000000000e+00 1.732435291528151014e-09 0.000000000000000000e+00 7.600694262466964119e-09 0.000000000000000000e+00 7.600694262466964119e-09
5.273462963565856398e+02 1.720439163686192971e-09 6.312790569295784676e-09 0.000000000000000000e+00 1.720439163686192971e-09 0.000000000000000000e+00 6.312790569295784676e-09 0.000000000000000000e+00 6.312790569295784676e-09
5.869760153267689020e+02 1.697020113203238592e-09 5.192853405014678405e-09 0.000000000000000000e+00 1.697020113203238592e-09 0.000000000000000000e+00 5.192853405014678405e-09 0.000000000000000000e+00 5.192853405014678405e-09
6.533483688978308237e+02 1.658289309218582220e-09 4.254758695114775421e-09 0.000000000000000000e+00 1.658289309218582220e-09 0.000000000000000000e+00 4.254758695114775421e-09 0.000000000000000000e+00 4.254758695114775421e-09
7.272257809440862957e+02 1.608536580726877080e-09 3.472569831454131819e-09 0.000000000000000000e+00 1.608536580726877080e-09 0.000000000000000000e+00 3.472569831454131819e-09 0.000000000000000000e+00 3.472569831454131819e-09
8.094568864722074295e+02 1.549158745561766630e-09 2.823389266529355665e-09 0.000000000000000000e+00 1.549158745561766630e-09 0.000000000000000000e+00 2.823389266529355665e-09 0.000000000000000000e+00 2.823389266529355665e-09
9.009862799510120794e+02 1.480596228296167990e-09 2.288231782082817348e-09 0.000000000000000000e+00 1.480596228296167990e-09 0.000000000000000000e+00 2.288231782082817348e-09 0.000000000000000000e+00 2.288231782082817348e-09
1.002865365934268880e+03 1.405827267962253933e-09 1.842926375953246295e-09 0.000000000000000000e+00 1.405827267962253933e-09 0.000000000000000000e+00 1.842926375953246295e-09 0.000000000000000000e+00 1.842926375953246295e-09
1.116264436618460877e+03 1.325640456971601167e-09 1.480279482225191679e-09 0.000000000000000000e+00 1.325640456971601167e-09 0.000000000000000000e+00 1.480279482225191679e-09 0.000000000000000000e+00 1.480279482225191679e-09
1.242486115071199492e+03 1.241788095073294615e-09 1.185139808298196333e-09 0.000000000000000000e+00 1.241788095073294615e-09 0.000000000000000000e+00 1.185139808298196333e-09 0.000000000000000000e+00 1.185139808298196333e-09
1.382980318553656389e+03 1.155881409815200632e-09 9.450804305694599405e-10 0.000000000000000000e+00 1.155881409815200632e-09 0.000000000000000000e+00 9.450804305694599405e-10 0.000000000000000000e+00 9.450804305694599405e-10
1.539360913821697523e+03 1.069266144723058960e-09 7.513081181520281199e-10 0.000000000000000000e+00 1.069266144723058960e-09 0.000000000000000000e+00 7.513081181520281199e-10 0.000000000000000000e+00 7.513081181520281199e-10
1.713424255726343517e+03 9.831692533110447559e-10 5.952899071292969099e-10 0.000000000000000000e+00 9.831692533110447559e-10 0.000000000000000000e+00 5.952899071292969099e-10 0.000000000000000000e+00 5.952899071292969099e-10
1.907169822067742189e+03 8.986438491572186553e-10 4.702907263231114340e-10 0.000000000000000000e+00 8.986438491572186553e-10 0.000000000000000000e+00 4.702907263231114340e-10 0.000000000000000000e+00 4.702907263231114340e-10
2.122823181736748211e+03 8.165908625228794391e-10 3.704631020426482176e-10 0.000000000000000000e+00 8.165908625228794391e-10 0.000000000000000000e+00 3.704631020426482176e-10 0.000000000000000000e+00 3.704631020426482176e-10
2.362861559980607581e+03 7.377470174828852832e-10 2.910319768990475430e-10 0.000000000000000000e+00 7.377470174828852832e-10 0.000000000000000000e+00 2.910319768990475430e-10 0.000000000000000000e+00 2.910319768990475430e-10
2.630042294462951304e+03 6.627035905220720074e-10 2.280333554845536314e-10 0.000000000000000000e+00 6.627035905220720074e-10 0.000000000000000000e+00 2.280333554845536314e-10 0.000000000000000000e+00 2.280333554845536314e-10
2.927434508994474982e+03 5.919202061503267242e-10 1.782263057912563856e-10 0.000000000000000000e+00 5.919202061503267242e-10 0.000000000000000000e+00 1.782263057912563856e-10 0.000000000000000000e+00 1.782263057912563856e-10
3.258454368773508122e+03 5.257286704083622902e-10 1.389670364492160003e-10 0.000000000000000000e+00 5.257286704083622902e-10 0.000000000000000000e+00 1.389670364492160003e-10 0.000000000000000000e+00 1.389670364492160003e-10
3.626904322114499791e+03 4.643456725741278010e-10 1.081100455841222189e-10 0.000000000000000000e+00 4.643456725741278010e-10 0.000000000000000000e+00 1.081100455841222189e-10 0.000000000000000000e+00 1.081100455841222189e-10
4.037016779438275080e+03 4.078782721945912685e-10 8.392265091170177008e-11 0.000000000000000000e+00 4.078782721945912685e-10 0.000000000000000000e+00 8.392265091170177008e-11 0.000000000000000000e+00 8.392265091170177008e-11
4.493502731267226409e+03 3.563311521339050751e-10 6.501210791012650878e-11 0.000000000000000000e+00 3.563311521339050751e-10 0.000000000000000000e+00 6.501210791012650878e-11 0.000000000000000000e+00 6.501210791012650878e-11
5.001605863702974602e+03 3.096307092158585809e-10 5.026336023457550713e-11 0.000000000000000000e+00 3.096307092158585809e-10 0.000000000000000000e+00 5.026336023457550713e-11 0.000000000000000000e+00 5.026336023457550713e-11
5.567162793016338583e+03 2.676255779538324691e-10 3.878726585075432350e-11 0.000000000000000000e+00 2.676255779538324691e-10 0.000000000000000000e+00 3.878726585075432350e-11 0.000000000000000000e+00 3.878726585075432350e-11
6.196670111266974345e+03 2.301134637810934011e-10 2.987746861397613765e-11 0.000000000000000000e+00 2.301134637810934011e-10 0.000000000000000000e+00 2.987746861397613765e-11 0.000000000000000000e+00 2.987746861397613765e-11
6.897359013111165041e+03 1.968427343495175200e-10 2.297471834162762754e-11 0.000000000000000000e+00 1.968427343495175200e-10 0.000000000000000000e+00 2.297471834162762754e-11 0.000000000000000000e+00 2.297471834162762754e-11
7.677278361042189317e+03 1.675311058424805589e-10 1.763764862628670094e-11 0.000000000000000000e+00 1.675311058424805589e-10 0.000000000000000000e+00 1.763764862628670094e-11 0.000000000000000000e+00 1.763764862628670094e-11
8.545387143236317570e+03 1.418760357537092650e-10 1.351905739092188429e-11 0.000000000000000000e+00 1.418760357537092650e-10 0.000000000000000000e+00 1.351905739092188429e-11 0.000000000000000000e+00 1.351905739092188429e-11
9.511657386079081334e+03 1.195667041396444154e-10 1.034661052947046609e-11 0.000000000000000000e+00 1.195667041396444154e-10 0.000000000000000000e+00 1.034661052947046609e-11 0.000000000000000000e+00 1.034661052947046609e-11
1.058718870352829254e+04 9.690323676084560316e-11 7.836150072968184639e-12 0.000000000000000000e+00 9.690323676084560316e-11 0.000000000000000000e+00 7.836150072968184639e-12 0.000000000000000000e+00 7.836150072968184639e-12
1.178433579916051713e+04 8.105611632707885559e-11 5.981144100951506143e-12 0.000000000000000000e+00 8.105611632707885559e-11 0.000000000000000000e+00 5.981144100951506143e-12 0.000000000000000000e+00 5.981144100951506143e-12
1.311685038551288017e+04 6.747639500906070608e-11 4.559162797024702153e-12 0.000000000000000000e+00 6.747639500906070608e-11 0.000000000000000000e+00 4.559162797024702153e-12 0.000000000000000000e+00 4.559162797024702153e-12
1.460003915097147365e+04 5.591011969927703637e-11 3.470782361675824006e-12 0.000000000000000000e+00 5.591011969927703637e-11 0.000000000000000000e+00 3.470782361675824006e-12 0.000000000000000000e+00 3.470782361675824006e-12
1.625093958876844590e+04 4.611774568746293297e-11 2.638969333605091681e-12 0.000000000000000000e+00 4.611774568746293297e-11 0.000000000000000000e+00 2.638969333605091681e-12 0.000000000000000000e+00 2.638969333605091681e-12
1.808851570786662342e+04 3.486937887978840877e-11 1.931909109885937090e-12 0.000000000000000000e+00 3.486937887978840877e-11 0.000000000000000000e+00 1.931909109885937090e-12 0.000000000000000000e+00 1.931909109885937090e-12
2.013387587385212828e+04 2.860985857858982352e-11 1.465977750276023156e-12 0.000000000000000000e+00 2.860985857858982352e-11 0.000000000000000000e+00 1.465977750276023156e-12 0.000000000000000000e+00 1.465977750276023156e-12
2.241051528221264743e+04 2.336983424143705096e-11 1.111178013997170434e-12 0.000000000000000000e+00 2.336983424143705096e-11 0.000000000000000000e+00 1.111178013997170434e-12 0.000000000000000000e+00 1.111178013997170434e-12
2.494458584929090648e+04 1.900956292103623422e-11 8.413598655036233466e-13 0.000000000000000000e+00 1.900956292103623422e-11 0.000000000000000000e+00 8.413598655036233466e-13 0.000000000000000000e+00 8.413598655036233466e-13
2.776519662118276028e+04 1.361381868957315200e-11 5.924879794766040099e-13 0.000000000000000000e+00 1.361381868957315200e-11 0.000000000000000000e+00 5.924879794766040099e-13 0.000000000000000000e+00 5.924879794766040099e-13
3.090474815138586200e+04 1.102500455081236868e-11 4.478905439743832766e-13 0.000000000000000000e+00 1.102500455081236868e-11 0.000000000000000000e+00 4.478905439743832766e-13 0.000000000000000000e+00 4.478905439743832766e-13
3.439930468822552211e+04 7.576305315357528319e-12 3.043440813811582375e-13 0.000000000000000000e+00 7.576305315357528319e-12 0.000000000000000000e+00 3.043440813811582375e-13 0.000000000000000000e+00 3.043440813811582375e-13
3.828900844740607135e+04 5.040838238615276905e-12 2.005481237557145902e-13 0.000000000000000000e+00 5.040838238615276905e-12 0.000000000000000000e+00 2.005481237557145902e-13 0.000000000000000000e+00 2.005481237557145902e-13
4.261854072845193878e+04 4.067405791390688364e-12 1.513019698634164035e-13 0.000000000000000000e+00 4.067405791390688364e-12 0.000000000000000000e+00 1.513019698634164035e-13 0.000000000000000000e+00 1.513019698634164035e-13
4.743763517192281142e+04 2.637516994343502024e-12 9.706962484589847835e-14 0.000000000000000000e+00 2.637516994343502024e-12 0.000000000000000000e+00 9.706962484589847835e-14 0.000000000000000000e+00 9.706962484589847835e-14
