1.056032981064548126e+00 3.858798077734433036e-10 4.415073196389249757e-08 0.000000000000000000e+00 3.858798077734433036e-10 0.000000000000000000e+00 4.415073196389249757e-08 0.000000000000000000e+00 4.415073196389249757e-08
1.175443983510534363e+00 3.763005516494718151e-10 4.711416605316387821e-08 0.000000000000000000e+00 3.763005516494718151e-10 0.000000000000000000e+00 4.711416605316387821e-08 0.000000000000000000e+00 4.711416605316387821e-08
1.308357393325258133e+00 3.660777924001978992e-10 5.036711714452166594e-08 0.000000000000000000e+00 3.660777924001978992e-10 0.000000000000000000e+00 5.036711714452166594e-08 0.000000000000000000e+00 5.036711714452166594e-08
1.456299996156748877e+00 3.572223338579767579e-10 5.393003550113841583e-08 0.000000000000000000e+00 3.572223338579767579e-10 0.000000000000000000e+00 5.393003550113841583e-08 0.000000000000000000e+00 5.393003550113841583e-08
1.620971219045888478e+00 3.489066999595040500e-10 5.782364532949394854e-08 0.000000000000000000e+00 3.489066999595040500e-10 0.000000000000000000e+00 5.782364532949394854e-08 0.000000000000000000e+00 5.782364532949394854e-08
1.804262651863866251e+00 3.337498540168840915e-10 6.206809157132186628e-08 0.000000000000000000e+00 3.337498540168840915e-10 0.000000000000000000e+00 6.206809157132186628e-08 0.000000000000000000e+00 6.206809157132186628e-08
2.008279776137516404e+00 3.011588319555529698e-10 6.668271193837180492e-08 0.000000000000000000e+00 3.011588319555529698e-10 0.000000000000000000e+00 6.668271193837180492e-08 0.000000000000000000e+00 6.668271193837180492e-08
2.235366150863083323e+00 2.501803400357006740e-10 7.168516945838323555e-08 0.000000000000000000e+00 2.501803400357006740e-10 0.000000000000000000e+00 7.168516945838323555e-08 0.000000000000000000e+00 7.168516945838323555e-08
2.488130333132567262e+00 1.944273326990109465e-10 7.709067031893457883e-08 0.000000000000000000e+00 1.944273326990109465e-10 0.000000000000000000e+00 7.709067031893457883e-08 0.000000000000000000e+00 7.709067031893457883e-08
2.769475842811750965e+00 1.511305780759690269e-10 8.291148568859636703e-08 0.000000000000000000e+00 1.511305780759690269e-10 0.000000000000000000e+00 8.291148568859636703e-08 0.000000000000000000e+00 8.291148568859636703e-08
3.082634515476230241e+00 1.207227604353634461e-10 8.915574736053648018e-08 0.000000000000000000e+00 1.207227604353634461e-10 0.000000000000000000e+00 8.915574736053648018e-08 0.000000000000000000e+00 8.915574736053648018e-08
3.431203626733101864e+00 9.250175810576143651e-11 9.582674778243874126e-08 0.000000000000000000e+00 9.250175810576143651e-11 0.000000000000000000e+00 9.582674778243874126e-08 0.000000000000000000e+00 9.582674778243874126e-08
3.819187214377767425e+00 5.247626268847472485e-11 1.029207817474484469e-07 0.000000000000000000e+00 5.247626268847472485e-11 0.000000000000000000e+00 1.029207817474484469e-07 0.000000000000000000e+00 1.029207817474484469e-07
4.251042073056519932e+00 -6.405986045472826767e-12 1.104251424399233927e-07 0.000000000000000000e+00 -6.405986045472826767e-12 0.000000000000000000e+00 1.104251424399233927e-07 0.000000000000000000e+00 1.104251424399233927e-07
4.731728949778890581e+00 -7.961856050901593087e-11 1.183179103777793602e-07 0.000000000000000000e+00 -7.961856050901593087e-11 0.000000000000000000e+00 1.183179103777793602e-07 0.000000000000000000e+00 1.183179103777793602e-07
5.266769528365972342e+00 -1.531770814226606741e-10 1.265650093321540987e-07 0.000000000000000000e+00 -1.531770814226606741e-10 0.000000000000000000e+00 1.265650093321540987e-07 0.000000000000000000e+00 1.265650093321540987e-07
5.862309857419115922e+00 -2.207178661999034823e-10 1.351208247552367636e-07 0.000000000000000000e+00 -2.207178661999034823e-10 0.000000000000000000e+00 1.351208247552367636e-07 0.000000000000000000e+00 1.351208247552367636e-07
6.525190950410857837e+00 -2.939188706192584631e-10 1.439239765629347925e-07 0.000000000000000000e+00 -2.939188706192584631e-10 0.000000000000000000e+00 1.439239765629347925e-07 0.000000000000000000e+00 1.439239765629347925e-07
7.263027368885755841e+00 -3.797741838972955579e-10 1.528968830823831871e-07 0.000000000000000000e+00 -3.797741838972955579e-10 0.000000000000000000e+00 1.528968830823831871e-07 0.000000000000000000e+00 1.528968830823831871e-07
8.084294691462201143e+00 -4.725402114928659033e-10 1.619457800486940538e-07 0.000000000000000000e+00 -4.725402114928659033e-10 0.000000000000000000e+00 1.619457800486940538e-07 0.000000000000000000e+00 1.619457800486940538e-07
8.998426873397548320e+00 -5.666456031911988477e-10 1.709597353549594617e-07 0.000000000000000000e+00 -5.666456031911988477e-10 0.000000000000000000e+00 1.709597353549594617e-07 0.000000000000000000e+00 1.709597353549594617e-07
1.001592461509324039e+01 -6.629607364087375114e-10 1.798182909688736296e-07 0.000000000000000000e+00 -6.629607364087375114e-10 0.000000000000000000e+00 1.798182909688736296e-07 0.000000000000000000e+00 1.798182909688736296e-07
1.114847598437533449e+01 -7.613020639098865302e-10 1.883921937397100305e-07 0.000000000000000000e+00 -7.613020639098865302e-10 0.000000000000000000e+00 1.883921937397100305e-07 0.000000000000000000e+00 1.883921937397100305e-07
1.240909067814867583e+01 -8.587701368601074145e-10 1.965507548410971044e-07 0.000000000000000000e+00 -8.587701368601074145e-10 0.000000000000000000e+00 1.965507548410971044e-07 0.000000000000000000e+00 1.965507548410971044e-07
1.381224946569640366e+01 -9.520217039334062612e-10 2.041758423662277946e-07 0.000000000000000000e+00 -9.520217039334062612e-10 0.000000000000000000e+00 2.041758423662277946e-07 0.000000000000000000e+00 2.041758423662277946e-07
1.537407053029052229e+01 -1.037920595838642785e-09 2.111621542165224245e-07 0.000000000000000000e+00 -1.037920595838642785e-09 0.000000000000000000e+00 2.111621542165224245e-07 0.000000000000000000e+00 2.111621542165224245e-07
1.711249461989307719e+01 -1.114323485346836261e-09 2.174485812836504420e-07 0.000000000000000000e+00 -1.114323485346836261e-09 0.000000000000000000e+00 2.174485812836504420e-07 0.000000000000000000e+00 2.174485812836504420e-07
1.904749113378321468e+01 -1.179688804521629498e-09 2.230041997048761590e-07 0.000000000000000000e+00 -1.179688804521629498e-09 0.000000000000000000e+00 2.230041997048761590e-07 0.000000000000000000e+00 2.230041997048761590e-07
2.120128751244688203e+01 -1.233847617203700616e-09 2.278178979092462525e-07 0.000000000000000000e+00 -1.233847617203700616e-09 0.000000000000000000e+00 2.278178979092462525e-07 0.000000000000000000e+00 2.278178979092462525e-07
2.359862456574094125e+01 -1.278497654511536280e-09 2.319077745731789519e-07 0.000000000000000000e+00 -1.278497654511536280e-09 0.000000000000000000e+00 2.319077745731789519e-07 0.000000000000000000e+00 2.319077745731789519e-07
2.626704067231091244e+01 -1.315483335343175894e-09 2.352386987600482712e-07 0.000000000000000000e+00 -1.315483335343175894e-09 0.000000000000000000e+00 2.352386987600482712e-07 0.000000000000000000e+00 2.352386987600482712e-07
2.923718811487309566e+01 -1.346546881388486171e-09 2.377223546892488176e-07 0.000000000000000000e+00 -1.346546881388486171e-09 0.000000000000000000e+00 2.377223546892488176e-07 0.000000000000000000e+00 2.377223546892488176e-07
3.254318518513449021e+01 -1.369250868511972337e-09 2.391639497360918114e-07 0.000000000000000000e+00 -1.369250868511972337e-09 0.000000000000000000e+00 2.391639497360918114e-07 0.000000000000000000e+00 2.391639497360918114e-07
3.622300810299908846e+01 -1.373839390401155978e-09 2.392495922573269457e-07 0.000000000000000000e+00 -1.373839390401155978e-09 0.000000000000000000e+00 2.392495922573269457e-07 0.000000000000000000e+00 2.392495922573269457e-07
4.031892725206589034e+01 -1.343932740667919947e-09 2.375900987794249050e-07 0.000000000000000000e+00 -1.343932740667919947e-09 0.000000000000000000e+00 2.375900987794249050e-07 0.000000000000000000e+00 2.375900987794249050e-07
4.487799274248540371e+01 -1.265724884126348375e-09 2.339610357445709261e-07 0.000000000000000000e+00 -1.265724884126348375e-09 0.000000000000000000e+00 2.339610357445709261e-07 0.000000000000000000e+00 2.339610357445709261e-07
4.995257487887015913e+01 -1.143056159944095450e-09 2.285280941334758391e-07 0.000000000000000000e+00 -1.143056159944095450e-09 0.000000000000000000e+00 2.285280941334758391e-07 0.000000000000000000e+00 2.285280941334758391e-07
5.560096574165519456e+01 -9.963110492709645421e-10 2.218778814964455224e-07 0.000000000000000000e+00 -9.963110492709645421e-10 0.000000000000000000e+00 2.218778814964455224e-07 0.000000000000000000e+00 2.218778814964455224e-07
6.188804879230252709e+01 -8.616355109149548050e-10 2.146124696488760448e-07 0.000000000000000000e+00 -8.616355109149548050e-10 0.000000000000000000e+00 2.146124696488760448e-07 0.000000000000000000e+00 2.146124696488760448e-07
6.888604419417499969e+01 -7.423420275488960190e-10 2.066798998074662113e-07 0.000000000000000000e+00 -7.423420275488960190e-10 0.000000000000000000e+00 2.066798998074662113e-07 0.000000000000000000e+00 2.066798998074662113e-07
7.667533841060405564e+01 -5.961155542760569611e-10 1.973611798560617927e-07 0.000000000000000000e+00 -5.961155542760569611e-10 0.000000000000000000e+00 1.973611798560617927e-07 0.000000000000000000e+00 1.973611798560617927e-07
8.534540760983165342e+01 -3.861862207476939343e-10 1.861996669971593917e-07 0.000000000000000000e+00 -3.861862207476939343e-10 0.000000000000000000e+00 1.861996669971593917e-07 0.000000000000000000e+00 1.861996669971593917e-07
9.499584548401358575e+01 -1.436918038507765961e-10 1.739947036891061939e-07 0.000000000000000000e+00 -1.436918038507765961e-10 0.000000000000000000e+00 1.739947036891061939e-07 0.000000000000000000e+00 1.739947036891061939e-07
1.057375072889466310e+02 7.833703230494375518e-11 1.617436753083085922e-07 0.000000000000000000e+00 7.833703230494375518e-11 0.000000000000000000e+00 1.617436753083085922e-07 0.000000000000000000e+00 1.617436753083085922e-07
1.176937832461472624e+02 2.928011218476781809e-10 1.494037166388381064e-07 0.000000000000000000e+00 2.928011218476781809e-10 0.000000000000000000e+00 1.494037166388381064e-07 0.000000000000000000e+00 1.494037166388381064e-07
1.310020159349736844e+02 5.104564975355968630e-10 1.369796607000214694e-07 0.000000000000000000e+00 5.104564975355968630e-10 0.000000000000000000e+00 1.369796607000214694e-07 0.000000000000000000e+00 1.369796607000214694e-07
1.458150779564580262e+02 7.252113886333088339e-10 1.247024305528781233e-07 0.000000000000000000e+00 7.252113886333088339e-10 0.000000000000000000e+00 1.247024305528781233e-07 0.000000000000000000e+00 1.247024305528781233e-07
1.623031279915676635e+02 9.785913916588480774e-10 1.123539127117720292e-07 0.000000000000000000e+00 9.785913916588480774e-10 0.000000000000000000e+00 1.123539127117720292e-07 0.000000000000000000e+00 1.123539127117720292e-07
1.806555654259147161e+02 1.210887269400042160e-09 1.008415065742558651e-07 0.000000000000000000e+00 1.210887269400042160e-09 0.000000000000000000e+00 1.008415065742558651e-07 0.000000000000000000e+00 1.008415065742558651e-07
2.010832059937378347e+02 1.397849987169926483e-09 9.045571120440840951e-08 0.000000000000000000e+00 1.397849987169926483e-09 0.000000000000000000e+00 9.045571120440840951e-08 0.000000000000000000e+00 9.045571120440840951e-08
2.238207034330328042e+02 1.602292618739354147e-09 8.053915311870527830e-08 0.000000000000000000e+00 1.602292618739354147e-09 0.000000000000000000e+00 8.053915311870527830e-08 0.000000000000000000e+00 8.053915311870527830e-08
2.491292449694543905e+02 1.819144236446279736e-09 7.121900403529492187e-08 0.000000000000000000e+00 1.819144236446279736e-09 0.000000000000000000e+00 7.121900403529492187e-08 0.000000000000000000e+00 7.121900403529492187e-08
2.772995515922919481e+02 1.976846794476713286e-09 6.304567198194998817e-08 0.000000000000000000e+00 1.976846794476713286e-09 0.000000000000000000e+00 6.304567198194998817e-08 0.000000000000000000e+00 6.304567198194998817e-08
3.086552175868076802e+02 2.130465964676077832e-09 5.537569581598133920e-08 0.000000000000000000e+00 2.130465964676077832e-09 0.000000000000000000e+00 5.537569581598133920e-08 0.000000000000000000e+00 5.537569581598133920e-08
3.435564276845046834e+02 2.271114212178605515e-09 4.818800672306397420e-08 0.000000000000000000e+00 2.271114212178605515e-09 0.000000000000000000e+00 4.818800672306397420e-08 0.000000000000000000e+00 4.818800672306397420e-08
3.824040945302937757e+02 2.363039113084339892e-09 4.168426915269127531e-08 0.000000000000000000e+00 2.363039113084339892e-09 0.000000000000000000e+00 4.168426915269127531e-08 0.000000000000000000e+00 4.168426915269127531e-08
4.256444639942141634e+02 2.436844046660814641e-09 3.559688623939201946e-08 0.000000000000000000e+00 2.436844046660814641e-09 0.000000000000000000e+00 3.559688623939201946e-08 0.000000000000000000e+00 3.559688623939201946e-08
4.737742412289155709e+02 2.483159488658389083e-09 3.011856361324269153e-08 0.000000000000000000e+00 2.483159488658389083e-09 0.000000000000000000e+00 3.011856361324269153e-08 0.000000000000000000e+00 3.011856361324269153e-08
5.273462963565856398e+02 2.505087816466192904e-09 2.533806648856063939e-08 0.000000000000000000e+00 2.505087816466192904e-09 0.000000000000000000e+00 2.533806648856063939e-08 0.000000000000000000e+00 2.533806648856063939e-08
5.869760153267689020e+02 2.513740902662005272e-09 2.126451359558339415e-08 0.000000000000000000e+00 2.513740902662005272e-09 0.000000000000000000e+00 2.126451359558339415e-08 0.000000000000000000e+00 2.126451359558339415e-08
6.533483688978308237e+02 2.498873421096398961e-09 1.786685030056612973e-08 0.000000000000000000e+00 2.498873421096398961e-09 0.000000000000000000e+00 1.786685030056612973e-08 0.000000000000000000e+00 1.786685030056612973e-08
7.272257809440862957e+02 2.457748327580303894e-09 1.496312714708603102e-08 0.000000000000000000e+00 2.457748327580303894e-09 0.000000000000000000e+00 1.496312714708603102e-08 0.000000000000000000e+00 1.496312714708603102e-08
8.094568864722074295e+02 2.394719911179705127e-09 1.240225505916603987e-08 0.000000000000000000e+00 2.394719911179705127e-09 0.000000000000000000e+00 1.240225505916603987e-08 0.000000000000000000e+00 1.240225505916603987e-08
9.009862799510120794e+02 2.320452776157899251e-09 1.017397726247757370e-08 0.000000000000000000e+00 2.320452776157899251e-09 0.000000000000000000e+00 1.017397726247757370e-08 0.000000000000000000e+00 1.017397726247757370e-08
1.002865365934268880e+03 2.236202004539563488e-09 8.323349814645087312e-09 0.000000000000000000e+00 2.236202004539563488e-09 0.000000000000000000e+00 8.323349814645087312e-09 0.000000000000000000e+00 8.323349814645087312e-09
1.116264436618460877e+03 2.133658533288482291e-09 6.823063835896059976e-09 0.000000000000000000e+00 2.133658533288482291e-09 0.000000000000000000e+00 6.823063835896059976e-09 0.000000000000000000e+00 6.823063835896059976e-09
1.242486115071199492e+03 2.024514519000528776e-09 5.552065833262297427e-09 0.000000000000000000e+00 2.024514519000528776e-09 0.000000000000000000e+00 5.552065833262297427e-09 0.000000000000000000e+00 5.552065833262297427e-09
1.382980318553656389e+03 1.910157430318456963e-09 4.480521776262434675e-09 0.000000000000000000e+00 1.910157430318456963e-09 0.000000000000000000e+00 4.480521776262434675e-09 0.000000000000000000e+00 4.480521776262434675e-09
1.539360913821697523e+03 1.788796528123251180e-09 3.619275100286192938e-09 0.000000000000000000e+00 1.788796528123251180e-09 0.000000000000000000e+00 3.619275100286192938e-09 0.000000000000000000e+00 3.619275100286192938e-09
1.713424255726343517e+03 1.667017801397307219e-09 2.906602184648518536e-09 0.000000000000000000e+00 1.667017801397307219e-09 0.000000000000000000e+00 2.906602184648518536e-09 0.000000000000000000e+00 2.906602184648518536e-09
1.907169822067742189e+03 1.543407468262658341e-09 2.324987765925168555e-09 0.000000000000000000e+00 1.543407468262658341e-09 0.000000000000000000e+00 2.324987765925168555e-09 0.000000000000000000e+00 2.324987765925168555e-09
2.122823181736748211e+03 1.421356985447707631e-09 1.854995813603694491e-09 0.000000000000000000e+00 1.421356985447707631e-09 0.000000000000000000e+00 1.854995813603694491e-09 0.000000000000000000e+00 1.854995813603694491e-09
2.362861559980607581e+03 1.301610657257126639e-09 1.474143590450637353e-09 0.000000000000000000e+00 1.301610657257126639e-09 0.000000000000000000e+00 1.474143590450637353e-09 0.000000000000000000e+00 1.474143590450637353e-09
2.630042294462951304e+03 1.185397253425882258e-09 1.167972781646055946e-09 0.000000000000000000e+00 1.185397253425882258e-09 0.000000000000000000e+00 1.167972781646055946e-09 0.000000000000000000e+00 1.167972781646055946e-09
2.927434508994474982e+03 1.073813694078868271e-09 9.227156204860767885e-10 0.000000000000000000e+00 1.073813694078868271e-09 0.000000000000000000e+00 9.227156204860767885e-10 0.000000000000000000e+00 9.227156204860767885e-10
3.258454368773508122e+03 9.676160553054165042e-10 7.267454059729908423e-10 0.000000000000000000e+00 9.676160553054165042e-10 0.000000000000000000e+00 7.267454059729908423e-10 0.000000000000000000e+00 7.267454059729908423e-10
3.626904322114499791e+03 8.674083024724762297e-10 5.708443219832111969e-10 0.000000000000000000e+00 8.674083024724762297e-10 0.000000000000000000e+00 5.708443219832111969e-10 0.000000000000000000e+00 5.708443219832111969e-10
4.037016779438275080e+03 7.736270102574458658e-10 4.472193525568262666e-10 0.000000000000000000e+00 7.736270102574458658e-10 0.000000000000000000e+00 4.472193525568262666e-10 0.000000000000000000e+00 4.472193525568262666e-10
4.493502731267226409e+03 6.865303067147153420e-10 3.494914153319356850e-10 0.000000000000000000e+00 6.865303067147153420e-10 0.000000000000000000e+00 3.494914153319356850e-10 0.000000000000000000e+00 3.494914153319356850e-10
5.001605863702974602e+03 6.062447842808284778e-10 2.724706993584912499e-10 0.000000000000000000e+00 6.062447842808284778e-10 0.000000000000000000e+00 2.724706993584912499e-10 0.000000000000000000e+00 2.724706993584912499e-10
5.567162793016338583e+03 5.327559648268931677e-10 2.119399702738380021e-10 0.000000000000000000e+00 5.327559648268931677e-10 0.000000000000000000e+00 2.119399702738380021e-10 0.000000000000000000e+00 2.119399702738380021e-10
6.196670111266974345e+03 4.659494361972722766e-10 1.644998407737632131e-10 0.000000000000000000e+00 4.659494361972722766e-10 0.000000000000000000e+00 1.644998407737632131e-10 0.000000000000000000e+00 1.644998407737632131e-10
6.897359013111165041e+03 4.056130786999733031e-10 1.274146429781585295e-10 0.000000000000000000e+00 4.056130786999733031e-10 0.000000000000000000e+00 1.274146429781585295e-10 0.000000000000000000e+00 1.274146429781585295e-10
7.677278361042189317e+03 3.514645186078935113e-10 9.849522237324884066e-11 0.000000000000000000e+00 3.514645186078935113e-10 0.000000000000000000e+00 9.849522237324884066e-11 0.000000000000000000e+00 9.849522237324884066e-11
8.545387143236317570e+03 3.031660395677890182e-10 7.599625899291187779e-11 0.000000000000000000e+00 3.031660395677890182e-10 0.000000000000000000e+00 7.599625899291187779e-11 0.000000000000000000e+00 7.599625899291187779e-11
9.511657386079081334e+03 2.603434048325502327e-10 5.853124418034563744e-11 0.000000000000000000e+00 2.603434048325502327e-10 0.000000000000000000e+00 5.853124418034563744e-11 0.000000000000000000e+00 5.853124418034563744e-11
1.058718870352829254e+04 2.188537629456398162e-10 4.492394727732474252e-11 0.000000000000000000e+00 2.188537629456398162e-10 0.000000000000000000e+00 4.492394727732474252e-11 0.000000000000000000e+00 4.492394727732474252e-11
1.178433579916051713e+04 1.865492854447139452e-10 3.448477805081193319e-11 0.000000000000000000e+00 1.865492854447139452e-10 0.000000000000000000e+00 3.448477805081193319e-11 0.000000000000000000e+00 3.448477805081193319e-11
1.311685038551288017e+04 1.583160932330944195e-10 2.642968511099025306e-11 0.000000000000000000e+00 1.583160932330944195e-10 0.000000000000000000e+00 2.642968511099025306e-11 0.000000000000000000e+00 2.642968511099025306e-11
1.460003915097147365e+04 1.337768441283804372e-10 2.022556870747502629e-11 0.000000000000000000e+00 1.337768441283804372e-10 0.000000000000000000e+00 2.022556870747502629e-11 0.000000000000000000e+00 2.022556870747502629e-11
1.625093958876844590e+04 1.125632894167938238e-10 1.545545695992996753e-11 0.000000000000000000e+00 1.125632894167938238e-10 0.000000000000000000e+00 1.545545695992996753e-11 0.000000000000000000e+00 1.545545695992996753e-11
1.808851570786662342e+04 9.062722421332416880e-11 1.170526008926290303e-11 0.000000000000000000e+00 9.062722421332416880e-11 0.000000000000000000e+00 1.170526008926290303e-11 0.000000000000000000e+00 1.170526008926290303e-11
2.013387587385212828e+04 7.580529732727320843e-11 8.921293347105053811e-12 0.000000000000000000e+00 7.580529732727320843e-11 0.000000000000000000e+00 8.921293347105053811e-12 0.000000000000000000e+00 8.921293347105053811e-12
2.241051528221264743e+04 6.313621165238679429e-11 6.790761716482147448e-12 0.000000000000000000e+00 6.313621165238679429e-11 0.000000000000000000e+00 6.790761716482147448e-12 0.000000000000000000e+00 6.790761716482147448e-12
2.494458584929090648e+04 5.236528917317864002e-11 5.162703920253058505e-12 0.000000000000000000e+00 5.236528917317864002e-11 0.000000000000000000e+00 5.162703920253058505e-12 0.000000000000000000e+00 5.162703920253058505e-12
2.776519662118276028e+04 4.079849538883266233e-11 3.859997695674229498e-12 0.000000000000000000e+00 4.079849538883266233e-11 0.000000000000000000e+00 3.859997695674229498e-12 0.000000000000000000e+00 3.859997695674229498e-12
3.090474815138586200e+04 3.365398680034001226e-11 2.928209812552776782e-12 0.000000000000000000e+00 3.365398680034001226e-11 0.000000000000000000e+00 2.928209812552776782e-12 0.000000000000000000e+00 2.928209812552776782e-12
3.439930468822552211e+04 2.561060512072948831e-11 2.166556645792931227e-12 0.000000000000000000e+00 2.561060512072948831e-11 0.000000000000000000e+00 2.166556645792931227e-12 0.000000000000000000e+00 2.166556645792931227e-12
3.828900844740607135e+04 1.914855666802598315e-11 1.589430301342075901e-12 0.000000000000000000e+00 1.914855666802598315e-11 0.000000000000000000e+00 1.589430301342075901e-12 0.000000000000000000e+00 1.589430301342075901e-12
4.261854072845193878e+04 1.569977873785409152e-11 1.202349194854685330e-12 0.000000000000000000e+00 1.569977873785409152e-11 0.000000000000000000e+00 1.202349194854685330e-12 0.000000000000000000e+00 1.202349194854685330e-12
4.743763517192281142e+04 1.156565137927667531e-11 8.750518430505901623e-13 0.000000000000000000e+00 1.156565137927667531e-11 0.000000000000000000e+00 8.750518430505901623e-13 0.000000000000000000e+00 8.750518430505901623e-13
