1.056032981064548126e+00 1.234816286921003450e-08 4.085143521038725048e-07 1.490402820265086666e-09 1.234816286368224455e-08 5.527792397169297577e-18 1.215289182811846003e-07 8.480742631289244519e-08 4.132819001872227255e-07
1.175443983510534363e+00 1.760199884921440823e-08 6.063204213299462106e-07 1.490402820265086666e-09 1.760199883882156874e-08 1.039283587365292207e-17 1.697320746415534261e-07 1.357182532188151224e-07 6.136682662371422510e-07
1.308357393325258133e+00 1.760199677429269897e-08 6.486575221627050737e-07 1.490402820265086666e-09 1.760199676389985948e-08 1.039283587365288509e-17 1.815098115391438474e-07 1.452588185608599201e-07 6.565202178183727916e-07
1.456299996156748877e+00 1.760199426321731060e-08 6.947514044895830400e-07 1.490402820265086666e-09 1.760199425282447111e-08 1.039283587365283270e-17 1.943260840567693950e-07 1.556519392212659833e-07 7.031747981040234315e-07
1.620971219045888478e+00 2.001715580874663745e-08 8.528386865883398243e-07 1.490402820265086666e-09 2.001715579439746257e-08 1.434917244310118490e-17 2.297254101867270954e-07 2.001064464767448001e-07 8.634141316597354108e-07
1.804262651863866251e+00 2.001715208864886550e-08 9.161892554543905047e-07 1.490402820265086666e-09 2.001715207429969063e-08 1.434917244310109862e-17 2.466171733416900035e-07 2.151276004787899500e-07 9.275545388629000596e-07
2.008279776137516404e+00 2.098303611857347703e-08 1.043730766169749494e-06 1.490402820265086666e-09 2.098303610148988127e-08 1.708359593979522287e-17 2.748327270674078074e-07 2.518787196297937338e-07 1.056852791089248848e-06
2.235366150863083323e+00 2.098303063053097818e-08 1.123023847751727644e-06 1.490402820265086666e-09 2.098303061344738242e-08 1.708359593979508729e-17 2.954345835838959625e-07 2.712762917859214492e-07 1.137149808135245466e-06
2.488130333132567262e+00 2.133638415692745811e-08 1.239517225128234717e-06 1.490402820265086666e-09 2.133638413815560988e-08 1.877184794946411461e-17 3.221053410042273868e-07 3.041256747356906136e-07 1.255224645251621091e-06
2.769475842811750965e+00 2.145793753226978236e-08 1.348700335312444776e-06 1.490402820265086666e-09 2.145793751254051889e-08 1.972925387201015885e-17 3.481101428739376226e-07 3.338190114614107356e-07 1.365863121756183868e-06
3.082634515476230241e+00 2.151058745801982858e-08 1.460931258492706099e-06 1.490402820265086666e-09 2.151058743752822885e-08 2.049159517677764039e-17 3.751655927720916426e-07 3.640251272217645179e-07 1.479579460287702170e-06
3.431203626733101864e+00 2.151449931409096743e-08 1.572969846697018019e-06 1.490402820265086666e-09 2.151449929347731555e-08 2.061365211828424339e-17 4.030844463057434920e-07 3.928851482446780612e-07 1.593072174076154729e-06
3.819187214377767425e+00 2.151602369539102061e-08 1.692023071682399815e-06 1.490402820265086666e-09 2.151602367469608996e-08 2.069492724840115625e-17 4.326902945365970659e-07 4.235887217246389785e-07 1.713671549678209777e-06
4.251042073056519932e+00 2.151615202438232419e-08 1.817832504429926128e-06 1.490402820265086666e-09 2.151615200367020803e-08 2.071211466918118279e-17 4.639149976229883365e-07 4.560453229219469582e-07 1.841115559239735572e-06
4.731728949778890581e+00 2.151612996294724912e-08 1.950253873362384045e-06 1.490402820265086666e-09 2.151612994223513297e-08 2.071211466918060655e-17 4.966003309590876431e-07 4.903751563255214110e-07 1.975262014978425565e-06
5.266769528365972342e+00 2.151610282204632068e-08 2.088745085766771888e-06 1.490402820265086666e-09 2.151610280133420121e-08 2.071211466917989781e-17 5.305376847288283887e-07 5.265252904211885140e-07 2.115563811758850286e-06
5.862309857419115922e+00 2.151606957521651865e-08 2.232612454119192875e-06 1.490402820265086666e-09 2.151606955450440250e-08 2.071211466917903499e-17 5.655309621170694870e-07 5.643440932592803924e-07 2.261318911725109274e-06
6.525190950410857837e+00 2.151602859115474736e-08 2.379825226989065010e-06 1.490402820265086666e-09 2.151602857044263120e-08 2.071211466917796880e-17 6.010043530945110458e-07 6.033855714484484446e-07 2.410472133576385240e-06
7.263027368885755841e+00 2.151597819614749421e-08 2.529545429880607247e-06 1.490402820265086666e-09 2.151597817543537805e-08 2.071211466917665917e-17 6.366883719899126212e-07 6.434946769212452313e-07 2.562176198914292932e-06
8.084294691462201143e+00 2.151591629347331371e-08 2.680227283025588604e-06 1.490402820265086666e-09 2.151591627276119755e-08 2.071211466917504755e-17 6.721431207913738009e-07 6.843303445370759751e-07 2.714866707271657524e-06
8.998426873397548320e+00 2.151584021442034971e-08 2.829669590569492227e-06 1.490402820265086666e-09 2.151584019370823356e-08 2.071211466917306923e-17 7.067610505729880443e-07 7.253884880679196878e-07 2.866315467382024433e-06
1.001592461509324039e+01 2.151574666750321624e-08 2.975314557514806606e-06 1.490402820265086666e-09 2.151574664679109678e-08 2.071211466917063177e-17 7.398485352490927794e-07 7.660722346063718627e-07 3.013933010723532741e-06
1.114847598437533449e+01 2.151563120899956670e-08 3.114174546019330105e-06 1.490402820265086666e-09 2.151563118828745055e-08 2.071211466916762116e-17 7.705873128618243762e-07 8.056929205627643636e-07 3.154694933935550631e-06
1.240909067814867583e+01 2.151548844179269952e-08 3.243097752942182932e-06 1.490402820265086666e-09 2.151548842108058336e-08 2.071211466916392029e-17 7.981642770057828512e-07 8.434755461173937598e-07 3.285409358235059885e-06
1.381224946569640366e+01 2.151531247854068476e-08 3.359043249541509031e-06 1.490402820265086666e-09 2.151531245782857191e-08 2.071211466915935045e-17 8.218482850474514639e-07 8.786243583646265030e-07 3.402995364064432933e-06
1.537407053029052229e+01 2.151509548262522022e-08 3.458164937368659185e-06 1.490402820265086666e-09 2.151509546191310406e-08 2.071211466915370824e-17 8.407339815184745581e-07 9.101108608968339162e-07 3.503555728819293176e-06
1.711249461989307719e+01 2.151482723985847099e-08 3.535804400106891286e-06 1.490402820265086666e-09 2.151482721914635815e-08 2.071211466914674100e-17 8.537552726761366831e-07 9.366647913665507944e-07 3.582369395856026576e-06
1.904749113378321468e+01 2.151449528776914601e-08 3.589021839308061211e-06 1.490402820265086666e-09 2.151449526705703316e-08 2.071211466913811283e-17 8.602903564001355093e-07 9.574334240400867315e-07 3.636455699499415875e-06
2.120128751244688203e+01 2.151408538558596163e-08 3.616013021274063749e-06 1.490402820265086666e-09 2.151408536487384878e-08 2.071211466912744780e-17 8.601219960148510183e-07 9.717312409256454182e-07 3.663980968226503791e-06
2.359862456574094125e+01 2.151357916113509575e-08 3.614396315918630041e-06 1.490402820265086666e-09 2.151357914042297628e-08 2.071211466911427136e-17 8.529065870190417104e-07 9.787073970578926781e-07 3.662526169757657035e-06
2.626704067231091244e+01 2.151295390661124005e-08 3.582268777876115101e-06 1.490402820265086666e-09 2.151295388589912059e-08 2.071211466909800110e-17 8.384501536808745368e-07 9.775913818238578490e-07 3.630156140642688495e-06
2.923718811487309566e+01 2.151218156996780428e-08 3.518318680962834896e-06 1.490402820265086666e-09 2.151218154925568813e-08 2.071211466907787899e-17 8.166841701749703424e-07 9.677769035222678526e-07 3.565535010588246324e-06
3.254318518513449021e+01 2.151122747814968787e-08 3.422138693735845778e-06 1.490402820265086666e-09 2.151122745743757502e-08 2.071211466905300522e-17 7.877410735413881090e-07 9.488944758082204177e-07 3.468243379385397041e-06
3.622300810299908846e+01 2.151004886833572078e-08 3.294419506515114183e-06 1.490402820265086666e-09 2.151004884762360463e-08 2.071211466902226738e-17 7.519071889527262260e-07 9.209595223564801380e-07 3.338977156061389413e-06
4.031892725206589034e+01 2.150858819689297924e-08 3.136710276598861164e-06 1.490402820265086666e-09 2.150858817618086640e-08 2.071211466898424490e-17 7.096088009914061140e-07 8.842605960193751869e-07 3.179303765180149713e-06
4.487799274248540371e+01 2.150677893231980863e-08 2.953650379079685769e-06 1.490402820265086666e-09 2.150677891160768916e-08 2.071211466893716901e-17 6.620900977472589802e-07 8.398258580152828897e-07 2.993919776837168394e-06
4.995257487887015913e+01 2.150454175911349714e-08 2.754841125492861230e-06 1.490402820265086666e-09 2.150454173840138099e-08 2.071211466887895045e-17 6.120290104082353811e-07 7.897836758599612232e-07 2.792542664984855921e-06
5.560096574165519456e+01 2.150177568165361299e-08 2.552263603273924426e-06 1.490402820265086666e-09 2.150177566094150014e-08 2.071211466880696998e-17 5.628020234835532856e-07 7.367951338849342905e-07 2.587297065174166102e-06
6.188804879230252709e+01 2.149835545716694758e-08 2.356392008405916212e-06 1.490402820265086666e-09 2.149835543645483143e-08 2.071211466871790265e-17 5.170975651367803092e-07 6.834600322596217034e-07 2.388788975172097857e-06
6.888604419417499969e+01 2.149412398902568588e-08 2.169889555255722725e-06 1.490402820265086666e-09 2.149412396831356641e-08 2.071211466860751451e-17 4.750207280844714939e-07 6.310164034936082085e-07 2.199730441024621636e-06
7.667533841060405564e+01 2.148887690549613890e-08 1.983988749633850565e-06 1.490402820265086666e-09 2.148887688478402274e-08 2.071211466847049615e-17 4.333262806020508838e-07 5.783051934576808341e-07 2.011271883766197084e-06
8.534540760983165342e+01 2.148238796447391419e-08 1.793449788807973116e-06 1.490402820265086666e-09 2.148238794376180134e-08 2.071211466830087257e-17 3.899274450890844612e-07 5.248240323055840485e-07 1.818131012705567494e-06
9.499584548401358575e+01 2.147436554310586068e-08 1.605914254623401834e-06 1.490402820265086666e-09 2.147436552239374783e-08 2.071211466809089998e-17 3.467942624269483856e-07 4.725469958983465055e-07 1.628047333317732418e-06
1.057375072889466310e+02 2.146445050119832580e-08 1.434346233640114309e-06 1.490402820265086666e-09 2.146445048048621296e-08 2.071211466783098572e-17 3.076222631168181795e-07 4.243932311775759291e-07 1.454137331203326424e-06
1.176937832461472624e+02 2.145220115405578190e-08 1.282767978698475983e-06 1.490402820265086666e-09 2.145220113334366244e-08 2.071211466750919518e-17 2.735412048081967774e-07 3.813004589549781115e-07 1.300470841176382837e-06
1.310020159349736844e+02 2.143707533236416393e-08 1.143809261282736622e-06 1.490402820265086666e-09 2.143707531165204777e-08 2.071211466711084200e-17 2.426033726217409418e-07 3.415309516785859108e-07 1.159587569768878056e-06
1.458150779564580262e+02 2.141840802620249568e-08 1.007513027190313502e-06 1.490402820265086666e-09 2.141840800549037953e-08 2.071211466661758514e-17 2.122480022142427331e-07 3.026508037396801782e-07 1.021406766246130470e-06
1.623031279915676635e+02 2.139538660482675587e-08 8.709706530355680346e-07 1.490402820265086666e-09 2.139538658411463640e-08 2.071211466600693901e-17 1.816137654058234861e-07 2.639663119690065512e-07 8.829909964812848691e-07
1.806555654259147161e+02 2.136702009989029945e-08 7.487942748328952422e-07 1.490402820265086666e-09 2.136702007917818329e-08 2.071211466525113631e-17 1.547644569902695622e-07 2.286804951755396399e-07 7.591203523973465342e-07
2.010832059937378347e+02 2.133202835899495419e-08 6.465105078267704068e-07 1.490402820265086666e-09 2.133202833828283473e-08 2.071211466431474609e-17 1.332106808379950442e-07 1.980408170633489763e-07 6.553825949778335444e-07
2.238207034330328042e+02 2.128891714631165672e-08 5.510669451593905898e-07 1.490402820265086666e-09 2.128891712559954387e-08 2.071211466315452583e-17 1.131959637606468774e-07 1.692970521394771175e-07 5.585810147009344698e-07
2.491292449694543905e+02 2.123597159766443892e-08 4.608419006178713592e-07 1.490402820265086666e-09 2.123597157695232276e-08 2.071211466171822274e-17 9.391715909887559942e-08 1.424831695643420509e-07 4.670912941344094293e-07
2.772995515922919481e+02 2.117107559021587517e-08 3.908354419909588835e-07 1.490402820265086666e-09 2.117107556950375571e-08 2.071211465994031823e-17 7.940711821298297581e-08 1.211116004169191038e-07 3.960808465139122884e-07
3.086552175868076802e+02 2.109171912863713111e-08 3.279370870010198060e-07 1.490402820265086666e-09 2.109171910792501826e-08 2.071211465773970754e-17 6.639127357649386617e-08 1.019082893863536884e-07 3.322823919541771087e-07
3.435564276845046834e+02 2.099490651922257765e-08 2.711415933200641968e-07 1.490402820265086666e-09 2.099490649851046150e-08 2.071211465501184502e-17 5.447577295867800853e-08 8.479075857373430291e-08 2.746859180499059594e-07
3.824040945302937757e+02 2.087710958130357159e-08 2.271136779528134369e-07 1.490402820265086666e-09 2.087710956059145543e-08 2.071211465162924643e-17 4.541808864105459035e-08 7.128217484761252808e-08 2.300260318251424969e-07
4.256444639942141634e+02 2.073418284772752157e-08 1.862765308424501120e-07 1.490402820265086666e-09 2.073418282701540873e-08 2.071211464743139708e-17 3.710400731427047684e-08 5.866853370332225451e-08 1.886053585236880081e-07
4.737742412289155709e+02 2.056188433972141842e-08 1.533872352857321134e-07 1.490402820265086666e-09 2.056188431900930227e-08 2.071211464223138623e-17 3.041091009339500874e-08 4.848245391041419835e-08 1.552461181847169653e-07
5.273462963565856398e+02 2.035532524705651542e-08 1.251017829390051950e-07 1.490402820265086666e-09 2.035532522634440257e-08 2.071211463579056189e-17 2.469437141448494358e-08 3.967822138097390700e-08 1.265577147159290642e-07
5.869760153267689020e+02 2.010927060884999727e-08 1.017996260187962086e-07 1.490402820265086666e-09 2.010927058813788112e-08 2.071211462781352954e-17 2.001118297126766810e-08 3.239099138399650616e-08 1.029238358291862933e-07
6.533483688978308237e+02 1.981829231117618752e-08 8.240064622623496704e-08 1.490402820265086666e-09 1.981829229046407137e-08 2.071211461793329322e-17 1.612443875621265850e-08 2.631082786489068241e-08 8.325081944066080497e-08
7.272257809440862957e+02 1.947698943546557347e-08 6.641650561660112411e-08 1.490402820265086666e-09 1.947698941475346063e-08 2.071211460569734568e-17 1.293447199866766197e-08 2.128460637201024156e-08 6.704283604012682354e-08
8.094568864722074295e+02 1.908024419997535784e-08 5.332461034324035291e-08 1.490402820265086666e-09 1.908024417926324168e-08 2.071211459054144798e-17 1.033573542916466859e-08 1.714921549707184129e-08 5.376957213789270907e-08
9.009862799510120794e+02 1.862353969357688205e-08 4.266856097382530432e-08 1.490402820265086666e-09 1.862353967286476920e-08 2.071211457177095572e-17 8.226958484431545834e-09 1.377531866252107505e-08 4.296844914692893457e-08
1.002865365934268880e+03 1.810327935233082846e-08 3.398778027610418887e-08 1.490402820265086666e-09 1.810327933161871230e-08 2.071211454853042012e-17 6.517571384783206850e-09 1.101620800807770751e-08 3.417216448969458460e-08
1.116264436618460877e+03 1.751736494519649302e-08 2.697421974192631383e-08 1.490402820265086666e-09 1.751736492448437686e-08 2.071211451974536024e-17 5.142476882165128676e-09 8.779426334514108378e-09 2.706814417620428114e-08
1.242486115071199492e+03 1.686597997140187197e-08 2.132743220615457957e-08 1.490402820265086666e-09 1.686597995068975912e-08 2.071211448405532689e-17 4.040122937261991402e-09 6.972768828099398752e-09 2.135161434913229105e-08
1.382980318553656389e+03 1.614884455135430688e-08 1.679816893880258114e-08 1.490402820265086666e-09 1.614884453064219072e-08 2.071211443986071972e-17 3.160058031741871616e-09 5.518551360418230369e-09 1.676966338167885521e-08
1.539360913821697523e+03 1.536800087976154168e-08 1.318239434527371927e-08 1.490402820265086666e-09 1.536800085904942553e-08 2.071211438514131215e-17 2.460805848644671416e-09 4.353602236064614193e-09 1.311521311851372527e-08
1.713424255726343517e+03 1.452731527430714771e-08 1.030661756169183790e-08 1.490402820265086666e-09 1.452731525359503321e-08 2.071211431739770627e-17 1.907486120611057013e-09 3.423697348339929635e-09 1.021217537318032504e-08
1.907169822067742189e+03 1.363261706964666938e-08 8.034947250092316047e-09 1.490402820265086666e-09 1.363261704893455819e-08 2.071211423349431248e-17 1.472869355211040061e-09 2.686175428417208958e-09 7.922573705677958609e-09
2.122823181736748211e+03 1.269227417857248526e-08 6.252320551482725326e-09 1.490402820265086666e-09 1.269227415786037076e-08 2.071211412942484213e-17 1.134290377962259851e-09 2.104459976342689478e-09 6.129526060447897057e-09
2.362861559980607581e+03 1.172115864310396860e-08 4.850459104626594399e-09 1.490402820265086666e-09 1.172115862239185409e-08 2.071211400026143829e-17 8.700011855805491646e-10 1.644758578784996064e-09 4.723027396227026540e-09
2.630042294462951304e+03 1.073224529296500610e-08 3.750016117065547335e-09 1.490402820265086666e-09 1.073224527225289325e-08 2.071211384016070009e-17 6.640189156809433250e-10 1.282245519038438615e-09 3.622457080122319891e-09
2.927434508994474982e+03 9.739834183138462488e-09 2.888601450030749384e-09 1.490402820265086666e-09 9.739834162426346332e-09 2.071211364182733432e-17 5.040850840961724061e-10 9.969992402570133873e-10 2.764366012221051753e-09
3.258454368773508122e+03 8.759387259391923896e-09 2.216896576253750427e-09 1.490402820265086666e-09 8.759387238679807740e-09 2.071211339615470297e-17 3.805453172533661436e-10 7.732445689805420797e-10 2.098548507064329944e-09
3.626904322114499791e+03 7.805885437579844654e-09 1.695352639743970764e-09 1.490402820265086666e-09 7.805885416867730152e-09 2.071211309186314279e-17 2.856607063824195617e-10 5.983252012641583762e-10 1.584708558230375082e-09
4.037016779438275080e+03 6.892832671291583147e-09 1.292692979269791889e-09 1.490402820265086666e-09 6.892832650579469472e-09 2.071211271493834259e-17 2.132972577643644548e-10 4.622489376297510893e-10 1.190948189733939330e-09
4.493502731267226409e+03 6.031560829630178281e-09 9.823597971289463035e-10 1.490402820265086666e-09 6.031560808918066260e-09 2.071211224813774739e-17 1.583339386719971314e-10 3.564236620727502791e-10 8.901710609591481853e-10
5.001605863702974602e+03 5.230938815290974767e-09 7.449878253595255316e-10 1.490402820265086666e-09 5.230938794578863574e-09 2.071211166982811029e-17 1.169892543660911112e-10 2.746368659673452178e-10 6.625928997048587295e-10
5.567162793016338583e+03 4.496997317436252265e-09 5.630609886320275035e-10 1.490402820265086666e-09 4.496997296724143554e-09 2.071211095370763464e-17 8.591641861231965924e-11 2.111944920874600598e-10 4.903416061660903640e-10
6.196670111266974345e+03 3.833162819494235899e-09 4.241323265545430961e-10 1.490402820265086666e-09 3.833162798782126360e-09 2.071211006704409644e-17 6.270703313828416018e-11 1.620876061680101861e-10 3.607131902134541967e-10
6.897359013111165041e+03 3.240709826795262360e-09 3.184494909169892394e-10 1.490402820265086666e-09 3.240709806083153235e-09 2.071210896789834043e-17 4.548590482354241713e-11 1.241639235843278136e-10 2.637641104531490137e-10
7.677278361042189317e+03 2.718309020012179896e-09 2.384148888082009386e-10 1.490402820265086666e-09 2.718308999300072839e-09 2.071210760600948995e-17 3.279801025467240002e-11 9.496729565690597964e-11 1.917713555272063947e-10
8.545387143236317570e+03 2.262993606028737738e-09 1.779576452590414601e-10 1.490402820265086666e-09 2.262993585316631922e-09 2.071210591962823122e-17 2.350533150258063027e-11 7.250445802220674586e-11 1.385862777533774897e-10
9.511657386079081334e+03 1.870538324602050354e-09 1.322085825647753448e-10 1.490402820265086666e-09 1.870538303889947019e-09 2.071210383166083965e-17 1.671895560484134551e-11 5.514667542647386220e-11 9.947162254993630835e-11
1.058718870352829254e+04 1.535779211063482582e-09 9.806939884751354423e-11 1.490402820265086666e-09 1.535779190351381728e-09 2.071210124671617456e-17 1.183375360243385111e-11 4.192535146277128829e-11 7.100938938279897169e-11
1.178433579916051713e+04 1.254715041649624185e-09 7.279212054939252565e-11 1.490402820265086666e-09 1.254715020937525814e-09 2.071209804197102124e-17 8.362385738639624095e-12 3.190753201962091133e-11 5.055199419836522308e-11
1.311685038551288017e+04 1.020050064660942377e-09 5.395179658382042643e-11 1.490402820265086666e-09 1.020050043948848348e-09 2.071209406778545169e-17 5.884192628829877834e-12 2.426206362022899044e-11 3.581246810998055133e-11
1.460003915097147365e+04 8.253018919504759367e-10 3.992099258190375743e-11 1.490402820265086666e-09 8.253018712383867674e-10 2.071208913490551323e-17 4.120324900889227598e-12 1.842890147658481142e-11 2.523873233335220659e-11
1.625093958876844590e+04 6.642246952983277907e-10 2.947882473329590796e-11 1.490402820265086666e-09 6.642246745862447218e-10 2.071208302354604043e-17 2.869505817635754361e-12 1.397743643728911441e-11 1.768791956804435231e-11
1.808851570786662342e+04 5.319325644568354627e-10 2.072904119301081312e-11 1.490402820265086666e-09 5.319325437447599418e-10 2.071207545294250081e-17 1.902629484562742279e-12 1.008566080074156108e-11 1.201935296018416426e-11
2.013387587385212828e+04 4.239934750751797289e-10 1.499881330015450493e-11 1.490402820265086666e-09 4.239934543631136689e-10 2.071206607557965454e-17 1.290549465785363566e-12 7.498610616995840168e-12 8.258393620670147303e-12
2.241051528221264743e+04 3.365361053459337329e-10 1.103204695535436624e-11 1.490402820265086666e-09 3.365360846338792017e-10 2.071205445995227514e-17 8.872555338518130536e-13 5.667125382629752070e-12 5.707648948994975171e-12
2.494458584929090648e+04 2.660536957539975094e-10 7.498969431967709417e-12 1.490402820265086666e-09 2.660536750419574539e-10 2.071204007321027112e-17 5.637352121093761151e-13 3.953488034594588711e-12 3.739705438132905267e-12
2.776519662118276028e+04 2.096051845303361731e-10 4.986516315873339002e-12 1.490402820265086666e-09 2.096051638183139020e-10 2.071202225289615100e-17 3.473517728277871527e-13 2.703386493053718751e-12 2.405638281536556138e-12
3.090474815138586200e+04 1.646175284306355168e-10 3.371940334851589884e-12 1.490402820265086666e-09 1.646175077186353211e-10 2.071200017953173086e-17 2.188300604431614344e-13 1.873791770295178076e-12 1.555943947183524927e-12
3.439930468822552211e+04 1.288356340374451653e-10 1.990019326873952687e-12 1.490402820265086666e-09 1.288356133254723182e-10 2.071197284749212324e-17 1.183684646226512228e-13 1.138271594342801396e-12 9.072139534904091446e-13
3.828900844740607135e+04 1.004935033958135677e-10 1.098752267532845568e-12 1.490402820265086666e-09 1.004934826838745833e-10 2.071193900246702319e-17 6.040126253364300857e-14 6.442860745358252872e-13 4.977935429023704652e-13
4.261854072845193878e+04 7.814230775855924209e-11 5.615091100090136319e-13 1.490402820265086666e-09 7.814228704666222420e-11 2.071189702702548546e-17 2.821413076205728126e-14 3.381647685906899529e-13 2.542995585554399958e-13
4.743763517192281142e+04 6.058152520864380547e-11 2.322901339063040255e-13 1.490402820265086666e-09 6.058150449679875779e-11 2.071184504596301975e-17 1.051766231195366312e-14 1.440218057869457258e-13 1.078624979499033177e-13
