1.047376681114152053e+00 8.789547779062241844e-42 2.120361448281673072e-38 0.000000000000000000e+00
1.147378904865844262e+00 8.116074597262656294e-42 2.322449977464768896e-38 0.000000000000000000e+00
1.256929216650817027e+00 7.498871864147286837e-42 2.543851349972198848e-38 0.000000000000000000e+00
1.376939256047382987e+00 6.933482287637942795e-42 2.786401140480417645e-38 0.000000000000000000e+00
1.508407704847735342e+00 6.415853499927865176e-42 3.052114776257108990e-38 0.000000000000000000e+00
1.652428597740346783e+00 5.942501592020544326e-42 3.343216559224793065e-38 0.000000000000000000e+00
1.810200426485989444e+00 5.506194504766926564e-42 3.662143484986538727e-38 0.000000000000000000e+00
1.983036113349190055e+00 5.112390217709647659e-42 4.011559740903469328e-38 0.000000000000000000e+00
2.172373936780469084e+00 4.749817791372075130e-42 4.394360239937152201e-38 0.000000000000000000e+00
2.379789500269210656e+00 4.418475531040057694e-42 4.813684511753424753e-38 0.000000000000000000e+00
2.607008843967693057e+00 4.115642336132007948e-42 5.272909568340854521e-38 0.000000000000000000e+00
2.855922808196662110e+00 3.838795259233385631e-42 5.775387144672049759e-38 0.000000000000000000e+00
3.128602768360589703e+00 3.585868028265435435e-42 6.321638449695113436e-38 0.000000000000000000e+00
3.427317872213148320e+00 3.354848300343213841e-42 6.899102097507149914e-38 0.000000000000000000e+00
3.754553922915217612e+00 3.143970390742176354e-42 7.523695998081220296e-38 0.000000000000000000e+00
4.113034065023922992e+00 2.950862895624434559e-42 8.203181256866496816e-38 0.000000000000000000e+00
4.505741445554233060e+00 2.774730430895198980e-42 8.941744318541150743e-38 0.000000000000000000e+00
4.935944038690323943e+00 2.613834936461117323e-42 9.744184821249630866e-38 0.000000000000000000e+00
5.407221840729851792e+00 2.466826358382314748e-42 1.061560501956996722e-37 0.000000000000000000e+00
5.923496661567464905e+00 2.332575727209209209e-42 1.156067801178987948e-37 0.000000000000000000e+00
6.489064760632228257e+00 2.209963138667450284e-42 1.258496682676004593e-37 0.000000000000000000e+00
7.108632598863702690e+00 2.097988436862882585e-42 1.369417922383887994e-37 0.000000000000000000e+00
7.787356004242504071e+00 1.995569134624261718e-42 1.489362778268631780e-37 0.000000000000000000e+00
8.530883076796710540e+00 1.902144143516115157e-42 1.618911048010140585e-37 0.000000000000000000e+00
9.345401190125155466e+00 1.816815783314298041e-42 1.758642475308841809e-37 0.000000000000000000e+00
1.023768848056787562e+01 1.738779259728723754e-42 1.909110788168746618e-37 0.000000000000000000e+00
1.121517025249811894e+01 1.667498300602912004e-42 2.070846099137234628e-37 0.000000000000000000e+00
1.228598076912194514e+01 1.602359939211864349e-42 2.244355590769726338e-37 0.000000000000000000e+00
1.345903094298667391e+01 1.542636310093974638e-42 2.430085177217291164e-37 0.000000000000000000e+00
1.474408248949403344e+01 1.488460197838826181e-42 2.628361396697787578e-37 0.000000000000000000e+00
1.615182916049993622e+01 1.438861394061184509e-42 2.839523019313399382e-37 0.000000000000000000e+00
1.769398573399677943e+01 1.393420558571368618e-42 3.063686109848742954e-37 0.000000000000000000e+00
1.938338550041915553e+01 1.351867975289678439e-42 3.300871314841828450e-37 0.000000000000000000e+00
2.123408705682203390e+01 1.313875831045798000e-42 3.550819038828596393e-37 0.000000000000000000e+00
2.326149129763491885e+01 1.279141313368942340e-42 3.813170907851092523e-37 0.000000000000000000e+00
2.548246957554494685e+01 1.247400166507534604e-42 4.087193716937379158e-37 0.000000000000000000e+00
2.791550409902576035e+01 1.218349406045452714e-42 4.372093678096256722e-37 0.000000000000000000e+00
3.058084173484374801e+01 1.191769812154694915e-42 4.666350677196860266e-37 0.000000000000000000e+00
3.350066249544163099e+01 1.167516208853017728e-42 4.968209364454916603e-37 0.000000000000000000e+00
3.669926411328104621e+01 1.145231722439510202e-42 5.275834760309767598e-37 0.000000000000000000e+00
4.020326423812159788e+01 1.124850314826233101e-42 5.586212437726916197e-37 0.000000000000000000e+00
4.404182193983774596e+01 1.106172666495692268e-42 5.896388729297991102e-37 0.000000000000000000e+00
4.824688036005658631e+01 1.089061515707531999e-42 6.202170059395784087e-37 0.000000000000000000e+00
5.285343253186462675e+01 1.073435212530640186e-42 6.499577733795693824e-37 0.000000000000000000e+00
5.789981257965639116e+01 1.059053273647822353e-42 6.783206389099689493e-37 0.000000000000000000e+00
6.342801472237731275e+01 1.045863566636344739e-42 7.047296651604764571e-37 0.000000000000000000e+00
6.948404273480723248e+01 1.033758946088692364e-42 7.285423676899322428e-37 0.000000000000000000e+00
7.611829277496100588e+01 1.022645379701926036e-42 7.490232008044352154e-37 0.000000000000000000e+00
8.338597276338916231e+01 1.012436095775850993e-42 7.654313411952665036e-37 0.000000000000000000e+00
9.134756180427312700e+01 1.003059871913829359e-42 7.769375971163282753e-37 0.000000000000000000e+00
1.000693134715016583e+02 9.944186149149660788e-43 7.827839084478393243e-37 0.000000000000000000e+00
1.096238071478445875e+02 9.864633746181409610e-43 7.821497037784749376e-37 0.000000000000000000e+00
1.200905520053401574e+02 9.791292104811885081e-43 7.744467513088983128e-37 0.000000000000000000e+00
1.315566486529429255e+02 9.723614427118681285e-43 7.591922189555687426e-37 0.000000000000000000e+00
1.441175139575057074e+02 9.661108701499959855e-43 7.362690344316340486e-37 0.000000000000000000e+00
1.578776750697290652e+02 9.603348823388376983e-43 7.059129430437982271e-37 0.000000000000000000e+00
1.729516392627509163e+02 9.549830352498128550e-43 6.689269962695973072e-37 0.000000000000000000e+00
1.894648468218269102e+02 9.500117438113052557e-43 6.266567018323584915e-37 0.000000000000000000e+00
2.075547149147497805e+02 9.453945871795246758e-43 5.810433507760905355e-37 0.000000000000000000e+00
2.273717811296867524e+02 9.410935333629103964e-43 5.344342191574058846e-37 0.000000000000000000e+00
2.490809561966414378e+02 9.370783750374722608e-43 4.894302852334097788e-37 0.000000000000000000e+00
2.728628963171397004e+02 9.333222294891327339e-43 4.483195165149314390e-37 0.000000000000000000e+00
2.989155065223001202e+02 9.297993584799683789e-43 4.127228392431510997e-37 0.000000000000000000e+00
3.274555875696430576e+02 9.264775884120026833e-43 3.836969284071093092e-37 0.000000000000000000e+00
3.587206400835506770e+02 9.233435006227600722e-43 3.595787690777569651e-37 0.000000000000000000e+00
3.929708409528589073e+02 9.203703975049191188e-43 3.377512025998708830e-37 0.000000000000000000e+00
4.304912084323515842e+02 9.175362322817516656e-43 3.141689894858172444e-37 0.000000000000000000e+00
4.715939739655653398e+02 9.148266538472469302e-43 2.853134345036512693e-37 0.000000000000000000e+00
5.166211804661829774e+02 9.122148756915621434e-43 2.505752770836612884e-37 0.000000000000000000e+00
5.659475286801639413e+02 9.096922940129584325e-43 2.136651710424683004e-37 0.000000000000000000e+00
6.199834953149968442e+02 9.072362741212849220e-43 1.809332921041022581e-37 0.000000000000000000e+00
6.791787488840413971e+02 9.048290846209079322e-43 1.575673187921981047e-37 0.000000000000000000e+00
7.440258916913708163e+02 9.024531478575487398e-43 1.429360045387094948e-37 0.000000000000000000e+00
8.150645590969156729e+02 9.000908906647501017e-43 1.301096764510552773e-37 0.000000000000000000e+00
8.928859101739425341e+02 8.977242942994782104e-43 1.128534171540484219e-37 0.000000000000000000e+00
9.781375471293952160e+02 8.953350580938981955e-43 9.301504650961152916e-38 0.000000000000000000e+00
1.071528904423998938e+03 8.929040971354795418e-43 7.805830841861093862e-38 0.000000000000000000e+00
1.173837152439038618e+03 8.904113993766185215e-43 6.923401143242376606e-38 0.000000000000000000e+00
1.285913664817961262e+03 8.878357267578772169e-43 6.006695852011488259e-38 0.000000000000000000e+00
1.408691103301366638e+03 8.851543981960472115e-43 4.927980237133284459e-38 0.000000000000000000e+00
1.543191179013896317e+03 8.823431305924006797e-43 4.174357354518607001e-38 0.000000000000000000e+00
1.690533154788281536e+03 8.793758952416821483e-43 3.585993165913012492e-38 0.000000000000000000e+00
1.851943159281576072e+03 8.762246943484132914e-43 2.953364556507687413e-38 0.000000000000000000e+00
2.028764390390979997e+03 8.728592631567724803e-43 2.494073209376873094e-38 0.000000000000000000e+00
2.222468292879554156e+03 8.692468240614548482e-43 2.073602789899364828e-38 0.000000000000000000e+00
2.434666803227443324e+03 8.653518226490885600e-43 1.725384935852945065e-38 0.000000000000000000e+00
2.667125763606631153e+03 8.611357327342177253e-43 1.429299733559279191e-38 0.000000000000000000e+00
2.921779616604781040e+03 8.565570223570245953e-43 1.182982490877652173e-38 0.000000000000000000e+00
3.200747502983503637e+03 8.515705258269278407e-43 9.744007897115319583e-39 0.000000000000000000e+00
3.506350896430803459e+03 8.461276432367186600e-43 8.016855736846563311e-39 0.000000000000000000e+00
3.841132922056807729e+03 8.401759858227187245e-43 6.578166278265380864e-39 0.000000000000000000e+00
4.207879519396391515e+03 8.336593428667596652e-43 5.382737106019699680e-39 0.000000000000000000e+00
4.609642626029024541e+03 8.265176842364222906e-43 4.396061323735525833e-39 0.000000000000000000e+00
5.049765574740205011e+03 8.186870871418003952e-43 3.581470247528963651e-39 0.000000000000000000e+00
5.531910915575709623e+03 8.100997644580119274e-43 2.912052518964882709e-39 0.000000000000000000e+00
6.060090894306204063e+03 8.006844242094259661e-43 2.362727519650648749e-39 0.000000000000000000e+00
6.638700840942902687e+03 7.903662018480418325e-43 1.912963962973161291e-39 0.000000000000000000e+00
7.272555746143336364e+03 7.790675409625930761e-43 1.545909548035538587e-39 0.000000000000000000e+00
7.966930329887627522e+03 7.667084286079490472e-43 1.246713003707324558e-39 0.000000000000000000e+00
8.727602935865841573e+03 7.532072203689286321e-43 1.003569022130613682e-39 0.000000000000000000e+00
9.560903616839295864e+03 7.384817497421023260e-43 8.059880794992790987e-40 0.000000000000000000e+00
