1.047376681114152053e+00 2.415081743756429302e-40 1.786501062863260114e-37 0.000000000000000000e+00
1.147378904865844262e+00 2.221859447303788995e-40 1.956040114066533818e-37 0.000000000000000000e+00
1.256929216650817027e+00 2.044781807539368493e-40 2.141817465676592077e-37 0.000000000000000000e+00
1.376939256047382987e+00 1.882569975527175438e-40 2.345359555017544529e-37 0.000000000000000000e+00
1.508407704847735342e+00 1.734061278111622414e-40 2.568351823546458746e-37 0.000000000000000000e+00
1.652428597740346783e+00 1.598145217034510782e-40 2.812688000885010026e-37 0.000000000000000000e+00
1.810200426485989444e+00 1.473079624465168030e-40 3.080444038159814383e-37 0.000000000000000000e+00
1.983036113349190055e+00 1.360097615532972899e-40 3.373880146420293198e-37 0.000000000000000000e+00
2.172373936780469084e+00 1.256076425011227263e-40 3.695410098239885180e-37 0.000000000000000000e+00
2.379789500269210656e+00 1.161015536923533776e-40 4.047608692809999623e-37 0.000000000000000000e+00
2.607008843967693057e+00 1.074134239463292381e-40 4.433209620927964477e-37 0.000000000000000000e+00
2.855922808196662110e+00 9.947086658388409398e-41 4.854902593026928415e-37 0.000000000000000000e+00
3.128602768360589703e+00 9.221459800866290417e-41 5.312460046397611386e-37 0.000000000000000000e+00
3.427317872213148320e+00 8.558688187757195736e-41 5.796866698410020738e-37 0.000000000000000000e+00
3.754553922915217612e+00 7.953705837368238186e-41 6.321242059219068142e-37 0.000000000000000000e+00
4.113034065023922992e+00 7.399708973017866259e-41 6.891663756442628588e-37 0.000000000000000000e+00
4.505741445554233060e+00 6.894415493852696996e-41 7.511676810450256437e-37 0.000000000000000000e+00
4.935944038690323943e+00 6.432838727413236709e-41 8.185281234911355015e-37 0.000000000000000000e+00
5.407221840729851792e+00 6.011105193919091715e-41 8.916694565593554107e-37 0.000000000000000000e+00
5.923496661567464905e+00 5.626030333859006014e-41 9.709916262786871571e-37 0.000000000000000000e+00
6.489064760632228257e+00 5.274237318638592160e-41 1.056952160759058562e-36 0.000000000000000000e+00
7.108632598863702690e+00 4.953020284726574299e-41 1.150026939105917872e-36 0.000000000000000000e+00
7.787356004242504071e+00 4.659218938029202304e-41 1.250659299788975996e-36 0.000000000000000000e+00
8.530883076796710540e+00 4.391223291326551811e-41 1.359332234059820324e-36 0.000000000000000000e+00
9.345401190125155466e+00 4.146335660856894071e-41 1.476526530264468936e-36 0.000000000000000000e+00
1.023768848056787562e+01 3.922651882658207383e-41 1.602699240525427398e-36 0.000000000000000000e+00
1.121517025249811894e+01 3.718152461057930769e-41 1.738296547225534531e-36 0.000000000000000000e+00
1.228598076912194514e+01 3.531455665498195152e-41 1.883733528270110206e-36 0.000000000000000000e+00
1.345903094298667391e+01 3.360010411034725313e-41 2.039356972182414886e-36 0.000000000000000000e+00
1.474408248949403344e+01 3.204627880397206665e-41 2.205450374064445732e-36 0.000000000000000000e+00
1.615182916049993622e+01 3.062189039627481010e-41 2.382270512615627591e-36 0.000000000000000000e+00
1.769398573399677943e+01 2.932053161783696890e-41 2.569927470610889877e-36 0.000000000000000000e+00
1.938338550041915553e+01 2.812886821515605653e-41 2.768375915561990542e-36 0.000000000000000000e+00
2.123408705682203390e+01 2.703987711906064490e-41 2.977446529963379098e-36 0.000000000000000000e+00
2.326149129763491885e+01 2.604384448973768215e-41 3.196786650409014646e-36 0.000000000000000000e+00
2.548246957554494685e+01 2.513478142121974952e-41 3.425712433159795242e-36 0.000000000000000000e+00
2.791550409902576035e+01 2.430020450854912046e-41 3.663606299861560422e-36 0.000000000000000000e+00
3.058084173484374801e+01 2.353820723596353247e-41 3.909102129830095424e-36 0.000000000000000000e+00
3.350066249544163099e+01 2.284282974493279089e-41 4.160837803834704762e-36 0.000000000000000000e+00
3.669926411328104621e+01 2.220401362290127405e-41 4.417050136652864269e-36 0.000000000000000000e+00
4.020326423812159788e+01 2.161980175770985278e-41 4.675331713501814668e-36 0.000000000000000000e+00
4.404182193983774596e+01 2.108448105244500466e-41 4.933123792066101919e-36 0.000000000000000000e+00
4.824688036005658631e+01 2.059410748079258760e-41 5.186859493427435835e-36 0.000000000000000000e+00
5.285343253186462675e+01 2.014487741171305827e-41 5.433219661937430676e-36 0.000000000000000000e+00
5.789981257965639116e+01 1.973437126422362091e-41 5.667614289842523118e-36 0.000000000000000000e+00
6.342801472237731275e+01 1.935645139535080557e-41 5.885286169765698292e-36 0.000000000000000000e+00
6.948404273480723248e+01 1.900975520355351088e-41 6.080633061974282765e-36 0.000000000000000000e+00
7.611829277496100588e+01 1.869150454206710587e-41 6.247797209905067521e-36 0.000000000000000000e+00
8.338597276338916231e+01 1.839921131587733474e-41 6.380310782502847326e-36 0.000000000000000000e+00
9.134756180427312700e+01 1.813056968186079486e-41 6.471429603654867945e-36 0.000000000000000000e+00
1.000693134715016583e+02 1.788364101575752269e-41 6.514833077470258979e-36 0.000000000000000000e+00
1.096238071478445875e+02 1.765606784559842253e-41 6.503843505312681743e-36 0.000000000000000000e+00
1.200905520053401574e+02 1.744625361653370707e-41 6.433771320023745474e-36 0.000000000000000000e+00
1.315566486529429255e+02 1.725279560044955362e-41 6.300665088213065252e-36 0.000000000000000000e+00
1.441175139575057074e+02 1.707420410238400791e-41 6.104210503621690185e-36 0.000000000000000000e+00
1.578776750697290652e+02 1.690912085627135120e-41 5.846418756441487266e-36 0.000000000000000000e+00
1.729516392627509163e+02 1.675646438294773273e-41 5.534669436756812492e-36 0.000000000000000000e+00
1.894648468218269102e+02 1.661482630828649048e-41 5.180426989787073622e-36 0.000000000000000000e+00
2.075547149147497805e+02 1.648317564449180957e-41 4.800247391594055757e-36 0.000000000000000000e+00
2.273717811296867524e+02 1.636073125371705003e-41 4.413704052158642183e-36 0.000000000000000000e+00
2.490809561966414378e+02 1.624655341278107902e-41 4.042279574202679023e-36 0.000000000000000000e+00
2.728628963171397004e+02 1.613984816546094217e-41 3.704226027742499856e-36 0.000000000000000000e+00
2.989155065223001202e+02 1.603992802463818796e-41 3.412791088861489455e-36 0.000000000000000000e+00
3.274555875696430576e+02 1.594604158416549042e-41 3.174484269176484573e-36 0.000000000000000000e+00
3.587206400835506770e+02 1.585751455445821608e-41 2.975197666060655875e-36 0.000000000000000000e+00
3.929708409528589073e+02 1.577365720716649659e-41 2.791962769661023760e-36 0.000000000000000000e+00
4.304912084323515842e+02 1.569406757497267518e-41 2.591931398596627089e-36 0.000000000000000000e+00
4.715939739655653398e+02 1.561807954680065753e-41 2.347826723648933424e-36 0.000000000000000000e+00
5.166211804661829774e+02 1.554534822030917823e-41 2.057573379998402610e-36 0.000000000000000000e+00
5.659475286801639413e+02 1.547527633892224758e-41 1.753721976937271159e-36 0.000000000000000000e+00
6.199834953149968442e+02 1.540739278113645446e-41 1.487903750975318795e-36 0.000000000000000000e+00
6.791787488840413971e+02 1.534115228740900557e-41 1.299577707085114570e-36 0.000000000000000000e+00
7.440258916913708163e+02 1.527626588149368999e-41 1.179095840506261102e-36 0.000000000000000000e+00
8.150645590969156729e+02 1.521220853670273477e-41 1.069712379674095235e-36 0.000000000000000000e+00
8.928859101739425341e+02 1.514853368938606974e-41 9.245715212533561442e-37 0.000000000000000000e+00
9.781375471293952160e+02 1.508479787469317459e-41 7.625689609611335828e-37 0.000000000000000000e+00
1.071528904423998938e+03 1.502054799676775782e-41 6.423554546533528605e-37 0.000000000000000000e+00
1.173837152439038618e+03 1.495531911828646406e-41 5.692134016431962063e-37 0.000000000000000000e+00
1.285913664817961262e+03 1.488862801490616751e-41 4.918737388499857649e-37 0.000000000000000000e+00
1.408691103301366638e+03 1.481996933102182690e-41 4.041076201924552329e-37 0.000000000000000000e+00
1.543191179013896317e+03 1.474881367571609152e-41 3.428832853543691328e-37 0.000000000000000000e+00
1.690533154788281536e+03 1.467460645241289529e-41 2.937194014302259613e-37 0.000000000000000000e+00
1.851943159281576072e+03 1.459676468021781264e-41 2.421436014157500161e-37 0.000000000000000000e+00
2.028764390390979997e+03 1.451467201992435439e-41 2.044080433949568510e-37 0.000000000000000000e+00
2.222468292879554156e+03 1.442767556963188958e-41 1.698472218391583384e-37 0.000000000000000000e+00
2.434666803227443324e+03 1.433508249663407110e-41 1.413423095681844144e-37 0.000000000000000000e+00
2.667125763606631153e+03 1.423615885322921044e-41 1.170368888007943579e-37 0.000000000000000000e+00
2.921779616604781040e+03 1.413013310776188867e-41 9.685015541481732566e-38 0.000000000000000000e+00
3.200747502983503637e+03 1.401618383198229228e-41 7.976534927634621943e-38 0.000000000000000000e+00
3.506350896430803459e+03 1.389344927640553884e-41 6.561196729882569481e-38 0.000000000000000000e+00
3.841132922056807729e+03 1.376102310762898940e-41 5.382533507516831146e-38 0.000000000000000000e+00
4.207879519396391515e+03 1.361795812888864156e-41 4.403593195393545951e-38 0.000000000000000000e+00
4.609642626029024541e+03 1.346327106150830676e-41 3.595805924498765010e-38 0.000000000000000000e+00
5.049765574740205011e+03 1.329594502287360009e-41 2.929004050622769203e-38 0.000000000000000000e+00
5.531910915575709623e+03 1.311493421964259613e-41 2.381246266561787833e-38 0.000000000000000000e+00
6.060090894306204063e+03 1.291917555390713057e-41 1.931622543084258478e-38 0.000000000000000000e+00
6.638700840942902687e+03 1.270759123605921211e-41 1.563760431901071676e-38 0.000000000000000000e+00
7.272555746143336364e+03 1.247910932507744300e-41 1.263413964474138649e-38 0.000000000000000000e+00
7.966930329887627522e+03 1.223267101073370725e-41 1.018744605869267062e-38 0.000000000000000000e+00
8.727602935865841573e+03 1.196724865789171332e-41 8.198835937029202258e-39 0.000000000000000000e+00
9.560903616839295864e+03 1.168186692135194313e-41 6.583414204173940363e-39 0.000000000000000000e+00
