1.047376681114152053e+00 5.424824102654088279e-38 4.856346050660676339e-37 0.000000000000000000e+00
1.147378904865844262e+00 4.966919908846353048e-38 5.060671234825423872e-37 0.000000000000000000e+00
1.256929216650817027e+00 4.547280184923550741e-38 5.316881134570770408e-37 0.000000000000000000e+00
1.376939256047382987e+00 4.162888759872655423e-38 5.609514466042642423e-37 0.000000000000000000e+00
1.508407704847735342e+00 3.810945504875954646e-38 5.956185775092042186e-37 0.000000000000000000e+00
1.652428597740346783e+00 3.488862897089496580e-38 6.340687653024859105e-37 0.000000000000000000e+00
1.810200426485989444e+00 3.192497238058678729e-38 6.771731035940231777e-37 0.000000000000000000e+00
1.983036113349190055e+00 2.924770404386543724e-38 7.260612148883771548e-37 0.000000000000000000e+00
2.172373936780469084e+00 2.678281906942248156e-38 7.810286898857549793e-37 0.000000000000000000e+00
2.379789500269210656e+00 2.453049175818910409e-38 8.425244002628149514e-37 0.000000000000000000e+00
2.607008843967693057e+00 2.247165016346889760e-38 9.101154218485426433e-37 0.000000000000000000e+00
2.855922808196662110e+00 2.058970626803022653e-38 9.841179686324983156e-37 0.000000000000000000e+00
3.128602768360589703e+00 1.887113947139459511e-38 1.064723752686710815e-36 0.000000000000000000e+00
3.427317872213148320e+00 1.730029663616654564e-38 1.151965425577476813e-36 0.000000000000000000e+00
3.754553922915217612e+00 1.586641194791046157e-38 1.247226618298022437e-36 0.000000000000000000e+00
4.113034065023922992e+00 1.455444528885886871e-38 1.351152317602856239e-36 0.000000000000000000e+00
4.505741445554233060e+00 1.335737241669450343e-38 1.464568108744379605e-36 0.000000000000000000e+00
4.935944038690323943e+00 1.226391299445823012e-38 1.588369877163715917e-36 0.000000000000000000e+00
5.407221840729851792e+00 1.126449727963540782e-38 1.722720257311881839e-36 0.000000000000000000e+00
5.923496661567464905e+00 1.035274489414734450e-38 1.868753886489696135e-36 0.000000000000000000e+00
6.489064760632228257e+00 9.519485307803289095e-39 2.027400028024452013e-36 0.000000000000000000e+00
7.108632598863702690e+00 8.758694473011035348e-39 2.198875345813785805e-36 0.000000000000000000e+00
7.787356004242504071e+00 8.062882719200111791e-39 2.383820804190065528e-36 0.000000000000000000e+00
8.530883076796710540e+00 7.428232580839394920e-39 2.583626326176016553e-36 0.000000000000000000e+00
9.345401190125155466e+00 6.848352055286810334e-39 2.798947329701288096e-36 0.000000000000000000e+00
1.023768848056787562e+01 6.318727961948412495e-39 3.030308006798238400e-36 0.000000000000000000e+00
1.121517025249811894e+01 5.834716094416494251e-39 3.278447035185295132e-36 0.000000000000000000e+00
1.228598076912194514e+01 5.392614047801116327e-39 3.543928296370597958e-36 0.000000000000000000e+00
1.345903094298667391e+01 4.988733151034895375e-39 3.826943367454837179e-36 0.000000000000000000e+00
1.474408248949403344e+01 4.618944325839759097e-39 4.127857669239210781e-36 0.000000000000000000e+00
1.615182916049993622e+01 4.282004555472364353e-39 4.447143536387281472e-36 0.000000000000000000e+00
1.769398573399677943e+01 3.974105734076430084e-39 4.784560500923887991e-36 0.000000000000000000e+00
1.938338550041915553e+01 3.692317190127762906e-39 5.139664613270395363e-36 0.000000000000000000e+00
2.123408705682203390e+01 3.434793546045223425e-39 5.511620496878677562e-36 0.000000000000000000e+00
2.326149129763491885e+01 3.199409046767479240e-39 5.899467959935310725e-36 0.000000000000000000e+00
2.548246957554494685e+01 2.984204913172149405e-39 6.301739989926792407e-36 0.000000000000000000e+00
2.791550409902576035e+01 2.786948788868736345e-39 6.716471535620107810e-36 0.000000000000000000e+00
3.058084173484374801e+01 2.606657922223490743e-39 7.141107557227521663e-36 0.000000000000000000e+00
3.350066249544163099e+01 2.442639329965707319e-39 7.572123141924979233e-36 0.000000000000000000e+00
3.669926411328104621e+01 2.291903706569699783e-39 8.006106371039197265e-36 0.000000000000000000e+00
4.020326423812159788e+01 2.153979827136341530e-39 8.438000191444766175e-36 0.000000000000000000e+00
4.404182193983774596e+01 2.027744839882156418e-39 8.862580409568994154e-36 0.000000000000000000e+00
4.824688036005658631e+01 1.912162823354444814e-39 9.273196786955144170e-36 0.000000000000000000e+00
5.285343253186462675e+01 1.806302717644127109e-39 9.662867915511953380e-36 0.000000000000000000e+00
5.789981257965639116e+01 1.708970773724755341e-39 1.002346413225164248e-35 0.000000000000000000e+00
6.342801472237731275e+01 1.620332769321565470e-39 1.034567789026048108e-35 0.000000000000000000e+00
6.948404273480723248e+01 1.538759260474989050e-39 1.062013017853715925e-35 0.000000000000000000e+00
7.611829277496100588e+01 1.463936422772914244e-39 1.083590896268816528e-35 0.000000000000000000e+00
8.338597276338916231e+01 1.395275636250038530e-39 1.098144101750023239e-35 0.000000000000000000e+00
9.134756180427312700e+01 1.332231625925485061e-39 1.104920153892303537e-35 0.000000000000000000e+00
1.000693134715016583e+02 1.274301653792205422e-39 1.102806211543158348e-35 0.000000000000000000e+00
1.096238071478445875e+02 1.221025431664174653e-39 1.091026036093024171e-35 0.000000000000000000e+00
1.200905520053401574e+02 1.172003787582151448e-39 1.069097982553700952e-35 0.000000000000000000e+00
1.315566486529429255e+02 1.126839581931612774e-39 1.036927250302423036e-35 0.000000000000000000e+00
1.441175139575057074e+02 1.085219213462285198e-39 9.949605335896605837e-36 0.000000000000000000e+00
1.578776750697290652e+02 1.046823452275490952e-39 9.442808618841829176e-36 0.000000000000000000e+00
1.729516392627509163e+02 1.011367325540361639e-39 8.866797455200636041e-36 0.000000000000000000e+00
1.894648468218269102e+02 9.785807414544851393e-40 8.245772499393078033e-36 0.000000000000000000e+00
2.075547149147497805e+02 9.482150907430564970e-40 7.610529035546789127e-36 0.000000000000000000e+00
2.273717811296867524e+02 9.200707867968532273e-40 6.988897887445658505e-36 0.000000000000000000e+00
2.490809561966414378e+02 8.939112217239088883e-40 6.413601196873347454e-36 0.000000000000000000e+00
2.728628963171397004e+02 8.695722958512186192e-40 5.902105931271318681e-36 0.000000000000000000e+00
2.989155065223001202e+02 8.468859488831599748e-40 5.462156507453906959e-36 0.000000000000000000e+00
3.274555875696430576e+02 8.256957179794556057e-40 5.086935541548529677e-36 0.000000000000000000e+00
3.587206400835506770e+02 8.058558200531840856e-40 4.744229215104624874e-36 0.000000000000000000e+00
3.929708409528589073e+02 7.872293089481175015e-40 4.396346046348570064e-36 0.000000000000000000e+00
4.304912084323515842e+02 7.697020382596547921e-40 4.006455840744815332e-36 0.000000000000000000e+00
4.715939739655653398e+02 7.531371969416603603e-40 3.562260813495637822e-36 0.000000000000000000e+00
5.166211804661829774e+02 7.374475953022624089e-40 3.088275833774768271e-36 0.000000000000000000e+00
5.659475286801639413e+02 7.225340902601857859e-40 2.642241964224790043e-36 0.000000000000000000e+00
6.199834953149968442e+02 7.083063816264840620e-40 2.280451465641770899e-36 0.000000000000000000e+00
6.791787488840413971e+02 6.946788908080298807e-40 2.018133591527887310e-36 0.000000000000000000e+00
7.440258916913708163e+02 6.815705334410815277e-40 1.813835865200131653e-36 0.000000000000000000e+00
8.150645590969156729e+02 6.689091282854466177e-40 1.602558703731849765e-36 0.000000000000000000e+00
8.928859101739425341e+02 6.566148701673565717e-40 1.363406915714089873e-36 0.000000000000000000e+00
9.781375471293952160e+02 6.446264282060143275e-40 1.139284096850559115e-36 0.000000000000000000e+00
1.071528904423998938e+03 6.328816061344677673e-40 9.756098093400764925e-37 0.000000000000000000e+00
1.173837152439038618e+03 6.213214178580189909e-40 8.511632918899206851e-37 0.000000000000000000e+00
1.285913664817961262e+03 6.098892366851579582e-40 7.222772781317524958e-37 0.000000000000000000e+00
1.408691103301366638e+03 5.985306010665954507e-40 6.005907503534349215e-37 0.000000000000000000e+00
1.543191179013896317e+03 5.871935200523253551e-40 5.101435869541428355e-37 0.000000000000000000e+00
1.690533154788281536e+03 5.758289860082515129e-40 4.307130709220599068e-37 0.000000000000000000e+00
1.851943159281576072e+03 5.643910146608530154e-40 3.575066436521578317e-37 0.000000000000000000e+00
2.028764390390979997e+03 5.528362964043294772e-40 3.000724277004525391e-37 0.000000000000000000e+00
2.222468292879554156e+03 5.411242297812969873e-40 2.489167124411650608e-37 0.000000000000000000e+00
2.434666803227443324e+03 5.292169212154424699e-40 2.067585400703600219e-37 0.000000000000000000e+00
2.667125763606631153e+03 5.170795987843415104e-40 1.709206045506158673e-37 0.000000000000000000e+00
2.921779616604781040e+03 5.046819774138357354e-40 1.410998075686218628e-37 0.000000000000000000e+00
3.200747502983503637e+03 4.919962693289632915e-40 1.160690269938846143e-37 0.000000000000000000e+00
3.506350896430803459e+03 4.789992119765366783e-40 9.527440466370683892e-38 0.000000000000000000e+00
3.841132922056807729e+03 4.656716412714691256e-40 7.803028686092501646e-38 0.000000000000000000e+00
4.207879519396391515e+03 4.519991212636250132e-40 6.374093411100760485e-38 0.000000000000000000e+00
4.609642626029024541e+03 4.379752959988279613e-40 5.195980161857123232e-38 0.000000000000000000e+00
5.049765574740205011e+03 4.235914266027336388e-40 4.226076601096815040e-38 0.000000000000000000e+00
5.531910915575709623e+03 4.088522340282218086e-40 3.429748737561158045e-38 0.000000000000000000e+00
6.060090894306204063e+03 3.937658188863114503e-40 2.778012169713154150e-38 0.000000000000000000e+00
6.638700840942902687e+03 3.783463928955447066e-40 2.244974190117521818e-38 0.000000000000000000e+00
7.272555746143336364e+03 3.626144740284653892e-40 1.811036093345769884e-38 0.000000000000000000e+00
7.966930329887627522e+03 3.465966565705119062e-40 1.457623637712104488e-38 0.000000000000000000e+00
8.727602935865841573e+03 3.303258034620153803e-40 1.171019092489610909e-38 0.000000000000000000e+00
9.560903616839295864e+03 3.138406112711988130e-40 9.386413048290292265e-39 0.000000000000000000e+00
