1.047376681114152053e+00 3.936938321550405929e-39 4.731808584242548795e-37 0.000000000000000000e+00
1.147378904865844262e+00 3.611363763728161554e-39 5.169308138305491915e-37 0.000000000000000000e+00
1.256929216650817027e+00 3.312993638270451815e-39 5.643052436655171060e-37 0.000000000000000000e+00
1.376939256047382987e+00 3.039673032528444414e-39 6.165968600427716591e-37 0.000000000000000000e+00
1.508407704847735342e+00 2.789442790387382835e-39 6.741217631495083660e-37 0.000000000000000000e+00
1.652428597740346783e+00 2.560431676230565238e-39 7.371525307650566113e-37 0.000000000000000000e+00
1.810200426485989444e+00 2.349704123411907534e-39 8.063243449036003782e-37 0.000000000000000000e+00
1.983036113349190055e+00 2.159337798292868414e-39 8.822376638105078182e-37 0.000000000000000000e+00
2.172373936780469084e+00 1.984070906381197108e-39 9.654334456290371455e-37 0.000000000000000000e+00
2.379789500269210656e+00 1.823902501354839601e-39 1.056619227131900774e-36 0.000000000000000000e+00
2.607008843967693057e+00 1.677517061234095120e-39 1.156239617440930412e-36 0.000000000000000000e+00
2.855922808196662110e+00 1.543694831004514927e-39 1.265167287543041122e-36 0.000000000000000000e+00
3.128602768360589703e+00 1.421474544719569807e-39 1.383055238083483586e-36 0.000000000000000000e+00
3.427317872213148320e+00 1.309770275598208926e-39 1.508351537909639714e-36 0.000000000000000000e+00
3.754553922915217612e+00 1.207803209350023888e-39 1.644034847963152868e-36 0.000000000000000000e+00
4.113034065023922992e+00 1.114503866039444735e-39 1.791827231174501895e-36 0.000000000000000000e+00
4.505741445554233060e+00 1.029373036535718634e-39 1.952398771773678318e-36 0.000000000000000000e+00
4.935944038690323943e+00 9.516086698558298286e-40 2.126843758534945900e-36 0.000000000000000000e+00
5.407221840729851792e+00 8.805303750458447069e-40 2.316281292146318309e-36 0.000000000000000000e+00
5.923496661567464905e+00 8.156846134129180117e-40 2.521646027147083968e-36 0.000000000000000000e+00
6.489064760632228257e+00 7.564193082311922740e-40 2.744186912167499340e-36 0.000000000000000000e+00
7.108632598863702690e+00 7.023062012549540667e-40 2.985078058689218997e-36 0.000000000000000000e+00
7.787356004242504071e+00 6.528127833761472541e-40 3.245382595673915747e-36 0.000000000000000000e+00
8.530883076796710540e+00 6.076677237988961217e-40 3.526440311408368873e-36 0.000000000000000000e+00
9.345401190125155466e+00 5.664164964370460038e-40 3.829363428282213839e-36 0.000000000000000000e+00
1.023768848056787562e+01 5.287382387225621714e-40 4.155371977037984739e-36 0.000000000000000000e+00
1.121517025249811894e+01 4.943027862042805519e-40 4.505583856339808949e-36 0.000000000000000000e+00
1.228598076912194514e+01 4.628469004302740260e-40 4.880935238249685184e-36 0.000000000000000000e+00
1.345903094298667391e+01 4.341083272809367759e-40 5.282307722309415894e-36 0.000000000000000000e+00
1.474408248949403344e+01 4.078020595251437830e-40 5.710353751868001707e-36 0.000000000000000000e+00
1.615182916049993622e+01 3.838140469957787401e-40 6.165670673622151975e-36 0.000000000000000000e+00
1.769398573399677943e+01 3.618992035432406213e-40 6.648439452532246451e-36 0.000000000000000000e+00
1.938338550041915553e+01 3.418406199943656628e-40 7.158470997860693196e-36 0.000000000000000000e+00
2.123408705682203390e+01 3.234965592757162664e-40 7.695242849512928766e-36 0.000000000000000000e+00
2.326149129763491885e+01 3.067267461097895613e-40 8.257528032255274160e-36 0.000000000000000000e+00
2.548246957554494685e+01 2.914224637943492632e-40 8.843871561070699128e-36 0.000000000000000000e+00
2.791550409902576035e+01 2.773733826746319868e-40 9.451904807754604394e-36 0.000000000000000000e+00
3.058084173484374801e+01 2.645296746717935894e-40 1.007837603673572004e-35 0.000000000000000000e+00
3.350066249544163099e+01 2.528440339675885243e-40 1.071954609220477143e-35 0.000000000000000000e+00
3.669926411328104621e+01 2.421019390213301230e-40 1.137059675574551799e-35 0.000000000000000000e+00
4.020326423812159788e+01 2.322639306070356494e-40 1.202529496248498560e-35 0.000000000000000000e+00
4.404182193983774596e+01 2.232579771665099952e-40 1.267641856344464918e-35 0.000000000000000000e+00
4.824688036005658631e+01 2.150094880065942916e-40 1.331552228177945701e-35 0.000000000000000000e+00
5.285343253186462675e+01 2.074741053554553387e-40 1.393254788376951692e-35 0.000000000000000000e+00
5.789981257965639116e+01 2.005260909537963106e-40 1.451676747243756619e-35 0.000000000000000000e+00
6.342801472237731275e+01 1.941990591299868960e-40 1.505497165279640620e-35 0.000000000000000000e+00
6.948404273480723248e+01 1.883723637763929685e-40 1.553311237839043683e-35 0.000000000000000000e+00
7.611829277496100588e+01 1.830252365226898878e-40 1.593591920252806663e-35 0.000000000000000000e+00
8.338597276338916231e+01 1.781157838509924569e-40 1.624711682312669934e-35 0.000000000000000000e+00
9.134756180427312700e+01 1.736051878620524702e-40 1.644982794114731562e-35 0.000000000000000000e+00
1.000693134715016583e+02 1.694580360767260289e-40 1.652753664828536377e-35 0.000000000000000000e+00
1.096238071478445875e+02 1.656423069228569440e-40 1.646549774153198036e-35 0.000000000000000000e+00
1.200905520053401574e+02 1.621249130566325133e-40 1.625145415530777429e-35 0.000000000000000000e+00
1.315566486529429255e+02 1.588829448430772820e-40 1.587848131196254989e-35 0.000000000000000000e+00
1.441175139575057074e+02 1.558920794713083457e-40 1.534632991275749869e-35 0.000000000000000000e+00
1.578776750697290652e+02 1.531295123069454937e-40 1.466399586314529360e-35 0.000000000000000000e+00
1.729516392627509163e+02 1.505748595940593042e-40 1.385168682782967362e-35 0.000000000000000000e+00
1.894648468218269102e+02 1.482105567086548456e-40 1.294110969938709644e-35 0.000000000000000000e+00
2.075547149147497805e+02 1.460153825085959554e-40 1.197549568973106033e-35 0.000000000000000000e+00
2.273717811296867524e+02 1.439751183624116895e-40 1.100505209868663619e-35 0.000000000000000000e+00
2.490809561966414378e+02 1.420748043476360891e-40 1.008155697634219593e-35 0.000000000000000000e+00
2.728628963171397004e+02 1.403025881329727775e-40 9.248281106158360896e-36 0.000000000000000000e+00
2.989155065223001202e+02 1.386455850192402241e-40 8.534057367329894826e-36 0.000000000000000000e+00
3.274555875696430576e+02 1.370923634023283601e-40 7.946202294083861568e-36 0.000000000000000000e+00
3.587206400835506770e+02 1.356333747553329197e-40 7.444457756010570041e-36 0.000000000000000000e+00
3.929708409528589073e+02 1.342561936376043191e-40 6.968144751552989337e-36 0.000000000000000000e+00
4.304912084323515842e+02 1.329525860667338342e-40 6.438700644392261632e-36 0.000000000000000000e+00
4.715939739655653398e+02 1.317133590032618838e-40 5.800403310890279226e-36 0.000000000000000000e+00
5.166211804661829774e+02 1.305319270537631034e-40 5.062571224041578999e-36 0.000000000000000000e+00
5.659475286801639413e+02 1.294000988628921164e-40 4.314191898877550914e-36 0.000000000000000000e+00
6.199834953149968442e+02 1.283113017677835001e-40 3.677028066693674145e-36 0.000000000000000000e+00
6.791787488840413971e+02 1.272576349808421591e-40 3.229060867108602835e-36 0.000000000000000000e+00
7.440258916913708163e+02 1.262324962851969583e-40 2.927240954183960345e-36 0.000000000000000000e+00
8.150645590969156729e+02 1.252294856630058666e-40 2.635995933954537161e-36 0.000000000000000000e+00
8.928859101739425341e+02 1.242416483577808510e-40 2.263725580699810513e-36 0.000000000000000000e+00
9.781375471293952160e+02 1.232642602111209736e-40 1.872038218511693525e-36 0.000000000000000000e+00
1.071528904423998938e+03 1.222906454029903850e-40 1.587800341497177958e-36 0.000000000000000000e+00
1.173837152439038618e+03 1.213148281886192296e-40 1.402396980280497678e-36 0.000000000000000000e+00
1.285913664817961262e+03 1.203307886743556637e-40 1.203418656321166138e-36 0.000000000000000000e+00
1.408691103301366638e+03 1.193324306115521406e-40 9.919351576915766546e-37 0.000000000000000000e+00
1.543191179013896317e+03 1.183135846801245570e-40 8.433134734387431909e-37 0.000000000000000000e+00
1.690533154788281536e+03 1.172686889212537317e-40 7.185526976153976154e-37 0.000000000000000000e+00
1.851943159281576072e+03 1.161901262234864615e-40 5.937347085131852763e-37 0.000000000000000000e+00
2.028764390390979997e+03 1.150721584320798742e-40 5.005739080220726243e-37 0.000000000000000000e+00
2.222468292879554156e+03 1.139082658838698042e-40 4.155928391646812042e-37 0.000000000000000000e+00
2.434666803227443324e+03 1.126917998194065225e-40 3.458135006078758511e-37 0.000000000000000000e+00
2.667125763606631153e+03 1.114160075459989971e-40 2.861608847072670073e-37 0.000000000000000000e+00
2.921779616604781040e+03 1.100741335812572963e-40 2.366777771844789824e-37 0.000000000000000000e+00
3.200747502983503637e+03 1.086592701386649459e-40 1.948564145659322086e-37 0.000000000000000000e+00
3.506350896430803459e+03 1.071645368799461663e-40 1.602031114252433875e-37 0.000000000000000000e+00
3.841132922056807729e+03 1.055830588629379833e-40 1.313664634226629090e-37 0.000000000000000000e+00
4.207879519396391515e+03 1.039080505024689309e-40 1.074353047986370300e-37 0.000000000000000000e+00
4.609642626029024541e+03 1.021329130434562503e-40 8.769230685464873100e-38 0.000000000000000000e+00
5.049765574740205011e+03 1.002512855089604560e-40 7.140173722905158945e-38 0.000000000000000000e+00
5.531910915575709623e+03 9.825712310443171949e-41 5.802568476884306891e-38 0.000000000000000000e+00
6.060090894306204063e+03 9.614480725421352702e-41 4.704952858394394375e-38 0.000000000000000000e+00
6.638700840942902687e+03 9.390925648694821560e-41 3.807572527766096710e-38 0.000000000000000000e+00
7.272555746143336364e+03 9.154605401573278881e-41 3.074912815017161912e-38 0.000000000000000000e+00
7.966930329887627522e+03 8.905152673633585064e-41 2.478543605629076289e-38 0.000000000000000000e+00
8.727602935865841573e+03 8.642292342944107181e-41 1.993845267887039200e-38 0.000000000000000000e+00
9.560903616839295864e+03 8.365852099446286562e-41 1.600344860077765196e-38 0.000000000000000000e+00
