1.056032981064548126e+00 1.370858115228518231e-14 1.031076319823197864e-09 0.000000000000000000e+00 1.370858115228518231e-14 0.000000000000000000e+00 1.031076319823197864e-09 0.000000000000000000e+00 1.031076319823197864e-09
1.175443983510534363e+00 1.340375427128570695e-14 1.106962452894811845e-09 0.000000000000000000e+00 1.340375427128570695e-14 0.000000000000000000e+00 1.106962452894811845e-09 0.000000000000000000e+00 1.106962452894811845e-09
1.308357393325258133e+00 1.304373413681737094e-14 1.191151509266215598e-09 0.000000000000000000e+00 1.304373413681737094e-14 0.000000000000000000e+00 1.191151509266215598e-09 0.000000000000000000e+00 1.191151509266215598e-09
1.456299996156748877e+00 1.263078708697624489e-14 1.284534918980960951e-09 0.000000000000000000e+00 1.263078708697624489e-14 0.000000000000000000e+00 1.284534918980960951e-09 0.000000000000000000e+00 1.284534918980960951e-09
1.620971219045888478e+00 1.216609450265975777e-14 1.388096321447685951e-09 0.000000000000000000e+00 1.216609450265975777e-14 0.000000000000000000e+00 1.388096321447685951e-09 0.000000000000000000e+00 1.388096321447685951e-09
1.804262651863866251e+00 1.165512446768342785e-14 1.502919818004805870e-09 0.000000000000000000e+00 1.165512446768342785e-14 0.000000000000000000e+00 1.502919818004805870e-09 0.000000000000000000e+00 1.502919818004805870e-09
2.008279776137516404e+00 1.110501711231576950e-14 1.630199327209484003e-09 0.000000000000000000e+00 1.110501711231576950e-14 0.000000000000000000e+00 1.630199327209484003e-09 0.000000000000000000e+00 1.630199327209484003e-09
2.235366150863083323e+00 1.051564311642467811e-14 1.771247382657284601e-09 0.000000000000000000e+00 1.051564311642467811e-14 0.000000000000000000e+00 1.771247382657284601e-09 0.000000000000000000e+00 1.771247382657284601e-09
2.488130333132567262e+00 9.881549756948403458e-15 1.927504196023440365e-09 0.000000000000000000e+00 9.881549756948403458e-15 0.000000000000000000e+00 1.927504196023440365e-09 0.000000000000000000e+00 1.927504196023440365e-09
2.769475842811750965e+00 9.211561418242795649e-15 2.100547646241707188e-09 0.000000000000000000e+00 9.211561418242795649e-15 0.000000000000000000e+00 2.100547646241707188e-09 0.000000000000000000e+00 2.100547646241707188e-09
3.082634515476230241e+00 8.542460123400532796e-15 2.292100451863372926e-09 0.000000000000000000e+00 8.542460123400532796e-15 0.000000000000000000e+00 2.292100451863372926e-09 0.000000000000000000e+00 2.292100451863372926e-09
3.431203626733101864e+00 7.902664956637319074e-15 2.504038672941892704e-09 0.000000000000000000e+00 7.902664956637319074e-15 0.000000000000000000e+00 2.504038672941892704e-09 0.000000000000000000e+00 2.504038672941892704e-09
3.819187214377767425e+00 7.205418153949906802e-15 2.738397409367401442e-09 0.000000000000000000e+00 7.205418153949906802e-15 0.000000000000000000e+00 2.738397409367401442e-09 0.000000000000000000e+00 2.738397409367401442e-09
4.251042073056519932e+00 6.300936422938869000e-15 2.997371947734740417e-09 0.000000000000000000e+00 6.300936422938869000e-15 0.000000000000000000e+00 2.997371947734740417e-09 0.000000000000000000e+00 2.997371947734740417e-09
4.731728949778890581e+00 5.198431459618628429e-15 3.283320793444249577e-09 0.000000000000000000e+00 5.198431459618628429e-15 0.000000000000000000e+00 3.283320793444249577e-09 0.000000000000000000e+00 3.283320793444249577e-09
5.266769528365972342e+00 4.126570675366631976e-15 3.598758148711266997e-09 0.000000000000000000e+00 4.126570675366631976e-15 0.000000000000000000e+00 3.598758148711266997e-09 0.000000000000000000e+00 3.598758148711266997e-09
5.862309857419115922e+00 3.244327926108120392e-15 3.946346167333890411e-09 0.000000000000000000e+00 3.244327926108120392e-15 0.000000000000000000e+00 3.946346167333890411e-09 0.000000000000000000e+00 3.946346167333890411e-09
6.525190950410857837e+00 2.411786902116696287e-15 4.328872966465912977e-09 0.000000000000000000e+00 2.411786902116696287e-15 0.000000000000000000e+00 4.328872966465912977e-09 0.000000000000000000e+00 4.328872966465912977e-09
7.263027368885755841e+00 1.513802680085186699e-15 4.749218408591050043e-09 0.000000000000000000e+00 1.513802680085186699e-15 0.000000000000000000e+00 4.749218408591050043e-09 0.000000000000000000e+00 4.749218408591050043e-09
8.084294691462201143e+00 6.272768839143051107e-16 5.210325979647272835e-09 0.000000000000000000e+00 6.272768839143051107e-16 0.000000000000000000e+00 5.210325979647272835e-09 0.000000000000000000e+00 5.210325979647272835e-09
8.998426873397548320e+00 -1.760197505440333077e-16 5.715164495477155628e-09 0.000000000000000000e+00 -1.760197505440333077e-16 0.000000000000000000e+00 5.715164495477155628e-09 0.000000000000000000e+00 5.715164495477155628e-09
1.001592461509324039e+01 -9.524113069191737356e-16 6.266676344048601952e-09 0.000000000000000000e+00 -9.524113069191737356e-16 0.000000000000000000e+00 6.266676344048601952e-09 0.000000000000000000e+00 6.266676344048601952e-09
1.114847598437533449e+01 -1.767483206008645139e-15 6.867696446811571820e-09 0.000000000000000000e+00 -1.767483206008645139e-15 0.000000000000000000e+00 6.867696446811571820e-09 0.000000000000000000e+00 6.867696446811571820e-09
1.240909067814867583e+01 -2.594825314581155936e-15 7.520865356177734784e-09 0.000000000000000000e+00 -2.594825314581155936e-15 0.000000000000000000e+00 7.520865356177734784e-09 0.000000000000000000e+00 7.520865356177734784e-09
1.381224946569640366e+01 -3.366553804216209845e-15 8.228499189301708788e-09 0.000000000000000000e+00 -3.366553804216209845e-15 0.000000000000000000e+00 8.228499189301708788e-09 0.000000000000000000e+00 8.228499189301708788e-09
1.537407053029052229e+01 -4.072520839870827187e-15 8.992472545722337675e-09 0.000000000000000000e+00 -4.072520839870827187e-15 0.000000000000000000e+00 8.992472545722337675e-09 0.000000000000000000e+00 8.992472545722337675e-09
1.711249461989307719e+01 -4.849484275133065930e-15 9.814056151408966448e-09 0.000000000000000000e+00 -4.849484275133065930e-15 0.000000000000000000e+00 9.814056151408966448e-09 0.000000000000000000e+00 9.814056151408966448e-09
1.904749113378321468e+01 -5.817147305276777333e-15 1.069368055985794935e-08 0.000000000000000000e+00 -5.817147305276777333e-15 0.000000000000000000e+00 1.069368055985794935e-08 0.000000000000000000e+00 1.069368055985794935e-08
2.120128751244688203e+01 -6.543120547209456228e-15 1.163077023539821784e-08 0.000000000000000000e+00 -6.543120547209456228e-15 0.000000000000000000e+00 1.163077023539821784e-08 0.000000000000000000e+00 1.163077023539821784e-08
2.359862456574094125e+01 -6.342199003133702392e-15 1.262348321139173961e-08 0.000000000000000000e+00 -6.342199003133702392e-15 0.000000000000000000e+00 1.262348321139173961e-08 0.000000000000000000e+00 1.262348321139173961e-08
2.626704067231091244e+01 -5.470016842958634130e-15 1.366840351032669973e-08 0.000000000000000000e+00 -5.470016842958634130e-15 0.000000000000000000e+00 1.366840351032669973e-08 0.000000000000000000e+00 1.366840351032669973e-08
2.923718811487309566e+01 -4.882138984950023564e-15 1.476023954667063501e-08 0.000000000000000000e+00 -4.882138984950023564e-15 0.000000000000000000e+00 1.476023954667063501e-08 0.000000000000000000e+00 1.476023954667063501e-08
3.254318518513449021e+01 -4.824989466795239589e-15 1.589156416255581438e-08 0.000000000000000000e+00 -4.824989466795239589e-15 0.000000000000000000e+00 1.589156416255581438e-08 0.000000000000000000e+00 1.589156416255581438e-08
3.622300810299908846e+01 -4.680473035030471678e-15 1.705236524020788973e-08 0.000000000000000000e+00 -4.680473035030471678e-15 0.000000000000000000e+00 1.705236524020788973e-08 0.000000000000000000e+00 1.705236524020788973e-08
4.031892725206589034e+01 -4.137199111995052519e-15 1.822979657506129181e-08 0.000000000000000000e+00 -4.137199111995052519e-15 0.000000000000000000e+00 1.822979657506129181e-08 0.000000000000000000e+00 1.822979657506129181e-08
4.487799274248540371e+01 -3.522453949964558801e-15 1.940773095729113743e-08 0.000000000000000000e+00 -3.522453949964558801e-15 0.000000000000000000e+00 1.940773095729113743e-08 0.000000000000000000e+00 1.940773095729113743e-08
4.995257487887015913e+01 -3.227287645504746396e-15 2.056644248898689823e-08 0.000000000000000000e+00 -3.227287645504746396e-15 0.000000000000000000e+00 2.056644248898689823e-08 0.000000000000000000e+00 2.056644248898689823e-08
5.560096574165519456e+01 -3.253921560463777976e-15 2.168231024307635831e-08 0.000000000000000000e+00 -3.253921560463777976e-15 0.000000000000000000e+00 2.168231024307635831e-08 0.000000000000000000e+00 2.168231024307635831e-08
6.188804879230252709e+01 -3.881785895319887300e-15 2.272753154657207966e-08 0.000000000000000000e+00 -3.881785895319887300e-15 0.000000000000000000e+00 2.272753154657207966e-08 0.000000000000000000e+00 2.272753154657207966e-08
6.888604419417499969e+01 -5.347755072995041426e-15 2.367017047226759466e-08 0.000000000000000000e+00 -5.347755072995041426e-15 0.000000000000000000e+00 2.367017047226759466e-08 0.000000000000000000e+00 2.367017047226759466e-08
7.667533841060405564e+01 -7.798104728586942826e-15 2.447412341689518811e-08 0.000000000000000000e+00 -7.798104728586942826e-15 0.000000000000000000e+00 2.447412341689518811e-08 0.000000000000000000e+00 2.447412341689518811e-08
8.534540760983165342e+01 -1.138186868059603247e-14 2.510018236845721601e-08 0.000000000000000000e+00 -1.138186868059603247e-14 0.000000000000000000e+00 2.510018236845721601e-08 0.000000000000000000e+00 2.510018236845721601e-08
9.499584548401358575e+01 -1.634327318540258376e-14 2.550688822176843453e-08 0.000000000000000000e+00 -1.634327318540258376e-14 0.000000000000000000e+00 2.550688822176843453e-08 0.000000000000000000e+00 2.550688822176843453e-08
1.057375072889466310e+02 -2.315518612581443004e-14 2.565335988552600892e-08 0.000000000000000000e+00 -2.315518612581443004e-14 0.000000000000000000e+00 2.565335988552600892e-08 0.000000000000000000e+00 2.565335988552600892e-08
1.176937832461472624e+02 -3.224536162394679766e-14 2.550267840487191863e-08 0.000000000000000000e+00 -3.224536162394679766e-14 0.000000000000000000e+00 2.550267840487191863e-08 0.000000000000000000e+00 2.550267840487191863e-08
1.310020159349736844e+02 -4.340176513613302050e-14 2.502694817341571518e-08 0.000000000000000000e+00 -4.340176513613302050e-14 0.000000000000000000e+00 2.502694817341571518e-08 0.000000000000000000e+00 2.502694817341571518e-08
1.458150779564580262e+02 -5.559304317536122416e-14 2.421475554787799332e-08 0.000000000000000000e+00 -5.559304317536122416e-14 0.000000000000000000e+00 2.421475554787799332e-08 0.000000000000000000e+00 2.421475554787799332e-08
1.623031279915676635e+02 -6.786847227382396000e-14 2.307652368534111297e-08 0.000000000000000000e+00 -6.786847227382396000e-14 0.000000000000000000e+00 2.307652368534111297e-08 0.000000000000000000e+00 2.307652368534111297e-08
1.806555654259147161e+02 -8.029992118225481773e-14 2.165484792146628700e-08 0.000000000000000000e+00 -8.029992118225481773e-14 0.000000000000000000e+00 2.165484792146628700e-08 0.000000000000000000e+00 2.165484792146628700e-08
2.010832059937378347e+02 -9.327124410371611845e-14 2.002439347879831125e-08 0.000000000000000000e+00 -9.327124410371611845e-14 0.000000000000000000e+00 2.002439347879831125e-08 0.000000000000000000e+00 2.002439347879831125e-08
2.238207034330328042e+02 -1.071657582383339314e-13 1.828989237701435388e-08 0.000000000000000000e+00 -1.071657582383339314e-13 0.000000000000000000e+00 1.828989237701435388e-08 0.000000000000000000e+00 1.828989237701435388e-08
2.491292449694543905e+02 -1.238855632766821331e-13 1.657607145691742636e-08 0.000000000000000000e+00 -1.238855632766821331e-13 0.000000000000000000e+00 1.657607145691742636e-08 0.000000000000000000e+00 1.657607145691742636e-08
2.772995515922919481e+02 -1.477832533445302835e-13 1.499971622866485309e-08 0.000000000000000000e+00 -1.477832533445302835e-13 0.000000000000000000e+00 1.499971622866485309e-08 0.000000000000000000e+00 1.499971622866485309e-08
3.086552175868076802e+02 -1.804882675691314489e-13 1.364446677937474396e-08 0.000000000000000000e+00 -1.804882675691314489e-13 0.000000000000000000e+00 1.364446677937474396e-08 0.000000000000000000e+00 1.364446677937474396e-08
3.435564276845046834e+02 -2.203112948583416322e-13 1.252552696991496192e-08 0.000000000000000000e+00 -2.203112948583416322e-13 0.000000000000000000e+00 1.252552696991496192e-08 0.000000000000000000e+00 1.252552696991496192e-08
3.824040945302937757e+02 -2.572363036905811178e-13 1.156732709889833141e-08 0.000000000000000000e+00 -2.572363036905811178e-13 0.000000000000000000e+00 1.156732709889833141e-08 0.000000000000000000e+00 1.156732709889833141e-08
4.256444639942141634e+02 -2.738439132694752320e-13 1.061799421001623507e-08 0.000000000000000000e+00 -2.738439132694752320e-13 0.000000000000000000e+00 1.061799421001623507e-08 0.000000000000000000e+00 1.061799421001623507e-08
4.737742412289155709e+02 -2.629414959480261799e-13 9.526545916027715300e-09 0.000000000000000000e+00 -2.629414959480261799e-13 0.000000000000000000e+00 9.526545916027715300e-09 0.000000000000000000e+00 9.526545916027715300e-09
5.273462963565856398e+02 -2.445525457517679011e-13 8.262857206743672743e-09 0.000000000000000000e+00 -2.445525457517679011e-13 0.000000000000000000e+00 8.262857206743672743e-09 0.000000000000000000e+00 8.262857206743672743e-09
5.869760153267689020e+02 -2.496557072457194335e-13 6.974860930884377102e-09 0.000000000000000000e+00 -2.496557072457194335e-13 0.000000000000000000e+00 6.974860930884377102e-09 0.000000000000000000e+00 6.974860930884377102e-09
6.533483688978308237e+02 -2.863010247893310605e-13 5.885174130386695200e-09 0.000000000000000000e+00 -2.863010247893310605e-13 0.000000000000000000e+00 5.885174130386695200e-09 0.000000000000000000e+00 5.885174130386695200e-09
7.272257809440862957e+02 -3.110409767854189790e-13 5.083205365720141577e-09 0.000000000000000000e+00 -3.110409767854189790e-13 0.000000000000000000e+00 5.083205365720141577e-09 0.000000000000000000e+00 5.083205365720141577e-09
8.094568864722074295e+02 -2.764000046181075198e-13 4.429923215743029763e-09 0.000000000000000000e+00 -2.764000046181075198e-13 0.000000000000000000e+00 4.429923215743029763e-09 0.000000000000000000e+00 4.429923215743029763e-09
9.009862799510120794e+02 -2.459190082143444416e-13 3.764194477276789185e-09 0.000000000000000000e+00 -2.459190082143444416e-13 0.000000000000000000e+00 3.764194477276789185e-09 0.000000000000000000e+00 3.764194477276789185e-09
1.002865365934268880e+03 -2.672220790375660429e-13 3.132134074641984728e-09 0.000000000000000000e+00 -2.672220790375660429e-13 0.000000000000000000e+00 3.132134074641984728e-09 0.000000000000000000e+00 3.132134074641984728e-09
1.116264436618460877e+03 -2.578302266094723402e-13 2.622256187454999953e-09 0.000000000000000000e+00 -2.578302266094723402e-13 0.000000000000000000e+00 2.622256187454999953e-09 0.000000000000000000e+00 2.622256187454999953e-09
1.242486115071199492e+03 -2.196516838406349791e-13 2.182472371620070683e-09 0.000000000000000000e+00 -2.196516838406349791e-13 0.000000000000000000e+00 2.182472371620070683e-09 0.000000000000000000e+00 2.182472371620070683e-09
1.382980318553656389e+03 -2.258652005882402300e-13 1.801034260798551775e-09 0.000000000000000000e+00 -2.258652005882402300e-13 0.000000000000000000e+00 1.801034260798551775e-09 0.000000000000000000e+00 1.801034260798551775e-09
1.539360913821697523e+03 -1.969169003551704592e-13 1.489996002120240503e-09 0.000000000000000000e+00 -1.969169003551704592e-13 0.000000000000000000e+00 1.489996002120240503e-09 0.000000000000000000e+00 1.489996002120240503e-09
1.713424255726343517e+03 -1.870411383171791982e-13 1.214872035238688995e-09 0.000000000000000000e+00 -1.870411383171791982e-13 0.000000000000000000e+00 1.214872035238688995e-09 0.000000000000000000e+00 1.214872035238688995e-09
1.907169822067742189e+03 -1.657637822939649452e-13 9.914823245697644308e-10 0.000000000000000000e+00 -1.657637822939649452e-13 0.000000000000000000e+00 9.914823245697644308e-10 0.000000000000000000e+00 9.914823245697644308e-10
2.122823181736748211e+03 -1.535758554702578411e-13 8.045259066376563846e-10 0.000000000000000000e+00 -1.535758554702578411e-13 0.000000000000000000e+00 8.045259066376563846e-10 0.000000000000000000e+00 8.045259066376563846e-10
2.362861559980607581e+03 -1.355239510042006668e-13 6.496238521510481967e-10 0.000000000000000000e+00 -1.355239510042006668e-13 0.000000000000000000e+00 6.496238521510481967e-10 0.000000000000000000e+00 6.496238521510481967e-10
2.630042294462951304e+03 -1.211726461229682623e-13 5.228960526609545269e-10 0.000000000000000000e+00 -1.211726461229682623e-13 0.000000000000000000e+00 5.228960526609545269e-10 0.000000000000000000e+00 5.228960526609545269e-10
2.927434508994474982e+03 -1.077493116096315429e-13 4.189274519712169295e-10 0.000000000000000000e+00 -1.077493116096315429e-13 0.000000000000000000e+00 4.189274519712169295e-10 0.000000000000000000e+00 4.189274519712169295e-10
3.258454368773508122e+03 -9.497561005775433496e-14 3.345753175521241380e-10 0.000000000000000000e+00 -9.497561005775433496e-14 0.000000000000000000e+00 3.345753175521241380e-10 0.000000000000000000e+00 3.345753175521241380e-10
3.626904322114499791e+03 -8.321423201778090085e-14 2.662042368424707473e-10 0.000000000000000000e+00 -8.321423201778090085e-14 0.000000000000000000e+00 2.662042368424707473e-10 0.000000000000000000e+00 2.662042368424707473e-10
4.037016779438275080e+03 -7.255927366002532275e-14 2.111236990306258579e-10 0.000000000000000000e+00 -7.255927366002532275e-14 0.000000000000000000e+00 2.111236990306258579e-10 0.000000000000000000e+00 2.111236990306258579e-10
4.493502731267226409e+03 -6.296632413830604863e-14 1.669115595565625010e-10 0.000000000000000000e+00 -6.296632413830604863e-14 0.000000000000000000e+00 1.669115595565625010e-10 0.000000000000000000e+00 1.669115595565625010e-10
5.001605863702974602e+03 -5.437179374477947003e-14 1.315611453185070236e-10 0.000000000000000000e+00 -5.437179374477947003e-14 0.000000000000000000e+00 1.315611453185070236e-10 0.000000000000000000e+00 1.315611453185070236e-10
5.567162793016338583e+03 -4.671532308667882283e-14 1.034028831654053648e-10 0.000000000000000000e+00 -4.671532308667882283e-14 0.000000000000000000e+00 1.034028831654053648e-10 0.000000000000000000e+00 1.034028831654053648e-10
6.196670111266974345e+03 -3.993184891432171138e-14 8.105207986457665836e-11 0.000000000000000000e+00 -3.993184891432171138e-14 0.000000000000000000e+00 8.105207986457665836e-11 0.000000000000000000e+00 8.105207986457665836e-11
6.897359013111165041e+03 -3.395297368556770228e-14 6.336909437453930709e-11 0.000000000000000000e+00 -3.395297368556770228e-14 0.000000000000000000e+00 6.336909437453930709e-11 0.000000000000000000e+00 6.336909437453930709e-11
7.677278361042189317e+03 -2.871238451538505458e-14 4.942281656418557363e-11 0.000000000000000000e+00 -2.871238451538505458e-14 0.000000000000000000e+00 4.942281656418557363e-11 0.000000000000000000e+00 4.942281656418557363e-11
8.545387143236317570e+03 -2.414251384348508691e-14 3.845608161836980285e-11 0.000000000000000000e+00 -2.414251384348508691e-14 0.000000000000000000e+00 3.845608161836980285e-11 0.000000000000000000e+00 3.845608161836980285e-11
9.511657386079081334e+03 -2.018078780981373170e-14 2.985647120148387093e-11 0.000000000000000000e+00 -2.018078780981373170e-14 0.000000000000000000e+00 2.985647120148387093e-11 0.000000000000000000e+00 2.985647120148387093e-11
1.058718870352829254e+04 -1.676474389674137379e-14 2.313102183764235016e-11 0.000000000000000000e+00 -1.676474389674137379e-14 0.000000000000000000e+00 2.313102183764235016e-11 0.000000000000000000e+00 2.313102183764235016e-11
1.178433579916051713e+04 -1.384007994674945039e-14 1.788454853266980455e-11 0.000000000000000000e+00 -1.384007994674945039e-14 0.000000000000000000e+00 1.788454853266980455e-11 0.000000000000000000e+00 1.788454853266980455e-11
1.311685038551288017e+04 -1.135158751075093245e-14 1.380157007704985794e-11 0.000000000000000000e+00 -1.135158751075093245e-14 0.000000000000000000e+00 1.380157007704985794e-11 0.000000000000000000e+00 1.380157007704985794e-11
1.460003915097147365e+04 -9.248935824959739626e-15 1.063124788906066036e-11 0.000000000000000000e+00 -9.248935824959739626e-15 0.000000000000000000e+00 1.063124788906066036e-11 0.000000000000000000e+00 1.063124788906066036e-11
1.625093958876844590e+04 -7.485360776034882633e-15 8.174878303676334183e-12 0.000000000000000000e+00 -7.485360776034882633e-15 0.000000000000000000e+00 8.174878303676334183e-12 0.000000000000000000e+00 8.174878303676334183e-12
1.808851570786662342e+04 -6.075613844444787301e-15 6.275580896752412900e-12 0.000000000000000000e+00 -6.075613844444787301e-15 0.000000000000000000e+00 6.275580896752412900e-12 0.000000000000000000e+00 6.275580896752412900e-12
2.013387587385212828e+04 -4.850376191300799719e-15 4.809884801678349910e-12 0.000000000000000000e+00 -4.850376191300799719e-15 0.000000000000000000e+00 4.809884801678349910e-12 0.000000000000000000e+00 4.809884801678349910e-12
2.241051528221264743e+04 -3.846548589295582330e-15 3.680898480115728917e-12 0.000000000000000000e+00 -3.846548589295582330e-15 0.000000000000000000e+00 3.680898480115728917e-12 0.000000000000000000e+00 3.680898480115728917e-12
2.494458584929090648e+04 -3.030506437907412602e-15 2.812809136898115350e-12 0.000000000000000000e+00 -3.030506437907412602e-15 0.000000000000000000e+00 2.812809136898115350e-12 0.000000000000000000e+00 2.812809136898115350e-12
2.776519662118276028e+04 -2.393766362096746245e-15 2.146452072418550247e-12 0.000000000000000000e+00 -2.393766362096746245e-15 0.000000000000000000e+00 2.146452072418550247e-12 0.000000000000000000e+00 2.146452072418550247e-12
3.090474815138586200e+04 -1.862267782310866447e-15 1.635769779772187392e-12 0.000000000000000000e+00 -1.862267782310866447e-15 0.000000000000000000e+00 1.635769779772187392e-12 0.000000000000000000e+00 1.635769779772187392e-12
3.439930468822552211e+04 -1.439125625593663759e-15 1.244992338490742316e-12 0.000000000000000000e+00 -1.439125625593663759e-15 0.000000000000000000e+00 1.244992338490742316e-12 0.000000000000000000e+00 1.244992338490742316e-12
3.828900844740607135e+04 -1.112428086576096326e-15 9.464050441598873500e-13 0.000000000000000000e+00 -1.112428086576096326e-15 0.000000000000000000e+00 9.464050441598873500e-13 0.000000000000000000e+00 9.464050441598873500e-13
4.261854072845193878e+04 -8.506948613528300274e-16 7.185798606327736337e-13 0.000000000000000000e+00 -8.506948613528300274e-16 0.000000000000000000e+00 7.185798606327736337e-13 0.000000000000000000e+00 7.185798606327736337e-13
4.743763517192281142e+04 -6.436114117121506728e-16 5.449801628407513171e-13 0.000000000000000000e+00 -6.436114117121506728e-16 0.000000000000000000e+00 5.449801628407513171e-13 0.000000000000000000e+00 5.449801628407513171e-13
