1.000000000000000021e-08
1.122018947073786188e-08
1.258925135344718850e-08
1.412537854804205174e-08
1.584892496402718679e-08
1.778279410038922821e-08
1.995263191254865764e-08
2.238720646963977677e-08
2.511886983098867687e-08
2.818381693478141843e-08
3.162277660168379191e-08
3.548135450617081441e-08
3.981070831325057605e-08
4.466836902389503951e-08
5.011870135142810111e-08
5.623413251903490494e-08
6.309576215861530523e-08
7.079456289251887360e-08
7.943284091521296771e-08
8.912505467113453485e-08
9.999999999999999547e-08
1.122018947073786287e-07
1.258925135344718685e-07
1.412537854804205339e-07
1.584892496402718481e-07
1.778279410038922689e-07
1.995263191254865830e-07
2.238720646963977478e-07
2.511886983098867422e-07
2.818381693478141909e-07
3.162277660168379191e-07
3.548135450617081308e-07
3.981070831325057737e-07
4.466836902389503951e-07
5.011870135142809978e-07
5.623413251903490361e-07
6.309576215861531317e-07
7.079456289251887360e-07
7.943284091521296506e-07
8.912505467113452691e-07
9.999999999999999547e-07
1.122018947073786128e-06
1.258926517592567815e-06
1.412537854804205180e-06
1.584892496402718586e-06
1.778279410038922901e-06
1.995263191254866042e-06
2.238723104986867296e-06
2.511886983098867740e-06
2.818381693478142015e-06
3.162277660168379191e-06
3.548135450617081308e-06
3.981075202376551385e-06
4.466836902389504269e-06
5.011870135142810614e-06
5.623413251903491208e-06
6.309576215861531105e-06
7.079464062202759376e-06
7.943284091521296929e-06
8.912505467113452691e-06
1.000000000000000082e-05
1.122018947073786213e-05
1.258926517592567942e-05
1.412537854804205180e-05
1.584892496402718671e-05
1.778279410038922901e-05
1.995263191254865957e-05
2.238723104986867126e-05
2.511886983098867571e-05
2.818381693478142015e-05
3.162277660168379530e-05
3.548135450617081224e-05
3.981075202376551894e-05
4.466836902389503930e-05
5.011870135142810275e-05
5.623413251903490700e-05
6.309576215861530427e-05
7.079464062202759376e-05
7.943284091521295913e-05
8.912505467113453368e-05
1.000000000000000048e-04
1.122018947073786247e-04
1.258925135344718708e-04
1.412537854804205180e-04
1.584894236549279183e-04
1.778279410038922698e-04
1.995263191254865889e-04
2.238720646963977487e-04
2.511886983098867571e-04
2.818384787944940907e-04
3.162277660168379394e-04
3.548135450617081088e-04
3.981070831325057911e-04
4.466836902389503794e-04
5.011875637969403921e-04
5.623413251903490971e-04
6.309576215861531241e-04
7.079456289251887012e-04
7.943284091521296726e-04
8.912515252676681422e-04
1.000000000000000021e-03
1.122018947073786166e-03
1.258925135344718870e-03
1.412537854804205234e-03
1.584894236549278966e-03
1.778279410038922752e-03
1.995263191254865835e-03
2.238720646963977649e-03
2.511886983098867571e-03
2.818384787944940798e-03
3.162277660168379394e-03
3.548135450617081414e-03
3.981070831325058020e-03
4.466836902389504337e-03
5.011875637969403705e-03
5.623413251903490971e-03
6.309576215861530807e-03
7.079456289251887663e-03
7.943284091521295859e-03
8.912515252676680988e-03
1.000000000000000021e-02
1.122018947073786209e-02
1.258925135344718740e-02
1.412537854804205191e-02
1.584894236549279009e-02
1.778279410038922925e-02
1.995263191254866009e-02
2.238720646963977476e-02
2.511886983098867571e-02
2.818384787944941058e-02
3.162277660168379134e-02
3.548135450617081327e-02
3.981070831325057846e-02
4.466836902389503816e-02
5.011875637969404051e-02
5.623413251903491145e-02
6.309576215861531501e-02
7.079456289251886969e-02
7.943284091521296553e-02
8.912515252676682376e-02
1.000000000000000056e-01
1.122018947073786244e-01
1.258925135344718671e-01
1.412537854804205295e-01
1.584894236549279078e-01
1.778279410038922925e-01
1.995263191254866009e-01
2.238720646963977545e-01
2.511886983098867709e-01
2.818384787944940850e-01
3.162277660168379412e-01
3.548135450617081466e-01
3.981070831325057569e-01
4.466836902389503816e-01
5.011875637969404051e-01
5.623413251903490728e-01
6.309576215861530946e-01
7.079456289251887524e-01
7.943284091521296553e-01
8.912515252676681543e-01
1.000000000000000000e+00
1.122018947073786244e+00
1.258926517592567906e+00
1.412539405712481377e+00
1.584892496402718454e+00
1.778279410038922759e+00
1.995263191254865953e+00
2.238723104986866996e+00
2.511889741047121927e+00
2.818381693478142047e+00
3.162277660168379523e+00
3.548135450617081244e+00
3.981075202376551658e+00
4.466841806792098524e+00
5.011870135142810767e+00
5.623413251903491172e+00
6.309576215861531168e+00
7.079464062202759145e+00
7.943292812919449553e+00
8.912505467113453150e+00
1.000000000000000000e+01
1.122018947073786244e+01
1.258926517592567862e+01
1.412539405712481511e+01
1.584892496402718542e+01
1.778279410038922848e+01
1.995263191254866086e+01
2.238723104986867085e+01
2.511889741047122016e+01
2.818381693478141869e+01
3.162277660168379256e+01
3.548135450617081688e+01
3.981075202376551658e+01
4.466841806792098879e+01
5.011870135142810057e+01
5.623413251903490817e+01
6.309576215861530812e+01
7.079464062202760033e+01
7.943292812919449375e+01
8.912505467113453506e+01
