1.157951354980468750e-02
2.329301834106445312e-02
3.514218330383300781e-02
4.712855815887451172e-02
5.925369262695312500e-02
7.151925563812255859e-02
8.392691612243652344e-02
9.647822380065917969e-02
1.091748476028442383e-01
1.220184564590454102e-01
1.350108385086059570e-01
1.481536626815795898e-01
1.614485979080200195e-01
1.748975515365600586e-01
1.885021924972534180e-01
2.022644281387329102e-01
2.161860466003417969e-01
2.302687168121337891e-01
2.445145845413208008e-01
2.589254379272460938e-01
2.735030651092529297e-01
2.882494926452636719e-01
3.031667470932006836e-01
3.182567358016967773e-01
3.335214853286743164e-01
3.489629030227661133e-01
3.645831346511840820e-01
3.803843259811401367e-01
3.963683843612670898e-01
4.125375747680664062e-01
4.288939237594604492e-01
4.454398155212402344e-01
4.621771574020385742e-01
4.791084527969360352e-01
4.962356090545654297e-01
5.135612487792968750e-01
5.310875177383422852e-01
5.488165616989135742e-01
5.667510032653808594e-01
5.848931074142456055e-01
6.032453775405883789e-01
6.218100786209106445e-01
6.405897140502929688e-01
6.595869064331054688e-01
6.788040399551391602e-01
6.982436180114746094e-01
7.179083824157714844e-01
7.378008365631103516e-01
7.579236030578613281e-01
7.782794237136840820e-01
7.988709211349487305e-01
8.197008371353149414e-01
8.407719135284423828e-01
8.620870113372802734e-01
8.836491107940673828e-01
9.054607152938842773e-01
9.275249242782592773e-01
9.498445987701416016e-01
9.724227190017700195e-01
9.952622652053833008e-01
1.018366336822509766e+00
1.041738033294677734e+00
1.065380096435546875e+00
1.089296102523803711e+00
1.113488912582397461e+00
1.137962102890014648e+00
1.162718534469604492e+00
1.187761545181274414e+00
1.213094711303710938e+00
1.238721132278442383e+00
1.264644145965576172e+00
1.290867567062377930e+00
1.317394495010375977e+00
1.344228744506835938e+00
1.371373653411865234e+00
1.398832798004150391e+00
1.426609992980957031e+00
1.454708814620971680e+00
1.483133077621459961e+00
1.511886358261108398e+00
1.540972709655761719e+00
1.570395708084106445e+00
1.600159406661987305e+00
1.630267858505249023e+00
1.660724878311157227e+00
1.691534757614135742e+00
1.722701311111450195e+00
1.754228591918945312e+00
1.786121129989624023e+00
1.818382740020751953e+00
1.851018190383911133e+00
1.884031295776367188e+00
1.917427062988281250e+00
1.951209306716918945e+00
1.985382556915283203e+00
2.019951581954956055e+00
2.054920911788940430e+00
2.090295314788818359e+00
2.126079082489013672e+00
2.162277698516845703e+00
2.198894977569580078e+00
2.235936403274536133e+00
2.273406744003295898e+00
2.311311006546020508e+00
2.349654197692871094e+00
2.388441324234008789e+00
2.427677631378173828e+00
2.467368125915527344e+00
2.507518768310546875e+00
2.548134088516235352e+00
2.589219331741333008e+00
2.630780458450317383e+00
2.672822952270507812e+00
2.715352296829223633e+00
2.758373975753784180e+00
2.801893711090087891e+00
2.845917701721191406e+00
2.890451192855834961e+00
2.935500383377075195e+00
2.981071472167968750e+00
3.027170181274414062e+00
3.073802947998046875e+00
3.120975494384765625e+00
3.168694019317626953e+00
3.216965198516845703e+00
3.265795230865478516e+00
3.315190792083740234e+00
3.365158081054687500e+00
3.415704250335693359e+00
3.466835498809814453e+00
3.518558979034423828e+00
3.570881366729736328e+00
3.623809814453125000e+00
3.677350997924804688e+00
3.731512546539306641e+00
3.786301136016845703e+00
3.841723918914794922e+00
3.897788047790527344e+00
3.954501628875732422e+00
4.011872291564941406e+00
4.069906711578369141e+00
4.128613471984863281e+00
4.188000202178955078e+00
4.248074054718017578e+00
4.308844089508056641e+00
4.370317459106445312e+00
4.432502746582031250e+00
4.495409011840820312e+00
4.559042453765869141e+00
4.623413085937500000e+00
4.688529014587402344e+00
4.754399299621582031e+00
4.821032047271728516e+00
4.888436317443847656e+00
4.956621170043945312e+00
5.025595664978027344e+00
5.095368385314941406e+00
5.165949344635009766e+00
5.237347602844238281e+00
5.309572696685791016e+00
5.382635116577148438e+00
5.456542491912841797e+00
5.531305313110351562e+00
5.606934547424316406e+00
5.683438777923583984e+00
5.760829448699951172e+00
5.839116096496582031e+00
5.918309211730957031e+00
5.998419284820556641e+00
6.079457283020019531e+00
6.161433219909667969e+00
6.244359016418457031e+00
6.328245639801025391e+00
6.413102626800537109e+00
6.498941898345947266e+00
6.585775852203369141e+00
6.673614501953125000e+00
6.762470722198486328e+00
6.852355957031250000e+00
6.943282127380371094e+00
7.035261154174804688e+00
7.128304481506347656e+00
7.222425460815429688e+00
7.317636489868164062e+00
7.413950920104980469e+00
7.511380195617675781e+00
7.609937667846679688e+00
7.709635734558105469e+00
7.810488700866699219e+00
7.912508964538574219e+00
8.015710830688476562e+00
8.120107650756835938e+00
8.225713729858398438e+00
8.332542419433593750e+00
8.440608024597167969e+00
8.549924850463867188e+00
8.660508155822753906e+00
8.772371292114257812e+00
8.885531425476074219e+00
9.000000000000000000e+00
9.115794181823730469e+00
9.232929229736328125e+00
9.351421356201171875e+00
9.471284866333007812e+00
9.592536926269531250e+00
9.715192794799804688e+00
9.839268684387207031e+00
9.964780807495117188e+00
1.009174728393554688e+01
1.022018337249755859e+01
