9.913868243389262203e-01
9.836275944923726922e-01
9.741836119666679172e-01
9.640207713118014166e-01
9.539207998101287833e-01
9.443998599623901757e-01
9.357429202162619308e-01
9.280696546021256488e-01
9.213948355177277172e-01
9.156627073152910912e-01
9.108163104912770924e-01
9.067592776640271968e-01
9.034023226075134083e-01
9.006744255425033208e-01
8.984708352060518655e-01
8.967358463973157390e-01
8.954069522630648814e-01
8.944313292969289231e-01
8.937468286706355958e-01
8.933607555814631063e-01
8.931911206801912417e-01
8.932238293342443791e-01
8.934425479067776843e-01
8.921407075635435779e-01
8.899867634535384431e-01
8.879608751073303496e-01
8.860515343998009996e-01
8.841163496659955046e-01
8.822840102205458113e-01
8.805220490057145133e-01
8.788123318742727674e-01
8.771492936320919309e-01
8.755290546765529536e-01
8.739487031379585824e-01
8.723793884124757536e-01
8.708824608935334943e-01
8.693916531224405997e-01
8.679261457014811887e-01
8.664833898954703573e-01
8.650620828896090631e-01
8.636568964558156702e-01
8.622709540911011050e-01
8.609285004902619276e-01
8.595778085141498881e-01
8.582423923182402881e-01
8.569156975304139667e-01
8.556107924177362989e-01
8.543139384591743601e-01
8.529977484696190659e-01
8.517555884691446755e-01
8.504873336851250798e-01
8.492410264814415077e-01
8.479995926875338874e-01
8.467831612818537135e-01
8.456139099963357886e-01
8.443510000923595271e-01
8.430938668977486783e-01
8.419061573322451641e-01
8.407219762257085449e-01
8.388548240159175995e-01
8.383785771927227959e-01
8.372226993265924344e-01
8.360756064725003434e-01
8.349371331937445184e-01
8.338096315229155397e-01
8.326923296168157185e-01
8.315819168911137149e-01
8.304824765279475995e-01
8.293939608870085634e-01
8.283133546638014044e-01
8.272494923031872283e-01
8.261808046267945516e-01
8.251328010523717449e-01
8.240499209552040183e-01
8.230169734543747451e-01
8.220282422306087744e-01
8.210135726861241823e-01
8.200079254681482688e-01
8.190123070427774987e-01
8.180243421355097855e-01
8.170445097671901191e-01
8.160796124490959924e-01
8.151224367503258073e-01
8.141808577598735885e-01
8.132643434892321554e-01
8.123346412863543531e-01
8.114090370207922565e-01
8.105026588191142078e-01
8.095999137312894778e-01
8.086873438826504001e-01
8.077928582300542004e-01
8.069170790441412278e-01
8.060507754837752392e-01
8.053942112121902364e-01
8.043466305970692343e-01
8.035130509231728224e-01
8.026819512934335599e-01
8.018596985347691275e-01
8.010469490683065352e-01
8.002446346661579168e-01
7.994502004301369258e-01
