6.648376385984890931e+02
2.832645946741217244e+02
1.493776853039003356e+02
9.107196670903705638e+01
6.151102133179451670e+01
4.475989968328557467e+01
3.443570897417703236e+01
2.764448969655816413e+01
2.294074719257765693e+01
1.954431650030723233e+01
1.700665585741672103e+01
1.505601080432316685e+01
1.352031576629884135e+01
1.228646363395016650e+01
1.127766365321454600e+01
1.044022351045698294e+01
9.735941181217041773e+00
9.136692489765676939e+00
8.621575205527671315e+00
8.174741210044944140e+00
7.783990884921191622e+00
7.439798699889839106e+00
7.134175297774173252e+00
6.787269665006902208e+00
6.438247496637326428e+00
6.125744019133988694e+00
5.844539205592941933e+00
5.590325909068996069e+00
5.359874862246566174e+00
5.149533180818458789e+00
4.957140988500031042e+00
4.780576036702739451e+00
4.618035208367936129e+00
4.468044417369400279e+00
4.329040228557066605e+00
4.200103619846742298e+00
4.080156234248776492e+00
3.968323062192264938e+00
3.863837471353692710e+00
3.766025357658227435e+00
3.674328743638809236e+00
3.588136428004047307e+00
3.506802417229767599e+00
3.430358432927729684e+00
3.358202676441803369e+00
3.290004066695720208e+00
3.225429949534202478e+00
3.164239035301303904e+00
3.106173775692538719e+00
3.051010248050692653e+00
2.998501248500164529e+00
2.948593085555548665e+00
2.900986858667472745e+00
2.855438809655276966e+00
2.812497363226546199e+00
2.770620278697253802e+00
2.731272654153719781e+00
2.693315772504756289e+00
2.656938449547195713e+00
2.625550908634903813e+00
2.588578933790366854e+00
2.556433026042463030e+00
2.525540418412134169e+00
2.495827161055695242e+00
2.467237585549667767e+00
2.439727313055985558e+00
2.413204157887079315e+00
2.387636653524642050e+00
2.362973476718351229e+00
2.339160621131431306e+00
2.316287081443701101e+00
2.293963849928196463e+00
2.272483574401933382e+00
2.251727976501631368e+00
2.231632477694884820e+00
2.212170162568531495e+00
2.193324592357424496e+00
2.175061576797914675e+00
2.157356194659100002e+00
2.140183030850308477e+00
2.123518390467136197e+00
2.107343801229292435e+00
2.091634891298144172e+00
2.076391086542693554e+00
2.061562934087041388e+00
2.047140918015944777e+00
2.033111376835835316e+00
2.019464266437049904e+00
2.006177225274778486e+00
1.993223607642506723e+00
1.980613437255265286e+00
1.968333571098438206e+00
1.956364116668140030e+00
1.944890349099273719e+00
1.933631960649191628e+00
1.922208500410373722e+00
1.911366504221122309e+00
1.900781642503504232e+00
1.890444734330379406e+00
1.880347371002647705e+00
1.870479801235759743e+00
