9.896730596231276422e+01
5.039084460023088496e+01
3.092336988758609806e+01
2.147559119700969887e+01
1.623710635594680696e+01
1.303791505496113068e+01
1.093724521901379276e+01
9.478498515261996715e+00
8.419685582137830693e+00
7.622655383759560976e+00
7.005737296727283514e+00
6.516081978576216294e+00
6.119358756889602624e+00
5.792675096244727762e+00
5.518844944407891973e+00
5.286626261303465135e+00
5.087446297677031382e+00
4.914896030769703827e+00
4.763784081698447359e+00
4.631295458551942801e+00
4.513530051689275346e+00
4.408463828798521611e+00
4.314219708779272189e+00
4.178810791171064132e+00
4.028237033567996228e+00
3.891130512754795046e+00
3.765743868528650840e+00
3.649171850586270693e+00
3.542016443239980994e+00
3.442712847628265571e+00
3.350423154372672130e+00
3.264425326368233460e+00
3.184104673542068387e+00
3.108958539590017445e+00
3.038233933385054986e+00
2.972073884730502158e+00
2.909629437835887789e+00
2.850729247012000478e+00
2.795082236836953005e+00
2.742434457430172667e+00
2.692553115326887792e+00
2.645217919477266477e+00
2.600280294620882504e+00
2.557533106540258228e+00
2.516840191006672001e+00
2.478040356845612191e+00
2.441051567909475750e+00
2.405717578723586492e+00
2.371826995051704134e+00
2.339640626769139420e+00
2.308668279934900536e+00
2.279074245569513657e+00
2.250657597522917719e+00
2.223369416132074949e+00
2.197565076013014984e+00
2.172021433212034669e+00
2.147822481519908955e+00
2.124564036765992814e+00
2.102151489821780572e+00
2.080551178209699703e+00
2.059743190836111459e+00
2.039676877723969550e+00
2.020313883096569452e+00
2.001616900497443563e+00
1.983563873156400925e+00
1.966130794514515667e+00
1.949261995774573375e+00
1.932951037730047839e+00
1.917170850952265360e+00
1.901886495814065103e+00
1.887165835584438511e+00
1.872752342454135688e+00
1.858858490714895728e+00
1.845313181682534331e+00
1.832243602103388325e+00
1.819619836700881121e+00
1.807304419623957825e+00
1.795343291296395805e+00
1.783724391555507660e+00
1.772429507104165580e+00
1.761446306631548442e+00
1.750775444847183060e+00
1.740391225056236557e+00
1.730305619902449354e+00
1.720504488123501874e+00
1.710923741659313047e+00
1.701582710646288854e+00
1.692497782603938239e+00
1.683633135618341603e+00
1.674954954195488899e+00
1.666508420395716783e+00
1.658286030292778213e+00
1.650263256297894054e+00
1.642808806572652491e+00
1.634974117910701574e+00
1.627332671924848873e+00
1.620036807522460265e+00
1.612907977893893730e+00
1.605941451822810340e+00
1.599133220581891113e+00
1.592474314861788365e+00
