8.765701872876851439e+02
8.747914562022318705e+02
8.720136590572102477e+02
8.682511194189963817e+02
8.636185593519162467e+02
8.582773168428892632e+02
8.523970329746707648e+02
8.461342033559621996e+02
8.396229019440701222e+02
8.329726948374333233e+02
8.262702299961559902e+02
8.195823293100289675e+02
8.129594226002258210e+02
8.064387884108265325e+02
8.000473382149214103e+02
7.938033038369122778e+02
7.877205609094547754e+02
7.818065711622674598e+02
7.760657907406105096e+02
7.705000110856364017e+02
7.651090843288560563e+02
7.598913984439808473e+02
7.548363881333744985e+02
7.485469351693440103e+02
7.415351164180013939e+02
7.345789691117676057e+02
7.276836553673963408e+02
7.208531745999715667e+02
7.141012538765069166e+02
7.074109896766949532e+02
7.007944832605376178e+02
6.942536453496675222e+02
6.877901795987554578e+02
6.814085695040764676e+02
6.750995882274544329e+02
6.688742203928921981e+02
6.627296093869659899e+02
6.566660551779727939e+02
6.506837169456630363e+02
6.447826440663668564e+02
6.389651966388375968e+02
6.332258559885249269e+02
6.275512938848453359e+02
6.219725946479486538e+02
6.164738313742020637e+02
6.110549132199755604e+02
6.057127785181302215e+02
6.004493286089654021e+02
5.952629797306605042e+02
5.901529542016485266e+02
5.851141645105867610e+02
5.801586019989969145e+02
5.752727133470817762e+02
5.704455547215377464e+02
5.657514569252626870e+02
5.610335678814548146e+02
5.564688193780754091e+02
5.519390236812295143e+02
5.474762752856908037e+02
5.435262871923325747e+02
5.387506511946838827e+02
5.344861299416955944e+02
5.302855790971225360e+02
5.261472801993711528e+02
5.220713883722528408e+02
5.180591839441916591e+02
5.141043317917931290e+02
5.102088026954047564e+02
5.063711793792496678e+02
5.025890794478266344e+02
4.988829432627015876e+02
4.951947086131344804e+02
4.915773384592506545e+02
4.880164449919184904e+02
4.845056893183854640e+02
4.810447519957543250e+02
4.776349570239726177e+02
4.742741898299901777e+02
4.709617169787015314e+02
4.676964555217151656e+02
4.644773930021070214e+02
4.613043038251648795e+02
4.581755947240174009e+02
4.550942607375780540e+02
4.520532237146310308e+02
4.490532181517370418e+02
4.460940136288024860e+02
4.431760237582797117e+02
4.402968807643408127e+02
4.374530340975741751e+02
4.346488557623507631e+02
4.318835978750394702e+02
4.291548313441749087e+02
4.265075404275780215e+02
4.238794052084480199e+02
4.211812695068282437e+02
4.185906405600563858e+02
4.160329417685523481e+02
4.135075149165262474e+02
4.110137996591296883e+02
4.085508300321372985e+02
