1.056032981064548126e+00 3.857559620249205766e-10 3.585362736371843060e-08 0.000000000000000000e+00 3.857559620249205766e-10 0.000000000000000000e+00 3.585362736371843060e-08 0.000000000000000000e+00 3.585362736371843060e-08
1.175443983510534363e+00 3.762275033759150363e-10 3.822413811905271380e-08 0.000000000000000000e+00 3.762275033759150363e-10 0.000000000000000000e+00 3.822413811905271380e-08 0.000000000000000000e+00 3.822413811905271380e-08
1.308357393325258133e+00 3.660132557076920819e-10 4.082268063334828445e-08 0.000000000000000000e+00 3.660132557076920819e-10 0.000000000000000000e+00 4.082268063334828445e-08 0.000000000000000000e+00 4.082268063334828445e-08
1.456299996156748877e+00 3.570302532956437773e-10 4.366394434880383502e-08 0.000000000000000000e+00 3.570302532956437773e-10 0.000000000000000000e+00 4.366394434880383502e-08 0.000000000000000000e+00 4.366394434880383502e-08
1.620971219045888478e+00 3.484894276625198834e-10 4.676249715328742182e-08 0.000000000000000000e+00 3.484894276625198834e-10 0.000000000000000000e+00 4.676249715328742182e-08 0.000000000000000000e+00 4.676249715328742182e-08
1.804262651863866251e+00 3.333686033679934318e-10 5.013194230180769568e-08 0.000000000000000000e+00 3.333686033679934318e-10 0.000000000000000000e+00 5.013194230180769568e-08 0.000000000000000000e+00 5.013194230180769568e-08
2.008279776137516404e+00 3.015967805345986615e-10 5.378469730592696679e-08 0.000000000000000000e+00 3.015967805345986615e-10 0.000000000000000000e+00 5.378469730592696679e-08 0.000000000000000000e+00 5.378469730592696679e-08
2.235366150863083323e+00 2.522870647789485126e-10 5.773117332232423484e-08 0.000000000000000000e+00 2.522870647789485126e-10 0.000000000000000000e+00 5.773117332232423484e-08 0.000000000000000000e+00 5.773117332232423484e-08
2.488130333132567262e+00 1.984139060050455004e-10 6.197904491067409553e-08 0.000000000000000000e+00 1.984139060050455004e-10 0.000000000000000000e+00 6.197904491067409553e-08 0.000000000000000000e+00 6.197904491067409553e-08
2.769475842811750965e+00 1.563496583385668904e-10 6.653281498991495592e-08 0.000000000000000000e+00 1.563496583385668904e-10 0.000000000000000000e+00 6.653281498991495592e-08 0.000000000000000000e+00 6.653281498991495592e-08
3.082634515476230241e+00 1.264267104019862004e-10 7.139271062937565831e-08 0.000000000000000000e+00 1.264267104019862004e-10 0.000000000000000000e+00 7.139271062937565831e-08 0.000000000000000000e+00 7.139271062937565831e-08
3.431203626733101864e+00 9.843921818893174749e-11 7.655408375415657384e-08 0.000000000000000000e+00 9.843921818893174749e-11 0.000000000000000000e+00 7.655408375415657384e-08 0.000000000000000000e+00 7.655408375415657384e-08
3.819187214377767425e+00 5.941072565801437397e-11 8.200543183038990179e-08 0.000000000000000000e+00 5.941072565801437397e-11 0.000000000000000000e+00 8.200543183038990179e-08 0.000000000000000000e+00 8.200543183038990179e-08
4.251042073056519932e+00 3.106648458351020997e-12 8.772661633955733573e-08 0.000000000000000000e+00 3.106648458351020997e-12 0.000000000000000000e+00 8.772661633955733573e-08 0.000000000000000000e+00 8.772661633955733573e-08
4.731728949778890581e+00 -6.623943341072085341e-11 9.368880848678752303e-08 0.000000000000000000e+00 -6.623943341072085341e-11 0.000000000000000000e+00 9.368880848678752303e-08 0.000000000000000000e+00 9.368880848678752303e-08
5.266769528365972342e+00 -1.359548939450125233e-10 9.985188107178056782e-08 0.000000000000000000e+00 -1.359548939450125233e-10 0.000000000000000000e+00 9.985188107178056782e-08 0.000000000000000000e+00 9.985188107178056782e-08
5.862309857419115922e+00 -2.000931910361327397e-10 1.061652184118195522e-07 0.000000000000000000e+00 -2.000931910361327397e-10 0.000000000000000000e+00 1.061652184118195522e-07 0.000000000000000000e+00 1.061652184118195522e-07
6.525190950410857837e+00 -2.689257330829188669e-10 1.125639472674419786e-07 0.000000000000000000e+00 -2.689257330829188669e-10 0.000000000000000000e+00 1.125639472674419786e-07 0.000000000000000000e+00 1.125639472674419786e-07
7.263027368885755841e+00 -3.487446681097991360e-10 1.189689060411470751e-07 0.000000000000000000e+00 -3.487446681097991360e-10 0.000000000000000000e+00 1.189689060411470751e-07 0.000000000000000000e+00 1.189689060411470751e-07
8.084294691462201143e+00 -4.344064673398973655e-10 1.252870752301043182e-07 0.000000000000000000e+00 -4.344064673398973655e-10 0.000000000000000000e+00 1.252870752301043182e-07 0.000000000000000000e+00 1.252870752301043182e-07
8.998426873397548320e+00 -5.206991958458435678e-10 1.314110818913539601e-07 0.000000000000000000e+00 -5.206991958458435678e-10 0.000000000000000000e+00 1.314110818913539601e-07 0.000000000000000000e+00 1.314110818913539601e-07
1.001592461509324039e+01 -6.080733543938235436e-10 1.372269410210707515e-07 0.000000000000000000e+00 -6.080733543938235436e-10 0.000000000000000000e+00 1.372269410210707515e-07 0.000000000000000000e+00 1.372269410210707515e-07
1.114847598437533449e+01 -6.962244096204327701e-10 1.426153822033963734e-07 0.000000000000000000e+00 -6.962244096204327701e-10 0.000000000000000000e+00 1.426153822033963734e-07 0.000000000000000000e+00 1.426153822033963734e-07
1.240909067814867583e+01 -7.824001725763853734e-10 1.474595800374176639e-07 0.000000000000000000e+00 -7.824001725763853734e-10 0.000000000000000000e+00 1.474595800374176639e-07 0.000000000000000000e+00 1.474595800374176639e-07
1.381224946569640366e+01 -8.633854978909204966e-10 1.516591565178877810e-07 0.000000000000000000e+00 -8.633854978909204966e-10 0.000000000000000000e+00 1.516591565178877810e-07 0.000000000000000000e+00 1.516591565178877810e-07
1.537407053029052229e+01 -9.362637858058964675e-10 1.551311500847991445e-07 0.000000000000000000e+00 -9.362637858058964675e-10 0.000000000000000000e+00 1.551311500847991445e-07 0.000000000000000000e+00 1.551311500847991445e-07
1.711249461989307719e+01 -9.990449287441737068e-10 1.578404925535690394e-07 0.000000000000000000e+00 -9.990449287441737068e-10 0.000000000000000000e+00 1.578404925535690394e-07 0.000000000000000000e+00 1.578404925535690394e-07
1.904749113378321468e+01 -1.050389393592198591e-09 1.597875567634305888e-07 0.000000000000000000e+00 -1.050389393592198591e-09 0.000000000000000000e+00 1.597875567634305888e-07 0.000000000000000000e+00 1.597875567634305888e-07
2.120128751244688203e+01 -1.090424386639905661e-09 1.609984011642734595e-07 0.000000000000000000e+00 -1.090424386639905661e-09 0.000000000000000000e+00 1.609984011642734595e-07 0.000000000000000000e+00 1.609984011642734595e-07
2.359862456574094125e+01 -1.121155904835800452e-09 1.615345545347263082e-07 0.000000000000000000e+00 -1.121155904835800452e-09 0.000000000000000000e+00 1.615345545347263082e-07 0.000000000000000000e+00 1.615345545347263082e-07
2.626704067231091244e+01 -1.144599780094835647e-09 1.614140330465772095e-07 0.000000000000000000e+00 -1.144599780094835647e-09 0.000000000000000000e+00 1.614140330465772095e-07 0.000000000000000000e+00 1.614140330465772095e-07
2.923718811487309566e+01 -1.162412749563285620e-09 1.606117105560890042e-07 0.000000000000000000e+00 -1.162412749563285620e-09 0.000000000000000000e+00 1.606117105560890042e-07 0.000000000000000000e+00 1.606117105560890042e-07
3.254318518513449021e+01 -1.172269201651772025e-09 1.590070753885602144e-07 0.000000000000000000e+00 -1.172269201651772025e-09 0.000000000000000000e+00 1.590070753885602144e-07 0.000000000000000000e+00 1.590070753885602144e-07
3.622300810299908846e+01 -1.165194192706101147e-09 1.563708396566791696e-07 0.000000000000000000e+00 -1.165194192706101147e-09 0.000000000000000000e+00 1.563708396566791696e-07 0.000000000000000000e+00 1.563708396566791696e-07
4.031892725206589034e+01 -1.126118394497113913e-09 1.524062854765535440e-07 0.000000000000000000e+00 -1.126118394497113913e-09 0.000000000000000000e+00 1.524062854765535440e-07 0.000000000000000000e+00 1.524062854765535440e-07
4.487799274248540371e+01 -1.042359738361543583e-09 1.469743002570565855e-07 0.000000000000000000e+00 -1.042359738361543583e-09 0.000000000000000000e+00 1.469743002570565855e-07 0.000000000000000000e+00 1.469743002570565855e-07
4.995257487887015913e+01 -9.181374095325603776e-10 1.403067705149433833e-07 0.000000000000000000e+00 -9.181374095325603776e-10 0.000000000000000000e+00 1.403067705149433833e-07 0.000000000000000000e+00 1.403067705149433833e-07
5.560096574165519456e+01 -7.730162064071473744e-10 1.330355282330365608e-07 0.000000000000000000e+00 -7.730162064071473744e-10 0.000000000000000000e+00 1.330355282330365608e-07 0.000000000000000000e+00 1.330355282330365608e-07
6.188804879230252709e+01 -6.419921066052927077e-10 1.257980696712499580e-07 0.000000000000000000e+00 -6.419921066052927077e-10 0.000000000000000000e+00 1.257980696712499580e-07 0.000000000000000000e+00 1.257980696712499580e-07
6.888604419417499969e+01 -5.289194283054512531e-10 1.186057256494107425e-07 0.000000000000000000e+00 -5.289194283054512531e-10 0.000000000000000000e+00 1.186057256494107425e-07 0.000000000000000000e+00 1.186057256494107425e-07
7.667533841060405564e+01 -3.943082571242932722e-10 1.108183483173680237e-07 0.000000000000000000e+00 -3.943082571242932722e-10 0.000000000000000000e+00 1.108183483173680237e-07 0.000000000000000000e+00 1.108183483173680237e-07
8.534540760983165342e+01 -2.039169118160770949e-10 1.020212796138300766e-07 0.000000000000000000e+00 -2.039169118160770949e-10 0.000000000000000000e+00 1.020212796138300766e-07 0.000000000000000000e+00 1.020212796138300766e-07
9.499584548401358575e+01 1.263588130170106302e-11 9.295584626633725400e-08 0.000000000000000000e+00 1.263588130170106302e-11 0.000000000000000000e+00 9.295584626633725400e-08 0.000000000000000000e+00 9.295584626633725400e-08
1.057375072889466310e+02 2.057660863114835255e-10 8.450909140271275395e-08 0.000000000000000000e+00 2.057660863114835255e-10 0.000000000000000000e+00 8.450909140271275395e-08 0.000000000000000000e+00 8.450909140271275395e-08
1.176937832461472624e+02 3.888013608454880849e-10 7.654754542588391301e-08 0.000000000000000000e+00 3.888013608454880849e-10 0.000000000000000000e+00 7.654754542588391301e-08 0.000000000000000000e+00 7.654754542588391301e-08
1.310020159349736844e+02 5.720553417912448418e-10 6.896424363830051333e-08 0.000000000000000000e+00 5.720553417912448418e-10 0.000000000000000000e+00 6.896424363830051333e-08 0.000000000000000000e+00 6.896424363830051333e-08
1.458150779564580262e+02 7.487129494622244500e-10 6.184570761131818938e-08 0.000000000000000000e+00 7.487129494622244500e-10 0.000000000000000000e+00 6.184570761131818938e-08 0.000000000000000000e+00 6.184570761131818938e-08
1.623031279915676635e+02 9.582989740326722168e-10 5.481166010467997010e-08 0.000000000000000000e+00 9.582989740326722168e-10 0.000000000000000000e+00 5.481166010467997010e-08 0.000000000000000000e+00 5.481166010467997010e-08
1.806555654259147161e+02 1.146753736923745192e-09 4.851751678596327729e-08 0.000000000000000000e+00 1.146753736923745192e-09 0.000000000000000000e+00 4.851751678596327729e-08 0.000000000000000000e+00 4.851751678596327729e-08
2.010832059937378347e+02 1.291617508999666088e-09 4.308070127545630666e-08 0.000000000000000000e+00 1.291617508999666088e-09 0.000000000000000000e+00 4.308070127545630666e-08 0.000000000000000000e+00 4.308070127545630666e-08
2.238207034330328042e+02 1.448343523572064446e-09 3.780673044067043494e-08 0.000000000000000000e+00 1.448343523572064446e-09 0.000000000000000000e+00 3.780673044067043494e-08 0.000000000000000000e+00 3.780673044067043494e-08
2.491292449694543905e+02 1.613025283276040365e-09 3.274868270526315906e-08 0.000000000000000000e+00 1.613025283276040365e-09 0.000000000000000000e+00 3.274868270526315906e-08 0.000000000000000000e+00 3.274868270526315906e-08
2.772995515922919481e+02 1.721951530251290259e-09 2.841902170917133514e-08 0.000000000000000000e+00 1.721951530251290259e-09 0.000000000000000000e+00 2.841902170917133514e-08 0.000000000000000000e+00 2.841902170917133514e-08
3.086552175868076802e+02 1.824882761211691074e-09 2.432878453263284241e-08 0.000000000000000000e+00 1.824882761211691074e-09 0.000000000000000000e+00 2.432878453263284241e-08 0.000000000000000000e+00 2.432878453263284241e-08
3.435564276845046834e+02 1.916461111709456417e-09 2.056500388426753969e-08 0.000000000000000000e+00 1.916461111709456417e-09 0.000000000000000000e+00 2.056500388426753969e-08 0.000000000000000000e+00 2.056500388426753969e-08
3.824040945302937757e+02 1.969366485480308368e-09 1.738710788196140282e-08 0.000000000000000000e+00 1.969366485480308368e-09 0.000000000000000000e+00 1.738710788196140282e-08 0.000000000000000000e+00 1.738710788196140282e-08
4.256444639942141634e+02 2.011057343251852978e-09 1.458373422356545391e-08 0.000000000000000000e+00 2.011057343251852978e-09 0.000000000000000000e+00 1.458373422356545391e-08 0.000000000000000000e+00 1.458373422356545391e-08
4.737742412289155709e+02 2.033014468760054660e-09 1.222269368685388120e-08 0.000000000000000000e+00 2.033014468760054660e-09 0.000000000000000000e+00 1.222269368685388120e-08 0.000000000000000000e+00 1.222269368685388120e-08
5.273462963565856398e+02 2.033315370957670854e-09 1.022792085937604038e-08 0.000000000000000000e+00 2.033315370957670854e-09 0.000000000000000000e+00 1.022792085937604038e-08 0.000000000000000000e+00 1.022792085937604038e-08
5.869760153267689020e+02 2.019765677988331216e-09 8.485622341083479617e-09 0.000000000000000000e+00 2.019765677988331216e-09 0.000000000000000000e+00 8.485622341083479617e-09 0.000000000000000000e+00 8.485622341083479617e-09
6.533483688978308237e+02 1.986836740376687806e-09 6.989188737255219209e-09 0.000000000000000000e+00 1.986836740376687806e-09 0.000000000000000000e+00 6.989188737255219209e-09 0.000000000000000000e+00 6.989188737255219209e-09
7.272257809440862957e+02 1.938886239587237611e-09 5.722349095445383401e-09 0.000000000000000000e+00 1.938886239587237611e-09 0.000000000000000000e+00 5.722349095445383401e-09 0.000000000000000000e+00 5.722349095445383401e-09
8.094568864722074295e+02 1.878291256079142765e-09 4.674690556283946651e-09 0.000000000000000000e+00 1.878291256079142765e-09 0.000000000000000000e+00 4.674690556283946651e-09 0.000000000000000000e+00 4.674690556283946651e-09
9.009862799510120794e+02 1.806082314697630854e-09 3.811963002176247115e-09 0.000000000000000000e+00 1.806082314697630854e-09 0.000000000000000000e+00 3.811963002176247115e-09 0.000000000000000000e+00 3.811963002176247115e-09
1.002865365934268880e+03 1.725286381871084561e-09 3.084216375103603966e-09 0.000000000000000000e+00 1.725286381871084561e-09 0.000000000000000000e+00 3.084216375103603966e-09 0.000000000000000000e+00 3.084216375103603966e-09
1.116264436618460877e+03 1.636220403437526967e-09 2.485970260993109495e-09 0.000000000000000000e+00 1.636220403437526967e-09 0.000000000000000000e+00 2.485970260993109495e-09 0.000000000000000000e+00 2.485970260993109495e-09
1.242486115071199492e+03 1.541806401557400524e-09 1.999820134132816218e-09 0.000000000000000000e+00 1.541806401557400524e-09 0.000000000000000000e+00 1.999820134132816218e-09 0.000000000000000000e+00 1.999820134132816218e-09
1.382980318553656389e+03 1.443713287840610420e-09 1.600696725533491226e-09 0.000000000000000000e+00 1.443713287840610420e-09 0.000000000000000000e+00 1.600696725533491226e-09 0.000000000000000000e+00 1.600696725533491226e-09
1.539360913821697523e+03 1.343420496484834831e-09 1.277242131249485063e-09 0.000000000000000000e+00 1.343420496484834831e-09 0.000000000000000000e+00 1.277242131249485063e-09 0.000000000000000000e+00 1.277242131249485063e-09
1.713424255726343517e+03 1.242741927070064135e-09 1.015675840219018638e-09 0.000000000000000000e+00 1.242741927070064135e-09 0.000000000000000000e+00 1.015675840219018638e-09 0.000000000000000000e+00 1.015675840219018638e-09
1.907169822067742189e+03 1.142797014217099258e-09 8.051061303794506506e-10 0.000000000000000000e+00 1.142797014217099258e-09 0.000000000000000000e+00 8.051061303794506506e-10 0.000000000000000000e+00 8.051061303794506506e-10
2.122823181736748211e+03 1.044872199606132585e-09 6.362398952837894500e-10 0.000000000000000000e+00 1.044872199606132585e-09 0.000000000000000000e+00 6.362398952837894500e-10 0.000000000000000000e+00 6.362398952837894500e-10
2.362861559980607581e+03 9.499173159219278400e-10 5.013650386444213002e-10 0.000000000000000000e+00 9.499173159219278400e-10 0.000000000000000000e+00 5.013650386444213002e-10 0.000000000000000000e+00 5.013650386444213002e-10
2.630042294462951304e+03 8.587442332072074314e-10 3.939759840519604111e-10 0.000000000000000000e+00 8.587442332072074314e-10 0.000000000000000000e+00 3.939759840519604111e-10 0.000000000000000000e+00 3.939759840519604111e-10
2.927434508994474982e+03 7.720229351133843685e-10 3.087753659390321547e-10 0.000000000000000000e+00 7.720229351133843685e-10 0.000000000000000000e+00 3.087753659390321547e-10 0.000000000000000000e+00 3.087753659390321547e-10
3.258454368773508122e+03 6.902584394962731994e-10 2.413931261366253582e-10 0.000000000000000000e+00 6.902584394962731994e-10 0.000000000000000000e+00 2.413931261366253582e-10 0.000000000000000000e+00 2.413931261366253582e-10
3.626904322114499791e+03 6.138157903827419682e-10 1.882635882276830222e-10 0.000000000000000000e+00 6.138157903827419682e-10 0.000000000000000000e+00 1.882635882276830222e-10 0.000000000000000000e+00 1.882635882276830222e-10
4.037016779438275080e+03 5.429255884279092344e-10 1.464923939862921716e-10 0.000000000000000000e+00 5.429255884279092344e-10 0.000000000000000000e+00 1.464923939862921716e-10 0.000000000000000000e+00 1.464923939862921716e-10
4.493502731267226409e+03 4.776887916667743302e-10 1.137407121138533692e-10 0.000000000000000000e+00 4.776887916667743302e-10 0.000000000000000000e+00 1.137407121138533692e-10 0.000000000000000000e+00 1.137407121138533692e-10
5.001605863702974602e+03 4.181056508306185567e-10 8.812783541843025089e-11 0.000000000000000000e+00 4.181056508306185567e-10 0.000000000000000000e+00 8.812783541843025089e-11 0.000000000000000000e+00 8.812783541843025089e-11
5.567162793016338583e+03 3.640743939341638221e-10 6.814700707822219521e-11 0.000000000000000000e+00 3.640743939341638221e-10 0.000000000000000000e+00 6.814700707822219521e-11 0.000000000000000000e+00 6.814700707822219521e-11
6.196670111266974345e+03 3.154229405434292270e-10 5.259639331642258549e-11 0.000000000000000000e+00 3.154229405434292270e-10 0.000000000000000000e+00 5.259639331642258549e-11 0.000000000000000000e+00 5.259639331642258549e-11
6.897359013111165041e+03 2.719104576569971907e-10 4.052078800965814337e-11 0.000000000000000000e+00 2.719104576569971907e-10 0.000000000000000000e+00 4.052078800965814337e-11 0.000000000000000000e+00 4.052078800965814337e-11
7.677278361042189317e+03 2.332497823884420891e-10 3.116358445208647113e-11 0.000000000000000000e+00 2.332497823884420891e-10 0.000000000000000000e+00 3.116358445208647113e-11 0.000000000000000000e+00 3.116358445208647113e-11
8.545387143236317570e+03 1.991195461528168257e-10 2.392752234575914633e-11 0.000000000000000000e+00 1.991195461528168257e-10 0.000000000000000000e+00 2.392752234575914633e-11 0.000000000000000000e+00 2.392752234575914633e-11
9.511657386079081334e+03 1.691789769094196921e-10 1.834259594927171180e-11 0.000000000000000000e+00 1.691789769094196921e-10 0.000000000000000000e+00 1.834259594927171180e-11 0.000000000000000000e+00 1.834259594927171180e-11
1.058718870352829254e+04 1.395155880764656737e-10 1.396525667918789014e-11 0.000000000000000000e+00 1.395155880764656737e-10 0.000000000000000000e+00 1.396525667918789014e-11 0.000000000000000000e+00 1.396525667918789014e-11
1.178433579916051713e+04 1.176373446232705478e-10 1.067482282892283293e-11 0.000000000000000000e+00 1.176373446232705478e-10 0.000000000000000000e+00 1.067482282892283293e-11 0.000000000000000000e+00 1.067482282892283293e-11
1.311685038551288017e+04 9.872662997142488837e-11 8.148272155492089914e-12 0.000000000000000000e+00 9.872662997142488837e-11 0.000000000000000000e+00 8.148272155492089914e-12 0.000000000000000000e+00 8.148272155492089914e-12
1.460003915097147365e+04 8.247718907937552306e-11 6.211374574039061529e-12 0.000000000000000000e+00 8.247718907937552306e-11 0.000000000000000000e+00 6.211374574039061529e-12 0.000000000000000000e+00 6.211374574039061529e-12
1.625093958876844590e+04 6.859560303491130231e-11 4.728805920567936382e-12 0.000000000000000000e+00 6.859560303491130231e-11 0.000000000000000000e+00 4.728805920567936382e-12 0.000000000000000000e+00 4.728805920567936382e-12
1.808851570786662342e+04 5.347161937191955269e-11 3.515600812937156218e-12 0.000000000000000000e+00 5.347161937191955269e-11 0.000000000000000000e+00 3.515600812937156218e-12 0.000000000000000000e+00 3.515600812937156218e-12
2.013387587385212828e+04 4.421837775868219026e-11 2.670609675754316301e-12 0.000000000000000000e+00 4.421837775868219026e-11 0.000000000000000000e+00 2.670609675754316301e-12 0.000000000000000000e+00 2.670609675754316301e-12
2.241051528221264743e+04 3.640456324372587462e-11 2.026376051241884701e-12 0.000000000000000000e+00 3.640456324372587462e-11 0.000000000000000000e+00 2.026376051241884701e-12 0.000000000000000000e+00 2.026376051241884701e-12
2.494458584929090648e+04 2.984452377415032587e-11 1.535863694235247041e-12 0.000000000000000000e+00 2.984452377415032587e-11 0.000000000000000000e+00 1.535863694235247041e-12 0.000000000000000000e+00 1.535863694235247041e-12
2.776519662118276028e+04 2.227156482623080802e-11 1.111369411936433330e-12 0.000000000000000000e+00 2.227156482623080802e-11 0.000000000000000000e+00 1.111369411936433330e-12 0.000000000000000000e+00 1.111369411936433330e-12
3.090474815138586200e+04 1.816848221177768494e-11 8.408308393468240419e-13 0.000000000000000000e+00 1.816848221177768494e-11 0.000000000000000000e+00 8.408308393468240419e-13 0.000000000000000000e+00 8.408308393468240419e-13
3.439930468822552211e+04 1.312416073061898227e-11 5.933769848783005458e-13 0.000000000000000000e+00 1.312416073061898227e-11 0.000000000000000000e+00 5.933769848783005458e-13 0.000000000000000000e+00 5.933769848783005458e-13
3.828900844740607135e+04 9.244505442403606186e-12 4.096685395953420685e-13 0.000000000000000000e+00 9.244505442403606186e-12 0.000000000000000000e+00 4.096685395953420685e-13 0.000000000000000000e+00 4.096685395953420685e-13
4.261854072845193878e+04 7.506631313795253610e-12 3.092452113585617729e-13 0.000000000000000000e+00 7.506631313795253610e-12 0.000000000000000000e+00 3.092452113585617729e-13 0.000000000000000000e+00 3.092452113585617729e-13
4.743763517192281142e+04 5.181760006878331451e-12 2.093478704988195997e-13 0.000000000000000000e+00 5.181760006878331451e-12 0.000000000000000000e+00 2.093478704988195997e-13 0.000000000000000000e+00 2.093478704988195997e-13
