1.577100067138671875e+02
2.051799926757812500e+02
6.091400146484375000e+02
2.600899902343750000e+03
1.300400024414062500e+03
8.670000000000000000e+02
6.502700195312500000e+02
5.202399902343750000e+02
4.335700073242187500e+02
3.716600036621093750e+02
6.562799811363220215e-01
4.861299991607666016e-01
4.340499937534332275e-01
4.101699888706207275e-01
6.583499908447265625e-01
6.547999978065490723e-01
5.006800293922424316e-01
4.958899915218353271e-01
3.727400004863739014e-01
1.215699985623359680e-01
