7.049834199506066490e-01 1.088245297657374072e-01 2.847736545741114860e-04
1.542269080108818358e+00 8.189205764832994949e-02 1.539966577541553353e-04
2.544101113872522912e+00 6.286047727002939955e-02 1.275884828156085508e-04
3.472981153507530561e+00 4.869503750717950330e-02 1.155713140658293822e-04
4.528050004191749522e+00 3.859844856851425005e-02 1.082285046482209381e-04
5.476186123432161601e+00 3.458489140809352380e-02 1.083160468263792112e-04
6.381565485399200099e+00 1.413956770762143586e-02 7.321092505509415595e-05
7.376116258025510852e+00 2.944470111766484769e-03 3.524353308780076466e-05
8.382636385930201328e+00 6.037993889470960173e-04 1.679165129013253166e-05
9.359171570471996660e+00 1.089919012929706362e-04 7.485594513721147608e-06
