2.542117519718736410e+07 4.221855865877364995e+05 9.670747920510200784e+05 1.938080783494914431e+04 4.457585798659995635e+04 7.170898897708609002e+04 8.721363523083009932e+04 1.453560587139882846e+05 1.647368666513580247e+05 1.608607050664970884e+05 2.877264880752197653e+07 6.581594055088856257e+06 2.612794600791588426e+06 1.277771139093360631e+06 6.681626429359829985e+06 2.206119722562442999e+06 9.016004148891506717e+06 3.826931376527075190e+06 1.397641839692065679e+07 2.323824060100750998e+06
6.323163262173400074e+07 1.074725779782361351e+06 1.316563722678607097e+06 2.638479330798681985e+04 6.068502454584111547e+04 9.762373526840686100e+04 1.187315698524054314e+05 1.978859497925675532e+05 2.242707431296058639e+05 2.189937845565931057e+05 8.888290147380618751e+07 2.283405263782344759e+07 9.493376138048905879e+06 4.751626174844594672e+06 1.822298685670118406e+07 6.030541754742586985e+06 4.309282737507804483e+07 1.834992118830943108e+07 5.615040182146131247e+07 1.447981993337577581e+07
9.636061722477477789e+07 1.684827719241862884e+06 1.030317667537805042e+06 2.064823617942319470e+04 4.749094317416682316e+04 7.639847387503273785e+04 9.291706284019317536e+04 1.548617714271387958e+05 1.755100074782835436e+05 1.713803603113350691e+05 1.614130260721619427e+08 4.523310502780457586e+07 1.947980151182071120e+07 9.923892193324277177e+06 3.133864215096889809e+07 1.039174742636918277e+07 1.053385660416995138e+08 4.494918241095019132e+07 1.204989992933214754e+08 1.662888032529922426e+08
8.928787852499142289e+07 1.513458103357870365e+06 4.447891819348938880e+05 8.913864496406109538e+03 2.050188833120003619e+04 3.298129866566613782e+04 4.011239024836026510e+04 6.685398370787178283e+04 7.576784820877638413e+04 7.398507536535453983e+04 1.762800905572593808e+08 5.332152306325841695e+07 2.360786260405899957e+07 1.218796484043847024e+07 3.114116892578502372e+07 1.034429015483659692e+07 1.400338136803191602e+08 5.984251606538783014e+07 1.494820502122368813e+08 3.787442719185943007e+08
5.956287315972072631e+07 9.913028363995539257e+05 1.401310091838296212e+05 2.808316563941103141e+03 6.459128092717121945e+03 1.039077129831409911e+04 1.263742453314884733e+04 2.106237421360094231e+04 2.387069080846623547e+04 2.330902745813171350e+04 1.533220389791941941e+08 4.954188313377887756e+07 2.241819003635025769e+07 1.169184401383211277e+07 2.483916806958441809e+07 8.265022996611041948e+06 1.465501587489468455e+08 6.269268606011919677e+07 1.418979354990059137e+08 2.391823210933994353e+08
5.541121896880318224e+07 9.265773074778931914e+05 6.807984168547474837e+04 1.364364306330305453e+03 3.138037905493525614e+03 5.048147924662067453e+03 6.139639379817888766e+03 1.023273230179295388e+04 1.159709662753505472e+04 1.132422375079449012e+04 1.511893771544911861e+08 4.998752703376165032e+07 2.280190433410618082e+07 1.193750427947071195e+07 2.347477947828638554e+07 7.815542738606068306e+06 1.562955325226503611e+08 6.688943261255782098e+07 1.431655191099316478e+08 1.066216442677868605e+08
6.735993480809327960e+07 1.086886238356676418e+06 4.875989199909797753e+04 9.771799486579843688e+02 2.247513879120180718e+03 3.615565815034105981e+03 4.397309762249244159e+03 7.328849634762235837e+03 8.306029539520755861e+03 8.110593609146472772e+03 1.812267481958158016e+08 5.962479729182528704e+07 2.716351352410772443e+07 1.421347992067498527e+07 2.795414077528773621e+07 9.304874458485215902e+06 1.871436106181025505e+08 8.009292602229267359e+07 1.700443167493515611e+08 3.045132511910793930e+07
8.330906189535056055e+07 1.379003072143204976e+06 5.216459109858685406e+04 1.045412336875544270e+03 2.404448354305071462e+03 3.868025661591913831e+03 4.704355506277367567e+03 7.840592541883586819e+03 8.886004849926641327e+03 8.676922357895355162e+03 2.363212191295486987e+08 7.827229220456661284e+07 3.571057173127014935e+07 1.869545433361501619e+07 3.672414827133551240e+07 1.222656700101601705e+07 2.423158918948245049e+08 1.037104520403060019e+08 2.268892921151862442e+08 4.182057002568434458e+06
1.031161353730665147e+08 1.641704112016930012e+06 3.686137187285770779e+04 7.387258591292294341e+02 1.699069491273125095e+03 2.733285709654907805e+03 3.324266363263291623e+03 5.540443999469337541e+03 6.279169770356685149e+03 6.131424677917674671e+03 2.777791000974478126e+08 9.356687276633797586e+07 4.294715960982211679e+07 2.254980748250193521e+07 4.202231084887374192e+07 1.399767597223027796e+07 2.936438362529002428e+08 1.257085153051044047e+08 2.749154566705336571e+08 3.898056280104496400e+05
2.252028022252358496e+08 3.628649759737986606e+06 3.389507299035956385e+04 6.792793380488325283e+02 1.562342430102832168e+03 2.513333606577285082e+03 3.056756983772341755e+03 5.094595065201579928e+03 5.773874634904189406e+03 5.638018601313374347e+03 3.751369757971698046e+08 1.081175639233490527e+08 4.726799603950471431e+07 2.428518182134433836e+07 7.296459066163030267e+07 2.419520389957989380e+07 2.664818199481132030e+08 1.140283736226415038e+08 2.800860349540094137e+08 4.550400012084210903e+04
