1.056032981064548126e+00 3.855150643217276317e-10 3.234609852045670319e-08 0.000000000000000000e+00 3.855150643217276317e-10 0.000000000000000000e+00 3.234609852045670319e-08 0.000000000000000000e+00 3.234609852045670319e-08
1.175443983510534363e+00 3.760255087128599715e-10 3.446978534713153668e-08 0.000000000000000000e+00 3.760255087128599715e-10 0.000000000000000000e+00 3.446978534713153668e-08 0.000000000000000000e+00 3.446978534713153668e-08
1.308357393325258133e+00 3.658212025011913107e-10 3.679661684291482384e-08 0.000000000000000000e+00 3.658212025011913107e-10 0.000000000000000000e+00 3.679661684291482384e-08 0.000000000000000000e+00 3.679661684291482384e-08
1.456299996156748877e+00 3.567536856170153287e-10 3.933912758238900056e-08 0.000000000000000000e+00 3.567536856170153287e-10 0.000000000000000000e+00 3.933912758238900056e-08 0.000000000000000000e+00 3.933912758238900056e-08
1.620971219045888478e+00 3.480608657114815288e-10 4.210962797718036834e-08 0.000000000000000000e+00 3.480608657114815288e-10 0.000000000000000000e+00 4.210962797718036834e-08 0.000000000000000000e+00 4.210962797718036834e-08
1.804262651863866251e+00 3.329712827381985629e-10 4.511937875072528456e-08 0.000000000000000000e+00 3.329712827381985629e-10 0.000000000000000000e+00 4.511937875072528456e-08 0.000000000000000000e+00 4.511937875072528456e-08
2.008279776137516404e+00 3.017781584823345989e-10 4.837838444174106393e-08 0.000000000000000000e+00 3.017781584823345989e-10 0.000000000000000000e+00 4.837838444174106393e-08 0.000000000000000000e+00 4.837838444174106393e-08
2.235366150863083323e+00 2.536398156434138759e-10 5.189461383647826974e-08 0.000000000000000000e+00 2.536398156434138759e-10 0.000000000000000000e+00 5.189461383647826974e-08 0.000000000000000000e+00 5.189461383647826974e-08
2.488130333132567262e+00 2.010837176503423341e-10 5.567331082668880192e-08 0.000000000000000000e+00 2.010837176503423341e-10 0.000000000000000000e+00 5.567331082668880192e-08 0.000000000000000000e+00 5.567331082668880192e-08
2.769475842811750965e+00 1.598851517452067833e-10 5.971659286364896125e-08 0.000000000000000000e+00 1.598851517452067833e-10 0.000000000000000000e+00 5.971659286364896125e-08 0.000000000000000000e+00 5.971659286364896125e-08
3.082634515476230241e+00 1.303129877082677764e-10 6.402241460297723375e-08 0.000000000000000000e+00 1.303129877082677764e-10 0.000000000000000000e+00 6.402241460297723375e-08 0.000000000000000000e+00 6.402241460297723375e-08
3.431203626733101864e+00 1.025097896685414503e-10 6.858403018222213528e-08 0.000000000000000000e+00 1.025097896685414503e-10 0.000000000000000000e+00 6.858403018222213528e-08 0.000000000000000000e+00 6.858403018222213528e-08
3.819187214377767425e+00 6.418301737807724051e-11 7.338812609873725645e-08 0.000000000000000000e+00 6.418301737807724051e-11 0.000000000000000000e+00 7.338812609873725645e-08 0.000000000000000000e+00 7.338812609873725645e-08
4.251042073056519932e+00 9.636392363822044291e-12 7.841316878983134596e-08 0.000000000000000000e+00 9.636392363822044291e-12 0.000000000000000000e+00 7.841316878983134596e-08 0.000000000000000000e+00 7.841316878983134596e-08
4.731728949778890581e+00 -5.709071281864366670e-11 8.362942659224883554e-08 0.000000000000000000e+00 -5.709071281864366670e-11 0.000000000000000000e+00 8.362942659224883554e-08 0.000000000000000000e+00 8.362942659224883554e-08
5.266769528365972342e+00 -1.241958808777210585e-10 8.899654699102334067e-08 0.000000000000000000e+00 -1.241958808777210585e-10 0.000000000000000000e+00 8.899654699102334067e-08 0.000000000000000000e+00 8.899654699102334067e-08
5.862309857419115922e+00 -1.860313668787121065e-10 9.446443572095984314e-08 0.000000000000000000e+00 -1.860313668787121065e-10 0.000000000000000000e+00 9.446443572095984314e-08 0.000000000000000000e+00 9.446443572095984314e-08
6.525190950410857837e+00 -2.519641593542834775e-10 9.996973003549794756e-08 0.000000000000000000e+00 -2.519641593542834775e-10 0.000000000000000000e+00 9.996973003549794756e-08 0.000000000000000000e+00 9.996973003549794756e-08
7.263027368885755841e+00 -3.278249606140928176e-10 1.054359426438425215e-07 0.000000000000000000e+00 -3.278249606140928176e-10 0.000000000000000000e+00 1.054359426438425215e-07 0.000000000000000000e+00 1.054359426438425215e-07
8.084294691462201143e+00 -4.088724422265965194e-10 1.107740634054319365e-07 0.000000000000000000e+00 -4.088724422265965194e-10 0.000000000000000000e+00 1.107740634054319365e-07 0.000000000000000000e+00 1.107740634054319365e-07
8.998426873397548320e+00 -4.901646251689363547e-10 1.158822499757068555e-07 0.000000000000000000e+00 -4.901646251689363547e-10 0.000000000000000000e+00 1.158822499757068555e-07 0.000000000000000000e+00 1.158822499757068555e-07
1.001592461509324039e+01 -5.719277689442762099e-10 1.206534577939237749e-07 0.000000000000000000e+00 -5.719277689442762099e-10 0.000000000000000000e+00 1.206534577939237749e-07 0.000000000000000000e+00 1.206534577939237749e-07
1.114847598437533449e+01 -6.538102289978209850e-10 1.249769580762616597e-07 0.000000000000000000e+00 -6.538102289978209850e-10 0.000000000000000000e+00 1.249769580762616597e-07 0.000000000000000000e+00 1.249769580762616597e-07
1.240909067814867583e+01 -7.331994823132410553e-10 1.287460617691599308e-07 0.000000000000000000e+00 -7.331994823132410553e-10 0.000000000000000000e+00 1.287460617691599308e-07 0.000000000000000000e+00 1.287460617691599308e-07
1.381224946569640366e+01 -8.070157159028803665e-10 1.318718526733245127e-07 0.000000000000000000e+00 -8.070157159028803665e-10 0.000000000000000000e+00 1.318718526733245127e-07 0.000000000000000000e+00 1.318718526733245127e-07
1.537407053029052229e+01 -8.725197616078062264e-10 1.342843188648286350e-07 0.000000000000000000e+00 -8.725197616078062264e-10 0.000000000000000000e+00 1.342843188648286350e-07 0.000000000000000000e+00 1.342843188648286350e-07
1.711249461989307719e+01 -9.278623663554308989e-10 1.359618528912884096e-07 0.000000000000000000e+00 -9.278623663554308989e-10 0.000000000000000000e+00 1.359618528912884096e-07 0.000000000000000000e+00 1.359618528912884096e-07
1.904749113378321468e+01 -9.718588181564128433e-10 1.369194557712424172e-07 0.000000000000000000e+00 -9.718588181564128433e-10 0.000000000000000000e+00 1.369194557712424172e-07 0.000000000000000000e+00 1.369194557712424172e-07
2.120128751244688203e+01 -1.004751378277488207e-09 1.371990988487792857e-07 0.000000000000000000e+00 -1.004751378277488207e-09 0.000000000000000000e+00 1.371990988487792857e-07 0.000000000000000000e+00 1.371990988487792857e-07
2.359862456574094125e+01 -1.028545097765354845e-09 1.368792993601158627e-07 0.000000000000000000e+00 -1.028545097765354845e-09 0.000000000000000000e+00 1.368792993601158627e-07 0.000000000000000000e+00 1.368792993601158627e-07
2.626704067231091244e+01 -1.045216218272457641e-09 1.359981978407260701e-07 0.000000000000000000e+00 -1.045216218272457641e-09 0.000000000000000000e+00 1.359981978407260701e-07 0.000000000000000000e+00 1.359981978407260701e-07
2.923718811487309566e+01 -1.056434200234357158e-09 1.345537216267105675e-07 0.000000000000000000e+00 -1.056434200234357158e-09 0.000000000000000000e+00 1.345537216267105675e-07 0.000000000000000000e+00 1.345537216267105675e-07
3.254318518513449021e+01 -1.060122613216509700e-09 1.324518974927194599e-07 0.000000000000000000e+00 -1.060122613216509700e-09 0.000000000000000000e+00 1.324518974927194599e-07 0.000000000000000000e+00 1.324518974927194599e-07
3.622300810299908846e+01 -1.047870772186871502e-09 1.294928433667504098e-07 0.000000000000000000e+00 -1.047870772186871502e-09 0.000000000000000000e+00 1.294928433667504098e-07 0.000000000000000000e+00 1.294928433667504098e-07
4.031892725206589034e+01 -1.005396091535448446e-09 1.254102489025479190e-07 0.000000000000000000e+00 -1.005396091535448446e-09 0.000000000000000000e+00 1.254102489025479190e-07 0.000000000000000000e+00 1.254102489025479190e-07
4.487799274248540371e+01 -9.206687240082619304e-10 1.200861401789122437e-07 0.000000000000000000e+00 -9.206687240082619304e-10 0.000000000000000000e+00 1.200861401789122437e-07 0.000000000000000000e+00 1.200861401789122437e-07
4.995257487887015913e+01 -7.980515229037384395e-10 1.137563164855518410e-07 0.000000000000000000e+00 -7.980515229037384395e-10 0.000000000000000000e+00 1.137563164855518410e-07 0.000000000000000000e+00 1.137563164855518410e-07
5.560096574165519456e+01 -6.563980304049959415e-10 1.070387351004311891e-07 0.000000000000000000e+00 -6.563980304049959415e-10 0.000000000000000000e+00 1.070387351004311891e-07 0.000000000000000000e+00 1.070387351004311891e-07
6.188804879230252709e+01 -5.297196697521807056e-10 1.005492660364575104e-07 0.000000000000000000e+00 -5.297196697521807056e-10 0.000000000000000000e+00 1.005492660364575104e-07 0.000000000000000000e+00 1.005492660364575104e-07
6.888604419417499969e+01 -4.220294546300040678e-10 9.429718101013642547e-08 0.000000000000000000e+00 -4.220294546300040678e-10 0.000000000000000000e+00 9.429718101013642547e-08 0.000000000000000000e+00 9.429718101013642547e-08
7.667533841060405564e+01 -2.955938008717996461e-10 8.765506106675380233e-08 0.000000000000000000e+00 -2.955938008717996461e-10 0.000000000000000000e+00 8.765506106675380233e-08 0.000000000000000000e+00 8.765506106675380233e-08
8.534540760983165342e+01 -1.177337233578775988e-10 8.020288884921823695e-08 0.000000000000000000e+00 -1.177337233578775988e-10 0.000000000000000000e+00 8.020288884921823695e-08 0.000000000000000000e+00 8.020288884921823695e-08
9.499584548401358575e+01 8.309693221210887310e-11 7.261991148174354918e-08 0.000000000000000000e+00 8.309693221210887310e-11 0.000000000000000000e+00 7.261991148174354918e-08 0.000000000000000000e+00 7.261991148174354918e-08
1.057375072889466310e+02 2.597106005050520395e-10 6.571264714361680939e-08 0.000000000000000000e+00 2.597106005050520395e-10 0.000000000000000000e+00 6.571264714361680939e-08 0.000000000000000000e+00 6.571264714361680939e-08
1.176937832461472624e+02 4.256337627685388272e-10 5.930298598621839068e-08 0.000000000000000000e+00 4.256337627685388272e-10 0.000000000000000000e+00 5.930298598621839068e-08 0.000000000000000000e+00 5.930298598621839068e-08
1.310020159349736844e+02 5.907573150755144216e-10 5.324995516200856324e-08 0.000000000000000000e+00 5.907573150755144216e-10 0.000000000000000000e+00 5.324995516200856324e-08 0.000000000000000000e+00 5.324995516200856324e-08
1.458150779564580262e+02 7.476531135269959718e-10 4.761102077937735036e-08 0.000000000000000000e+00 7.476531135269959718e-10 0.000000000000000000e+00 4.761102077937735036e-08 0.000000000000000000e+00 4.761102077937735036e-08
1.623031279915676635e+02 9.342557090632824300e-10 4.199133845891332254e-08 0.000000000000000000e+00 9.342557090632824300e-10 0.000000000000000000e+00 4.199133845891332254e-08 0.000000000000000000e+00 4.199133845891332254e-08
1.806555654259147161e+02 1.100150107758938845e-09 3.698787846502853355e-08 0.000000000000000000e+00 1.100150107758938845e-09 0.000000000000000000e+00 3.698787846502853355e-08 0.000000000000000000e+00 3.698787846502853355e-08
2.010832059937378347e+02 1.224226964460661950e-09 3.271361267034516966e-08 0.000000000000000000e+00 1.224226964460661950e-09 0.000000000000000000e+00 3.271361267034516966e-08 0.000000000000000000e+00 3.271361267034516966e-08
2.238207034330328042e+02 1.357446746766342225e-09 2.854224300277044603e-08 0.000000000000000000e+00 1.357446746766342225e-09 0.000000000000000000e+00 2.854224300277044603e-08 0.000000000000000000e+00 2.854224300277044603e-08
2.491292449694543905e+02 1.496990052813021060e-09 2.453610048372495286e-08 0.000000000000000000e+00 1.496990052813021060e-09 0.000000000000000000e+00 2.453610048372495286e-08 0.000000000000000000e+00 2.453610048372495286e-08
2.772995515922919481e+02 1.584575143694995307e-09 2.118557081508325871e-08 0.000000000000000000e+00 1.584575143694995307e-09 0.000000000000000000e+00 2.118557081508325871e-08 0.000000000000000000e+00 2.118557081508325871e-08
3.086552175868076802e+02 1.666349909804635606e-09 1.804999085939371191e-08 0.000000000000000000e+00 1.666349909804635606e-09 0.000000000000000000e+00 1.804999085939371191e-08 0.000000000000000000e+00 1.804999085939371191e-08
3.435564276845046834e+02 1.738093794944082996e-09 1.519590467549958551e-08 0.000000000000000000e+00 1.738093794944082996e-09 0.000000000000000000e+00 1.519590467549958551e-08 0.000000000000000000e+00 1.519590467549958551e-08
3.824040945302937757e+02 1.775928806634677469e-09 1.282913560879201552e-08 0.000000000000000000e+00 1.775928806634677469e-09 0.000000000000000000e+00 1.282913560879201552e-08 0.000000000000000000e+00 1.282913560879201552e-08
4.256444639942141634e+02 1.803988162996575470e-09 1.073704937508702526e-08 0.000000000000000000e+00 1.803988162996575470e-09 0.000000000000000000e+00 1.073704937508702526e-08 0.000000000000000000e+00 1.073704937508702526e-08
4.737742412289155709e+02 1.814889533784272204e-09 8.967235420064853040e-09 0.000000000000000000e+00 1.814889533784272204e-09 0.000000000000000000e+00 8.967235420064853040e-09 0.000000000000000000e+00 8.967235420064853040e-09
5.273462963565856398e+02 1.806322232563051006e-09 7.470476578026813692e-09 0.000000000000000000e+00 1.806322232563051006e-09 0.000000000000000000e+00 7.470476578026813692e-09 0.000000000000000000e+00 7.470476578026813692e-09
5.869760153267689020e+02 1.785741135673245059e-09 6.169062444534195395e-09 0.000000000000000000e+00 1.785741135673245059e-09 0.000000000000000000e+00 6.169062444534195395e-09 0.000000000000000000e+00 6.169062444534195395e-09
6.533483688978308237e+02 1.748768286039651529e-09 5.068526413493500542e-09 0.000000000000000000e+00 1.748768286039651529e-09 0.000000000000000000e+00 5.068526413493500542e-09 0.000000000000000000e+00 5.068526413493500542e-09
7.272257809440862957e+02 1.699583866190098444e-09 4.143252718375637572e-09 0.000000000000000000e+00 1.699583866190098444e-09 0.000000000000000000e+00 4.143252718375637572e-09 0.000000000000000000e+00 4.143252718375637572e-09
8.094568864722074295e+02 1.639860453896504276e-09 3.374884879171500507e-09 0.000000000000000000e+00 1.639860453896504276e-09 0.000000000000000000e+00 3.374884879171500507e-09 0.000000000000000000e+00 3.374884879171500507e-09
9.009862799510120794e+02 1.570356463038120954e-09 2.742574875100395608e-09 0.000000000000000000e+00 1.570356463038120954e-09 0.000000000000000000e+00 2.742574875100395608e-09 0.000000000000000000e+00 2.742574875100395608e-09
1.002865365934268880e+03 1.494033247735656209e-09 2.214185459572663836e-09 0.000000000000000000e+00 1.494033247735656209e-09 0.000000000000000000e+00 2.214185459572663836e-09 0.000000000000000000e+00 2.214185459572663836e-09
1.116264436618460877e+03 1.411407833874075418e-09 1.781257321294541136e-09 0.000000000000000000e+00 1.411407833874075418e-09 0.000000000000000000e+00 1.781257321294541136e-09 0.000000000000000000e+00 1.781257321294541136e-09
1.242486115071199492e+03 1.324676296847876363e-09 1.429065700116252979e-09 0.000000000000000000e+00 1.324676296847876363e-09 0.000000000000000000e+00 1.429065700116252979e-09 0.000000000000000000e+00 1.429065700116252979e-09
1.382980318553656389e+03 1.235462168216779484e-09 1.141779566005159468e-09 0.000000000000000000e+00 1.235462168216779484e-09 0.000000000000000000e+00 1.141779566005159468e-09 0.000000000000000000e+00 1.141779566005159468e-09
1.539360913821697523e+03 1.145084183692817304e-09 9.091630993835787492e-10 0.000000000000000000e+00 1.145084183692817304e-09 0.000000000000000000e+00 9.091630993835787492e-10 0.000000000000000000e+00 9.091630993835787492e-10
1.713424255726343517e+03 1.055000240198574643e-09 7.216408479100810992e-10 0.000000000000000000e+00 1.055000240198574643e-09 0.000000000000000000e+00 7.216408479100810992e-10 0.000000000000000000e+00 7.216408479100810992e-10
1.907169822067742189e+03 9.662346941739404338e-10 5.709944846050569635e-10 0.000000000000000000e+00 9.662346941739404338e-10 0.000000000000000000e+00 5.709944846050569635e-10 0.000000000000000000e+00 5.709944846050569635e-10
2.122823181736748211e+03 8.798215010177793936e-10 4.504868608200374783e-10 0.000000000000000000e+00 8.798215010177793936e-10 0.000000000000000000e+00 4.504868608200374783e-10 0.000000000000000000e+00 4.504868608200374783e-10
2.362861559980607581e+03 7.965462752613070341e-10 3.544124776944845789e-10 0.000000000000000000e+00 7.965462752613070341e-10 0.000000000000000000e+00 3.544124776944845789e-10 0.000000000000000000e+00 3.544124776944845789e-10
2.630042294462951304e+03 7.170625802609186338e-10 2.780788236337957988e-10 0.000000000000000000e+00 7.170625802609186338e-10 0.000000000000000000e+00 2.780788236337957988e-10 0.000000000000000000e+00 2.780788236337957988e-10
2.927434508994474982e+03 6.418896168929569073e-10 2.176291048850362632e-10 0.000000000000000000e+00 6.418896168929569073e-10 0.000000000000000000e+00 2.176291048850362632e-10 0.000000000000000000e+00 2.176291048850362632e-10
3.258454368773508122e+03 5.714065594850171762e-10 1.699047777419820055e-10 0.000000000000000000e+00 5.714065594850171762e-10 0.000000000000000000e+00 1.699047777419820055e-10 0.000000000000000000e+00 1.699047777419820055e-10
3.626904322114499791e+03 5.058710944969863504e-10 1.323375892965155079e-10 0.000000000000000000e+00 5.058710944969863504e-10 0.000000000000000000e+00 1.323375892965155079e-10 0.000000000000000000e+00 1.323375892965155079e-10
4.037016779438275080e+03 4.454245381524883879e-10 1.028480880226933321e-10 0.000000000000000000e+00 4.454245381524883879e-10 0.000000000000000000e+00 1.028480880226933321e-10 0.000000000000000000e+00 1.028480880226933321e-10
4.493502731267226409e+03 3.900982086769143897e-10 7.976055390932349285e-11 0.000000000000000000e+00 3.900982086769143897e-10 0.000000000000000000e+00 7.976055390932349285e-11 0.000000000000000000e+00 7.976055390932349285e-11
5.001605863702974602e+03 3.398390353842944429e-10 6.173068004907265267e-11 0.000000000000000000e+00 3.398390353842944429e-10 0.000000000000000000e+00 6.173068004907265267e-11 0.000000000000000000e+00 6.173068004907265267e-11
5.567162793016338583e+03 2.945094836826110433e-10 4.768414592515448749e-11 0.000000000000000000e+00 2.945094836826110433e-10 0.000000000000000000e+00 4.768414592515448749e-11 0.000000000000000000e+00 4.768414592515448749e-11
6.196670111266974345e+03 2.539157633375661563e-10 3.676584712776390654e-11 0.000000000000000000e+00 2.539157633375661563e-10 0.000000000000000000e+00 3.676584712776390654e-11 0.000000000000000000e+00 3.676584712776390654e-11
6.897359013111165041e+03 2.178094231426838008e-10 2.829753571108274452e-11 0.000000000000000000e+00 2.178094231426838008e-10 0.000000000000000000e+00 2.829753571108274452e-11 0.000000000000000000e+00 2.829753571108274452e-11
7.677278361042189317e+03 1.859070522488915752e-10 2.174300602776254736e-11 0.000000000000000000e+00 1.859070522488915752e-10 0.000000000000000000e+00 2.174300602776254736e-11 0.000000000000000000e+00 2.174300602776254736e-11
8.545387143236317570e+03 1.579011511748195213e-10 1.667975071947453519e-11 0.000000000000000000e+00 1.579011511748195213e-10 0.000000000000000000e+00 1.667975071947453519e-11 0.000000000000000000e+00 1.667975071947453519e-11
9.511657386079081334e+03 1.334728833676686467e-10 1.277585039002948373e-11 0.000000000000000000e+00 1.334728833676686467e-10 0.000000000000000000e+00 1.277585039002948373e-11 0.000000000000000000e+00 1.277585039002948373e-11
1.058718870352829254e+04 1.088656061000136755e-10 9.699186461751787238e-12 0.000000000000000000e+00 1.088656061000136755e-10 0.000000000000000000e+00 9.699186461751787238e-12 0.000000000000000000e+00 9.699186461751787238e-12
1.178433579916051713e+04 9.133952940092083086e-11 7.408468023605196082e-12 0.000000000000000000e+00 9.133952940092083086e-11 0.000000000000000000e+00 7.408468023605196082e-12 0.000000000000000000e+00 7.408468023605196082e-12
1.311685038551288017e+04 7.627387932833081857e-11 5.651037979935789303e-12 0.000000000000000000e+00 7.627387932833081857e-11 0.000000000000000000e+00 5.651037979935789303e-12 0.000000000000000000e+00 5.651037979935789303e-12
1.460003915097147365e+04 6.340048294701255135e-11 4.304848417808316139e-12 0.000000000000000000e+00 6.340048294701255135e-11 0.000000000000000000e+00 4.304848417808316139e-12 0.000000000000000000e+00 4.304848417808316139e-12
1.625093958876844590e+04 5.246512007163422364e-11 3.275224158231626297e-12 0.000000000000000000e+00 5.246512007163422364e-11 0.000000000000000000e+00 3.275224158231626297e-12 0.000000000000000000e+00 3.275224158231626297e-12
1.808851570786662342e+04 4.013590202003966789e-11 2.414531829652441060e-12 0.000000000000000000e+00 4.013590202003966789e-11 0.000000000000000000e+00 2.414531829652441060e-12 0.000000000000000000e+00 2.414531829652441060e-12
2.013387587385212828e+04 3.303605450816295125e-11 1.833208506513849781e-12 0.000000000000000000e+00 3.303605450816295125e-11 0.000000000000000000e+00 1.833208506513849781e-12 0.000000000000000000e+00 1.833208506513849781e-12
2.241051528221264743e+04 2.707238460272843267e-11 1.390266340195192531e-12 0.000000000000000000e+00 2.707238460272843267e-11 0.000000000000000000e+00 1.390266340195192531e-12 0.000000000000000000e+00 1.390266340195192531e-12
2.494458584929090648e+04 2.209255085481433545e-11 1.053214335096887438e-12 0.000000000000000000e+00 2.209255085481433545e-11 0.000000000000000000e+00 1.053214335096887438e-12 0.000000000000000000e+00 1.053214335096887438e-12
2.776519662118276028e+04 1.608667255404983711e-11 7.510944020009124393e-13 0.000000000000000000e+00 1.608667255404983711e-11 0.000000000000000000e+00 7.510944020009124393e-13 0.000000000000000000e+00 7.510944020009124393e-13
3.090474815138586200e+04 1.306885030653371403e-11 5.680343764172851780e-13 0.000000000000000000e+00 1.306885030653371403e-11 0.000000000000000000e+00 5.680343764172851780e-13 0.000000000000000000e+00 5.680343764172851780e-13
3.439930468822552211e+04 9.171727294963724768e-12 3.930381181804215590e-13 0.000000000000000000e+00 9.171727294963724768e-12 0.000000000000000000e+00 3.930381181804215590e-13 0.000000000000000000e+00 3.930381181804215590e-13
3.828900844740607135e+04 6.257514696007949167e-12 2.650703644055266691e-13 0.000000000000000000e+00 6.257514696007949167e-12 0.000000000000000000e+00 2.650703644055266691e-13 0.000000000000000000e+00 2.650703644055266691e-13
4.261854072845193878e+04 5.064414471950641065e-12 2.000450640475219361e-13 0.000000000000000000e+00 5.064414471950641065e-12 0.000000000000000000e+00 2.000450640475219361e-13 0.000000000000000000e+00 2.000450640475219361e-13
4.743763517192281142e+04 3.380766263440076837e-12 1.319759871351752979e-13 0.000000000000000000e+00 3.380766263440076837e-12 0.000000000000000000e+00 1.319759871351752979e-13 0.000000000000000000e+00 1.319759871351752979e-13
