1.056032981064548126e+00 6.736178926780165503e-18 7.900278589484498372e-18 0.000000000000000000e+00 6.736111543764375700e-18 6.738301578999397511e-23 6.943586689936046410e-18 3.150657060880630085e-20
1.175443983510534363e+00 7.563865536578188406e-18 8.973796120748356084e-18 0.000000000000000000e+00 7.563769497074684996e-18 9.603950350113486402e-23 7.840431359359697205e-18 4.007153623468232713e-20
1.308357393325258133e+00 7.563837905037341474e-18 9.564158551531173598e-18 0.000000000000000000e+00 7.563741867148047773e-18 9.603788929380401040e-23 8.355462063201609810e-18 4.277046531874316631e-20
1.456299996156748877e+00 7.563805124971266433e-18 1.020484055761421978e-17 0.000000000000000000e+00 7.563709088941733887e-18 9.603602953170517959e-23 8.914345926026480189e-18 4.570348208238624967e-20
1.620971219045888478e+00 7.910623657746638782e-18 1.116606223067966223e-17 0.000000000000000000e+00 7.910499455297273054e-18 1.242024493656183968e-22 9.714208331330617652e-18 5.464930903102540351e-20
1.804262651863866251e+00 7.910575820441412345e-18 1.192760689410013126e-17 0.000000000000000000e+00 7.910451620466988315e-18 1.241999744242147252e-22 1.037498201148289834e-17 5.853534013682922650e-20
2.008279776137516404e+00 8.069292490024042349e-18 1.288647309694240101e-17 0.000000000000000000e+00 8.069137969332854750e-18 1.545206911880757996e-22 1.117492584340310477e-17 6.827594122223325126e-20
2.235366150863083323e+00 8.069223913507808939e-18 1.377171044144231338e-17 0.000000000000000000e+00 8.069069396478547558e-18 1.545170292631130832e-22 1.193978704266216822e-17 7.324986012176391312e-20
2.488130333132567262e+00 8.146178731886513132e-18 1.480256797436789268e-17 0.000000000000000000e+00 8.145990036856917218e-18 1.886950295987272681e-22 1.280244033004523356e-17 8.446860648394514292e-20
2.769475842811750965e+00 8.185149500575371745e-18 1.585102668057085287e-17 0.000000000000000000e+00 8.184921337614088692e-18 2.281629612842319576e-22 1.368140613988875094e-17 9.670071791314829747e-20
3.082634515476230241e+00 8.216739292262075207e-18 1.696395805833497175e-17 0.000000000000000000e+00 8.216410720857983066e-18 3.285714040933268578e-22 1.459970424154126105e-17 1.167029776121255620e-19
3.431203626733101864e+00 8.222833983503081364e-18 1.808064364227579613e-17 0.000000000000000000e+00 8.222441493787033991e-18 3.924897160485565096e-22 1.553765628656569546e-17 1.325506951006285957e-19
3.819187214377767425e+00 8.228381860184770284e-18 1.925109038687138350e-17 0.000000000000000000e+00 8.227825684590422064e-18 5.561755943480333469e-22 1.650638489465285217e-17 1.586746284448318661e-19
4.251042073056519932e+00 8.231054716243639806e-18 2.046199804945518046e-17 0.000000000000000000e+00 8.230133458880641150e-18 9.212573630000131939e-22 1.749485077174336369e-17 1.995804856659811749e-19
4.731728949778890581e+00 8.232725825256346075e-18 2.171216720308282903e-17 0.000000000000000000e+00 8.230703066924152471e-18 2.022758332193572915e-21 1.848376522822122581e-17 2.771026850784152195e-19
5.266769528365972342e+00 8.232417685222922124e-18 2.287933457296580398e-17 0.000000000000000000e+00 8.230394929577978571e-18 2.022755644942141763e-21 1.945435617705096799e-17 2.992979176850432507e-19
5.862309857419115922e+00 8.232046786823113868e-18 2.402262613275286885e-17 0.000000000000000000e+00 8.230024032380434394e-18 2.022754442679714951e-21 2.039915212030742058e-17 3.229906319472762580e-19
6.525190950410857837e+00 8.231597257314851770e-18 2.511269069398074527e-17 0.000000000000000000e+00 8.229574505973759211e-18 2.022751341095934686e-21 2.129243245646301274e-17 3.481310765218957040e-19
7.263027368885755841e+00 8.231052596839510993e-18 2.612482072031780816e-17 0.000000000000000000e+00 8.229029850230835064e-18 2.022746608678779429e-21 2.211222319676395900e-17 3.747140322844615143e-19
8.084294691462201143e+00 8.230390301990539978e-18 2.702981392587114146e-17 0.000000000000000000e+00 8.228367562810809091e-18 2.022739179730265846e-21 2.283279438283457997e-17 4.026978690546931752e-19
8.998426873397548320e+00 8.229577460387069919e-18 2.779390997539082713e-17 0.000000000000000000e+00 8.227554732088801617e-18 2.022728298269862615e-21 2.342460367129335092e-17 4.319874803582906797e-19
1.001592461509324039e+01 8.228575934032900059e-18 2.838276527488683448e-17 0.000000000000000000e+00 8.226553219901931125e-18 2.022714130969817990e-21 2.385769575900003619e-17 4.624692660550304497e-19
1.114847598437533449e+01 8.227351310029932270e-18 2.875440647231673151e-17 0.000000000000000000e+00 8.225328611587995419e-18 2.022698441937964816e-21 2.409538915145332165e-17 4.939869997667258000e-19
1.240909067814867583e+01 8.225868390191952757e-18 2.888231818883781284e-17 0.000000000000000000e+00 8.223845706986765683e-18 2.022683205186150060e-21 2.411502278411650160e-17 5.263666014725240116e-19
1.381224946569640366e+01 8.224072660269503166e-18 2.876444794569073125e-17 0.000000000000000000e+00 8.222049993675150632e-18 2.022666594354153205e-21 2.391591107057459656e-17 5.594921488531038918e-19
1.537407053029052229e+01 8.221900466735109865e-18 2.839652521055717530e-17 0.000000000000000000e+00 8.219877821650892642e-18 2.022645084217347354e-21 2.349582689943952635e-17 5.931561559170956207e-19
1.711249461989307719e+01 8.219272848329855218e-18 2.779140930227033072e-17 0.000000000000000000e+00 8.217250230720202698e-18 2.022617609650720480e-21 2.286816711061080561e-17 6.271393388819655686e-19
1.904749113378321468e+01 8.216098875240423960e-18 2.698152427180983791e-17 0.000000000000000000e+00 8.214076276316424176e-18 2.022598924001733803e-21 2.206321140988192108e-17 6.612277533399419569e-19
2.120128751244688203e+01 8.212267157558194573e-18 2.602472049627442246e-17 0.000000000000000000e+00 8.210244582369782209e-18 2.022575188412354820e-21 2.113421026804688147e-17 6.952689788829852072e-19
2.359862456574094125e+01 8.207637231708571321e-18 2.498074868709475113e-17 0.000000000000000000e+00 8.205614695235000863e-18 2.022536473569561720e-21 2.013645396978526686e-17 7.289932107748533491e-19
2.626704067231091244e+01 8.202038558570123105e-18 2.390169650610292905e-17 0.000000000000000000e+00 8.200016056828565263e-18 2.022501741559457435e-21 1.911799106231997997e-17 7.620120950988047067e-19
2.923718811487309566e+01 8.195256795662050770e-18 2.281817455906291439e-17 0.000000000000000000e+00 8.193234338635457100e-18 2.022457026594817827e-21 1.810811266374022582e-17 7.937973903996024613e-19
3.254318518513449021e+01 8.187045658278014771e-18 2.172559707026499725e-17 0.000000000000000000e+00 8.185023255961037238e-18 2.022402316977347682e-21 1.710429289803925452e-17 8.236375118172276318e-19
3.622300810299908846e+01 8.177214813112038671e-18 2.056889250818975343e-17 0.000000000000000000e+00 8.175192470847166882e-18 2.022342264869277340e-21 1.605853380448841749e-17 8.505886936996422145e-19
4.031892725206589034e+01 8.165467041600542214e-18 1.924929029125116246e-17 0.000000000000000000e+00 8.163444761103007835e-18 2.022280497533707856e-21 1.488355810542807564e-17 8.735545010016680594e-19
4.487799274248540371e+01 8.151216217535386603e-18 1.771195423348516826e-17 0.000000000000000000e+00 8.149194003441426865e-18 2.022214093957708933e-21 1.353084779298654206e-17 8.914026933886003964e-19
4.995257487887015913e+01 8.134138453577183745e-18 1.606229742535446681e-17 0.000000000000000000e+00 8.132116317475946502e-18 2.022136101237439539e-21 1.209362253748295000e-17 9.035828642529176670e-19
5.560096574165519456e+01 8.113862028701092116e-18 1.452223026639297711e-17 0.000000000000000000e+00 8.111839972778937722e-18 2.022055922156309393e-21 1.076839293796846273e-17 9.099400798505293984e-19
6.188804879230252709e+01 8.089759206759477092e-18 1.326128530801247694e-17 0.000000000000000000e+00 8.087737267349791936e-18 2.021939409683821896e-21 9.705332468998566655e-18 9.100558825752629898e-19
6.888604419417499969e+01 8.061104864379309031e-18 1.222825217902488134e-17 0.000000000000000000e+00 8.059083064082625246e-18 2.021800296685449628e-21 8.858530864815958669e-18 9.029434844866947470e-19
7.667533841060405564e+01 8.027161660641615835e-18 1.116957140879005201e-17 0.000000000000000000e+00 8.025139977486051014e-18 2.021683155564345303e-21 8.003868456198339732e-18 8.868413444100577554e-19
8.534540760983165342e+01 7.987140685137547752e-18 9.948814917050937790e-18 0.000000000000000000e+00 7.985119161649487040e-18 2.021523488061210768e-21 7.020658794802704577e-18 8.607675495843822635e-19
9.499584548401358575e+01 7.940036629472775233e-18 8.719522863036567596e-18 0.000000000000000000e+00 7.938015299595008268e-18 2.021329877768225980e-21 6.042284284575691998e-18 8.254127956288895668e-19
1.057375072889466310e+02 7.884742684918551274e-18 7.673503425497959917e-18 0.000000000000000000e+00 7.882721548420853931e-18 2.021136497697548028e-21 5.233858486692483305e-18 7.821671466115594348e-19
1.176937832461472624e+02 7.820414402021933529e-18 6.778560033953069255e-18 0.000000000000000000e+00 7.818393452446712008e-18 2.020949575221472145e-21 4.562074861317672434e-18 7.322726870292076693e-19
1.310020159349736844e+02 7.745603489540680121e-18 5.947159380982526029e-18 0.000000000000000000e+00 7.743582809784632304e-18 2.020679756046277362e-21 3.947539128774564185e-18 6.772764075129314120e-19
1.458150779564580262e+02 7.658932693473668718e-18 5.200364790897439330e-18 0.000000000000000000e+00 7.656912350747216797e-18 2.020342726449286396e-21 3.408409674869517704e-18 6.196120396437081684e-19
1.623031279915676635e+02 7.559148911636988363e-18 4.449251642608489180e-18 0.000000000000000000e+00 7.557128906473792117e-18 2.020005163197134126e-21 2.863050892937665946e-18 5.617662579160285917e-19
1.806555654259147161e+02 7.444945902870254811e-18 3.792848753902595855e-18 0.000000000000000000e+00 7.442926277725316719e-18 2.019625144939540012e-21 2.393136695199853763e-18 5.071581928567390641e-19
2.010832059937378347e+02 7.314660830980907928e-18 3.269430738934255309e-18 0.000000000000000000e+00 7.312641642019377239e-18 2.019188961533111582e-21 2.029755554883923906e-18 4.581187160409069688e-19
2.238207034330328042e+02 7.167360499580035680e-18 2.799018255973452992e-18 0.000000000000000000e+00 7.165341760867820023e-18 2.018738712217149731e-21 1.704899520616548622e-18 4.151084466201134014e-19
2.491292449694543905e+02 7.001783184496075071e-18 2.346513851452734400e-18 0.000000000000000000e+00 6.999764962495811965e-18 2.018222000265755400e-21 1.388787365825638459e-18 3.773596137796045872e-19
2.772995515922919481e+02 6.816897658840656909e-18 1.993730195997733920e-18 0.000000000000000000e+00 6.814880157235607311e-18 2.017501605048292687e-21 1.152707080732364668e-18 3.430420260448498218e-19
3.086552175868076802e+02 6.612656972630279521e-18 1.677198391423634385e-18 0.000000000000000000e+00 6.610640233675213907e-18 2.016738955065830586e-21 9.464184505744094080e-19 3.085220338251240146e-19
3.435564276845046834e+02 6.387859406960745137e-18 1.388925928619145612e-18 0.000000000000000000e+00 6.385843489022147599e-18 2.015917938597263753e-21 7.639329920026226146e-19 2.714884501926544077e-19
3.824040945302937757e+02 6.142995680801815239e-18 1.151899267198554780e-18 0.000000000000000000e+00 6.140980723955618996e-18 2.014956846194341467e-21 6.229000291927427302e-19 2.325420827935790896e-19
4.256444639942141634e+02 5.878616715972885802e-18 9.419248210125397614e-19 0.000000000000000000e+00 5.876602857197654940e-18 2.013858775229748514e-21 5.007467732186462153e-19 1.952169521129938552e-19
4.737742412289155709e+02 5.595857758979706754e-18 7.704403059954052493e-19 0.000000000000000000e+00 5.593845146596366865e-18 2.012612383341122449e-21 4.016063377306572202e-19 1.644210105446796905e-19
5.273462963565856398e+02 5.296442585484261650e-18 6.296005233481337952e-19 0.000000000000000000e+00 5.294431381034795954e-18 2.011204449466499315e-21 3.192568886519195231e-19 1.412991599647733018e-19
5.869760153267689020e+02 4.982648528211209973e-18 5.142865628128052491e-19 0.000000000000000000e+00 4.980638934758855556e-18 2.009593452355990818e-21 2.527215100294798676e-19 1.225083039028525243e-19
6.533483688978308237e+02 4.656996641308016971e-18 4.155009402497066583e-19 0.000000000000000000e+00 4.654988887742175263e-18 2.007753565840876198e-21 1.986700932365279490e-19 1.035407528655789315e-19
7.272257809440862957e+02 4.322765997320638810e-18 3.319124173057261221e-19 0.000000000000000000e+00 4.320760328857594374e-18 2.005668463043344184e-21 1.552057254240680859e-19 8.494816917916052290e-20
8.094568864722074295e+02 3.984224968030532897e-18 2.647069916592409300e-19 0.000000000000000000e+00 3.982221735610213408e-18 2.003232420319499497e-21 1.205189413680773778e-19 7.004050541653793528e-20
9.009862799510120794e+02 3.644028393806960745e-18 2.114650062332823859e-19 0.000000000000000000e+00 3.642027915179061368e-18 2.000478627900522492e-21 9.301718823145542650e-20 5.869179150670123017e-20
1.002865365934268880e+03 3.307293166449468101e-18 1.673546554093488247e-19 0.000000000000000000e+00 3.305295768993139202e-18 1.997397456328587205e-21 7.128681100562171843e-20 4.830985842522665294e-20
1.116264436618460877e+03 2.978532448337867079e-18 1.314025714240328590e-19 0.000000000000000000e+00 2.976538558929697648e-18 1.993889408169693684e-21 5.427966102357866190e-20 3.913168487105042007e-20
1.242486115071199492e+03 2.659888353969870846e-18 1.032135017221668824e-19 0.000000000000000000e+00 2.657898661383393954e-18 1.989692586476907377e-21 4.105856459951256513e-20 3.203299696865238549e-20
1.382980318553656389e+03 2.356508811888825941e-18 8.049814156153326198e-20 0.000000000000000000e+00 2.354523794712057202e-18 1.985017176768624641e-21 3.083015834705521632e-20 2.592550733710037591e-20
1.539360913821697523e+03 2.069365207558208975e-18 6.250341744236792691e-20 0.000000000000000000e+00 2.067385543151422621e-18 1.979664406786912417e-21 2.297857097977641293e-20 2.089934663627077091e-20
1.713424255726343517e+03 1.566632661034252747e-18 4.798661391047256799e-20 0.000000000000000000e+00 1.564671000148099336e-18 1.961660886153139389e-21 1.673503476732356181e-20 1.677441524961388976e-20
1.907169822067742189e+03 1.286827863680933611e-18 3.688787009800738755e-20 0.000000000000000000e+00 1.284876774012921124e-18 1.951089668012432096e-21 1.222085134801563956e-20 1.343563250340016408e-20
2.122823181736748211e+03 1.125853842732684576e-18 2.832864125149439982e-20 0.000000000000000000e+00 1.123909682595024125e-18 1.944160137660612804e-21 8.953595708215222031e-21 1.068414320754350830e-20
2.362861559980607581e+03 9.748515131440663628e-19 2.168069076719220744e-20 0.000000000000000000e+00 9.729154893243829080e-19 1.936023819683540199e-21 6.513607332311947143e-21 8.472605337949131582e-21
2.630042294462951304e+03 8.346801495151100228e-19 1.653147500679606952e-20 0.000000000000000000e+00 8.327536437098741174e-19 1.926505805235930586e-21 4.698655058852267901e-21 6.700137414899911728e-21
2.927434508994474982e+03 7.063482490308012626e-19 1.254630568751872362e-20 0.000000000000000000e+00 7.044328753065230339e-19 1.915373724278190335e-21 3.358040678118750102e-21 5.275387287628934404e-21
3.258454368773508122e+03 4.592831183766837699e-19 9.272169826302578533e-21 0.000000000000000000e+00 4.573957835237799105e-19 1.887334852903899994e-21 2.225610452144993778e-21 4.131487489457498893e-21
3.626904322114499791e+03 3.460369305706375290e-19 6.933134631820262391e-21 0.000000000000000000e+00 3.441684475373495113e-19 1.868483033287965026e-21 1.523261386455095282e-21 3.225223193163669504e-21
4.037016779438275080e+03 2.918094806747523752e-19 5.221070121136078832e-21 0.000000000000000000e+00 2.899572264137600883e-19 1.852254260992288783e-21 1.070093764415916788e-21 2.509175832634691132e-21
4.493502731267226409e+03 2.096137772259644675e-19 3.853486239727692829e-21 0.000000000000000000e+00 2.077891344195604985e-19 1.824642806403973533e-21 7.041306523395185484e-22 1.941644333883682267e-21
5.001605863702974602e+03 1.409555425144769249e-19 2.822685902858347511e-21 0.000000000000000000e+00 1.391609734331204897e-19 1.794569081356426174e-21 4.477132982186898838e-22 1.495410613336841791e-21
5.567162793016338583e+03 1.067972944947948349e-19 2.086027675038720326e-21 0.000000000000000000e+00 1.050335596020948174e-19 1.763734892700023209e-21 2.962074764908773137e-22 1.147233699475069782e-21
6.196670111266974345e+03 6.801760843975691582e-20 1.508261000069532466e-21 0.000000000000000000e+00 6.629383832850785092e-20 1.723770111249062640e-21 1.775463156740804396e-22 8.742910536160014253e-22
6.897359013111165041e+03 4.455780166197834722e-20 1.089037544628458299e-21 0.000000000000000000e+00 4.288057448981453663e-20 1.677227172163803261e-21 1.062720396300590643e-22 6.620257571650157165e-22
7.677278361042189317e+03 2.817229928423017536e-20 7.804670660574811784e-22 0.000000000000000000e+00 2.654855113580828006e-20 1.623748148421892291e-21 6.093827393045134652e-23 4.979208993818325220e-22
8.545387143236317570e+03 1.651267491929896899e-20 5.507914458272510665e-22 0.000000000000000000e+00 1.495528613533921134e-20 1.557388783959759532e-21 3.215309488283704423e-23 3.706584573246072758e-22
9.511657386079081334e+03 8.990343402644054875e-21 3.801448431091584225e-22 0.000000000000000000e+00 7.520927216944076511e-21 1.469416185699977799e-21 1.523667758682192646e-23 2.710484167546362939e-22
1.058718870352829254e+04 4.671121394891788803e-21 2.541194456651456931e-22 0.000000000000000000e+00 3.322099503238096011e-21 1.349021891653692792e-21 6.298583985426615502e-24 1.924340757424841520e-22
1.178433579916051713e+04 2.401823597631179544e-21 1.586500594296091207e-22 0.000000000000000000e+00 1.240864987753510920e-21 1.160958609877668999e-21 2.171451799088334236e-24 1.276632747184134600e-22
1.311685038551288017e+04 1.120753341348715284e-21 7.930035652398545833e-23 0.000000000000000000e+00 3.220785846564712411e-22 7.986747566922441369e-22 5.050522436685521092e-25 6.788149248300273842e-23
1.460003915097147365e+04 1.626870080717307248e-22 1.148978037401109353e-23 0.000000000000000000e+00 2.335363537980729485e-23 1.393333726919234417e-22 3.200234139140758955e-26 1.032100769147040677e-23
1.625093958876844590e+04 0.000000000000000000e+00 0.000000000000000000e+00 0.000000000000000000e+00 0.000000000000000000e+00 0.000000000000000000e+00 0.000000000000000000e+00 0.000000000000000000e+00
1.808851570786662342e+04 0.000000000000000000e+00 0.000000000000000000e+00 0.000000000000000000e+00 0.000000000000000000e+00 0.000000000000000000e+00 0.000000000000000000e+00 0.000000000000000000e+00
2.013387587385212828e+04 0.000000000000000000e+00 0.000000000000000000e+00 0.000000000000000000e+00 0.000000000000000000e+00 0.000000000000000000e+00 0.000000000000000000e+00 0.000000000000000000e+00
2.241051528221264743e+04 0.000000000000000000e+00 0.000000000000000000e+00 0.000000000000000000e+00 0.000000000000000000e+00 0.000000000000000000e+00 0.000000000000000000e+00 0.000000000000000000e+00
2.494458584929090648e+04 0.000000000000000000e+00 0.000000000000000000e+00 0.000000000000000000e+00 0.000000000000000000e+00 0.000000000000000000e+00 0.000000000000000000e+00 0.000000000000000000e+00
2.776519662118276028e+04 0.000000000000000000e+00 0.000000000000000000e+00 0.000000000000000000e+00 0.000000000000000000e+00 0.000000000000000000e+00 0.000000000000000000e+00 0.000000000000000000e+00
3.090474815138586200e+04 0.000000000000000000e+00 0.000000000000000000e+00 0.000000000000000000e+00 0.000000000000000000e+00 0.000000000000000000e+00 0.000000000000000000e+00 0.000000000000000000e+00
3.439930468822552211e+04 0.000000000000000000e+00 0.000000000000000000e+00 0.000000000000000000e+00 0.000000000000000000e+00 0.000000000000000000e+00 0.000000000000000000e+00 0.000000000000000000e+00
3.828900844740607135e+04 0.000000000000000000e+00 0.000000000000000000e+00 0.000000000000000000e+00 0.000000000000000000e+00 0.000000000000000000e+00 0.000000000000000000e+00 0.000000000000000000e+00
4.261854072845193878e+04 0.000000000000000000e+00 0.000000000000000000e+00 0.000000000000000000e+00 0.000000000000000000e+00 0.000000000000000000e+00 0.000000000000000000e+00 0.000000000000000000e+00
4.743763517192281142e+04 0.000000000000000000e+00 0.000000000000000000e+00 0.000000000000000000e+00 0.000000000000000000e+00 0.000000000000000000e+00 0.000000000000000000e+00 0.000000000000000000e+00
