8.000000000000000167e-02
8.920000000000000151e-02
9.840000000000000135e-02
1.076000000000000012e-01
1.168000000000000010e-01
1.260000000000000009e-01
1.351999999999999869e-01
1.444000000000000006e-01
1.536000000000000143e-01
1.628000000000000003e-01
1.719999999999999862e-01
1.812000000000000000e-01
1.904000000000000137e-01
1.995999999999999996e-01
2.087999999999999856e-01
2.180000000000000271e-01
2.272000000000000131e-01
2.363999999999999990e-01
2.455999999999999850e-01
2.548000000000000265e-01
2.640000000000000124e-01
2.731999999999999984e-01
2.823999999999999844e-01
2.916000000000000258e-01
3.008000000000000118e-01
3.099999999999999978e-01
3.191999999999999837e-01
3.284000000000000252e-01
3.376000000000000112e-01
3.467999999999999972e-01
3.560000000000000386e-01
3.652000000000000246e-01
3.744000000000000106e-01
3.835999999999999965e-01
3.927999999999999825e-01
4.020000000000000240e-01
4.112000000000000099e-01
4.203999999999999959e-01
4.296000000000000374e-01
4.388000000000000234e-01
4.480000000000000093e-01
4.571999999999999953e-01
4.663999999999999813e-01
4.756000000000000227e-01
4.848000000000000087e-01
4.939999999999999947e-01
5.031999999999999806e-01
5.123999999999999666e-01
5.215999999999999526e-01
5.307999999999999385e-01
5.399999999999999245e-01
5.492000000000000215e-01
5.584000000000000075e-01
5.675999999999999934e-01
5.767999999999999794e-01
5.859999999999999654e-01
5.951999999999999513e-01
6.043999999999999373e-01
6.135999999999999233e-01
6.227999999999999092e-01
6.320000000000000062e-01
6.411999999999999922e-01
6.503999999999999782e-01
6.595999999999999641e-01
6.687999999999999501e-01
6.779999999999999361e-01
6.871999999999999220e-01
6.963999999999999080e-01
7.055999999999998940e-01
7.147999999999999909e-01
7.239999999999999769e-01
7.331999999999999629e-01
7.423999999999999488e-01
7.515999999999999348e-01
7.607999999999999208e-01
7.699999999999999067e-01
7.792000000000000037e-01
7.883999999999999897e-01
7.975999999999999757e-01
8.067999999999999616e-01
8.159999999999999476e-01
8.251999999999999336e-01
8.343999999999999195e-01
8.435999999999999055e-01
8.527999999999998915e-01
8.619999999999999885e-01
8.711999999999999744e-01
8.803999999999999604e-01
8.895999999999999464e-01
8.987999999999999323e-01
9.079999999999999183e-01
9.171999999999999043e-01
9.264000000000000012e-01
9.355999999999999872e-01
9.447999999999999732e-01
9.539999999999999591e-01
9.631999999999999451e-01
9.723999999999999311e-01
9.815999999999999170e-01
9.907999999999999030e-01
1.000000000000000000e+00
