9.868550347279851920e-01
9.703457948384114351e-01
9.469171584647296802e-01
9.184513967307077476e-01
8.871567388234193885e-01
8.549304302104454578e-01
8.231511871242164213e-01
7.927053917242669057e-01
7.640957641938477263e-01
7.375556287682020207e-01
7.131429185313543639e-01
6.908082663981087723e-01
6.704414538929382994e-01
6.518480879156829388e-01
6.350367271401372582e-01
6.196940138410870214e-01
6.057275348544566285e-01
5.930011033267640341e-01
5.813898896668121541e-01
5.707807315856457953e-01
5.610718739901030538e-01
5.521721910266342848e-01
5.440003444247809572e-01
5.364838834548890656e-01
5.295582843890568325e-01
5.231661269963867600e-01
5.172563207366198679e-01
5.118165379059013143e-01
5.067408937526157731e-01
5.020251214234496828e-01
4.976368002445618055e-01
4.935092045307259978e-01
4.896906415346882202e-01
4.861211222084464434e-01
4.827796210233772367e-01
4.796471822307141752e-01
4.767067044047032520e-01
4.739427536711945388e-01
4.713413525249798841e-01
4.679015200686537646e-01
4.664683676485507080e-01
4.643913500867929423e-01
4.623244398884412965e-01
4.603672232724396185e-01
4.585117641986247161e-01
4.567508033845552595e-01
4.550776986110372513e-01
4.534864000202273315e-01
4.520214219946345757e-01
4.505778728994170867e-01
4.492006518138926818e-01
4.478854097783341315e-01
4.466281487685353491e-01
4.454251766192436346e-01
4.442735279281547212e-01
4.431162429687962034e-01
4.419604228332190132e-01
4.410920050835525630e-01
4.401140314566407419e-01
4.391732906995763352e-01
4.382676171451705405e-01
4.373949947929521853e-01
4.365535457490149485e-01
4.357415196392258605e-01
4.349572870890668352e-01
4.341993342239489073e-01
4.334660304677365184e-01
4.327013730860576057e-01
4.320140384758892060e-01
4.313478616748831485e-01
4.307017563274866401e-01
4.300747044436227240e-01
4.294657559892947063e-01
4.288740217263575238e-01
4.282986663863777022e-01
4.277389044271671104e-01
4.271939968575609869e-01
4.266632481588839565e-01
4.261460034207833480e-01
4.256416456910323554e-01
4.251495947746560811e-01
4.246693061771510957e-01
4.242002661712230838e-01
4.236809988369061308e-01
4.232342113271762019e-01
4.227972807461338745e-01
4.224272773709386031e-01
4.220077110708860268e-01
4.215968507314524216e-01
4.211945768774305598e-01
4.208001146372679635e-01
4.204133763098459875e-01
4.200340690599052018e-01
4.196619147528630744e-01
4.192966491112398164e-01
4.189380209550660483e-01
4.185857914555681791e-01
4.182397334591292370e-01
4.178996308767209400e-01
4.175652770347160203e-01
4.172365451036197381e-01
