1.000000000000000000e+04
1.148153621496881715e+04
1.318256738556407436e+04
1.513561248436207097e+04
1.737800828749376160e+04
1.995262314968878854e+04
2.290867652767774780e+04
2.630267991895381419e+04
3.019951720402019055e+04
3.467368504525316530e+04
3.981071705534969078e+04
4.570881896148751548e+04
5.248074602497722663e+04
6.025595860743580852e+04
6.918309709189362184e+04
7.943282347242820833e+04
9.120108393559097021e+04
1.047128548050898535e+05
1.202264434617413062e+05
1.380384264602883777e+05
1.584893192461114086e+05
1.819700858609982533e+05
2.089296130854040966e+05
2.398832919019489782e+05
2.754228703338163323e+05
3.162277660168379080e+05
3.630780547701017349e+05
4.168693834703355096e+05
4.786300923226380255e+05
5.495408738576248288e+05
6.309573444801929872e+05
7.244359600749891251e+05
8.317637711026708130e+05
9.549925860214368440e+05
1.096478196143185021e+06
1.258925411794166081e+06
1.445439770745927934e+06
1.659586907437559683e+06
1.905460717963244300e+06
2.187761623949551955e+06
2.511886431509582326e+06
2.884031503126605880e+06
3.311311214825907722e+06
3.801893963205612730e+06
4.365158322401656769e+06
5.011872336272714660e+06
5.754399373371566646e+06
6.606934480075964704e+06
7.585775750291835517e+06
8.709635899560796097e+06
1.000000000000000000e+07
1.148153621496884152e+07
1.318256738556407392e+07
1.513561248436207138e+07
1.737800828749376163e+07
1.995262314968878776e+07
2.290867652767769992e+07
2.630267991895381361e+07
3.019951720402019098e+07
3.467368504525316507e+07
3.981071705534969270e+07
4.570881896148751676e+07
5.248074602497722954e+07
6.025595860743568838e+07
6.918309709189362824e+07
7.943282347242821753e+07
9.120108393559096754e+07
1.047128548050898463e+08
1.202264434617413133e+08
1.380384264602886736e+08
1.584893192461110950e+08
1.819700858609982431e+08
2.089296130854040980e+08
2.398832919019485116e+08
2.754228703338163495e+08
3.162277660168379545e+08
3.630780547701002955e+08
4.168693834703363776e+08
4.786300923226380348e+08
5.495408738576247692e+08
6.309573444801943302e+08
7.244359600749890804e+08
8.317637711026709080e+08
9.549925860214369297e+08
1.096478196143182755e+09
1.258925411794166088e+09
1.445439770745928049e+09
1.659586907437556267e+09
1.905460717963244438e+09
2.187761623949552059e+09
2.511886431509572029e+09
2.884031503126611710e+09
3.311311214825907707e+09
3.801893963205612659e+09
4.365158322401665688e+09
5.011872336272714615e+09
5.754399373371566772e+09
6.606934480075963974e+09
7.585775750291820526e+09
8.709635899560796738e+09
1.000000000000000000e+10
1.148153621496879387e+10
1.318256738556410027e+10
1.513561248436207199e+10
1.737800828749376297e+10
1.995262314968882751e+10
2.290867652767770004e+10
2.630267991895381546e+10
3.019951720402019119e+10
3.467368504525309753e+10
3.981071705534969330e+10
4.570881896148751831e+10
5.248074602497711945e+10
6.025595860743568420e+10
6.918309709189363098e+10
7.943282347242788696e+10
9.120108393559115601e+10
1.047128548050898438e+11
1.202264434617413177e+11
1.380384264602886658e+11
1.584893192461110840e+11
1.819700858609982605e+11
2.089296130854040833e+11
2.398832919019484863e+11
2.754228703338163452e+11
3.162277660168379517e+11
3.630780547701002808e+11
4.168693834703363647e+11
4.786300923226380005e+11
5.495408738576225586e+11
6.309573444801943359e+11
7.244359600749891357e+11
8.317637711026708984e+11
9.549925860214368896e+11
1.096478196143182861e+12
1.258925411794166260e+12
1.445439770745927979e+12
1.659586907437556396e+12
1.905460717963244385e+12
2.187761623949551758e+12
2.511886431509582031e+12
2.884031503126599609e+12
3.311311214825907715e+12
3.801893963205612793e+12
4.365158322401665527e+12
5.011872336272714844e+12
5.754399373371566406e+12
6.606934480075964844e+12
7.585775750291820312e+12
8.709635899560796875e+12
1.000000000000000000e+13
1.148153621496883984e+13
1.318256738556404688e+13
1.513561248436207227e+13
1.737800828749376367e+13
1.995262314968874609e+13
2.290867652767769922e+13
2.630267991895381641e+13
3.019951720402019141e+13
3.467368504525309766e+13
3.981071705534969531e+13
4.570881896148751562e+13
5.248074602497712500e+13
6.025595860743568750e+13
6.918309709189362500e+13
7.943282347242821875e+13
9.120108393559078125e+13
1.047128548050898438e+14
1.202264434617413125e+14
1.380384264602880938e+14
1.584893192461110938e+14
1.819700858609982500e+14
2.089296130854040938e+14
2.398832919019485000e+14
2.754228703338163438e+14
3.162277660168379375e+14
3.630780547701002500e+14
4.168693834703346250e+14
4.786300923226380000e+14
5.495408738576248125e+14
6.309573444801917500e+14
7.244359600749891250e+14
8.317637711026708750e+14
9.549925860214368750e+14
1.096478196143182875e+15
1.258925411794166250e+15
1.445439770745928000e+15
1.659586907437556250e+15
1.905460717963244500e+15
2.187761623949551750e+15
2.511886431509582000e+15
2.884031503126600000e+15
3.311311214825907500e+15
3.801893963205612500e+15
4.365158322401647500e+15
5.011872336272715000e+15
5.754399373371566000e+15
6.606934480075964000e+15
7.585775750291820000e+15
8.709635899560796000e+15
1.000000000000000000e+16
