8.759992178343572959e+02
8.726989688086464412e+02
8.668614608350054596e+02
8.582071195617386365e+02
8.468241466022886925e+02
8.330488437195864435e+02
8.173378408188855246e+02
8.001730908305663661e+02
7.820048228295967192e+02
7.632240785920752160e+02
7.441541132855898013e+02
7.250525193119382266e+02
7.061183811673156470e+02
6.875012587589042141e+02
6.693100969483659810e+02
6.516213943529937751e+02
6.344861043220778356e+02
6.179354324267911807e+02
6.019854959158532210e+02
5.866409976158358859e+02
5.718982562091293858e+02
5.577473740376703972e+02
5.441740404512376017e+02
5.311609330286512431e+02
5.186886781409154992e+02
5.067367103093965852e+02
4.952839156586946956e+02
4.842775278151434577e+02
4.737584717530700686e+02
4.636753607587585293e+02
4.540079685921735404e+02
4.447706502817331966e+02
4.358771353585653969e+02
4.273428601363023631e+02
4.191506128222485472e+02
4.112839580327535032e+02
4.037272669337235129e+02
3.964657513969164029e+02
3.894853610634900747e+02
3.835812395468587397e+02
3.763152493788763309e+02
3.701009178951454714e+02
3.641184618786222131e+02
3.583571674269549021e+02
3.528068719841919574e+02
3.474579427686533108e+02
3.423012956298776430e+02
3.373283612865441796e+02
3.324941181229069684e+02
3.278646339806928154e+02
3.233956442571591765e+02
3.190801889967372631e+02
3.149117096284819013e+02
3.108839744011941661e+02
3.069910733217056418e+02
3.032635205792079205e+02
2.996234119085916063e+02
2.960660970779591707e+02
2.926586994033671658e+02
2.893605842707610236e+02
2.861673748416133094e+02
2.830748940224430612e+02
2.800791548290815172e+02
2.771763511257568666e+02
2.743628620626623160e+02
2.716352587537946874e+02
2.689902596350511317e+02
2.664586773896784848e+02
2.639694319612918321e+02
2.615537914686765930e+02
2.592090086463027205e+02
2.569324550297691871e+02
2.547216350109756888e+02
2.525741714609171424e+02
2.504877841621780306e+02
2.484602854721377696e+02
2.464895766135973361e+02
2.445736435029932068e+02
2.427105530801584621e+02
2.408984504027271782e+02
2.391355610314598721e+02
2.374201941013167527e+02
2.357507264608060495e+02
2.341255973304819520e+02
2.325433063282096384e+02
2.310024107462945153e+02
2.295015233007351583e+02
2.280393099178515683e+02
2.266144874659945003e+02
2.252258365161013387e+02
2.238721626061247321e+02
2.225523562182992805e+02
2.212653365305590683e+02
2.200100615510509385e+02
2.187855269849450792e+02
2.175907645442316891e+02
2.164248407955550704e+02
2.152868558737955027e+02
2.141759424119822199e+02
2.130912566005033000e+02
2.120319753657026354e+02
