1.056032981064548126e+00 0.000000000000000000e+00 0.000000000000000000e+00 0.000000000000000000e+00 0.000000000000000000e+00 0.000000000000000000e+00 0.000000000000000000e+00 0.000000000000000000e+00 0.000000000000000000e+00
1.175443983510534363e+00 5.552068085789786556e-09 1.800798692675558272e-07 0.000000000000000000e+00 5.552068080648581944e-09 5.141204389040352871e-18 4.235549974046608574e-08 4.776570528789991537e-08 1.824680458276090732e-07
1.308357393325258133e+00 5.552067891463819497e-09 1.932376958219436775e-07 0.000000000000000000e+00 5.552067886322614057e-09 5.141204389040344397e-18 4.545027250325764489e-08 5.125578397033712107e-08 1.958003672915812991e-07
1.456299996156748877e+00 5.552067651526518718e-09 2.076600181698269366e-07 0.000000000000000000e+00 5.552067646385313278e-09 5.141204389040330531e-18 4.884245957763076891e-08 5.508126691453828432e-08 2.104139534925531352e-07
1.620971219045888478e+00 5.552067366161587799e-09 2.235423617723294225e-07 0.000000000000000000e+00 5.552067361020383187e-09 5.141204389040314353e-18 5.257804932889404104e-08 5.929401672670997147e-08 2.265069229086461102e-07
1.804262651863866251e+00 5.552067026185339190e-09 2.410129493410508969e-07 0.000000000000000000e+00 5.552067021044133750e-09 5.141204389040290471e-18 5.668720021566104786e-08 6.392804417317284459e-08 2.442091985732823180e-07
2.008279776137516404e+00 5.552066606287778261e-09 2.600782815213198689e-07 0.000000000000000000e+00 5.552066601146572821e-09 5.141204389040262738e-18 6.117144110565336816e-08 6.898507364942862314e-08 2.635273668685658007e-07
2.235366150863083323e+00 5.552066096677020509e-09 2.809185095889878486e-07 0.000000000000000000e+00 5.552066091535815069e-09 5.141204389040230382e-18 6.607314424358150786e-08 7.451288985441913538e-08 2.846439679778735215e-07
2.488130333132567262e+00 5.552065482176621107e-09 3.036930109346207084e-07 0.000000000000000000e+00 5.552065477035416495e-09 5.141204389040194175e-18 7.142979575070888579e-08 8.055376729403336243e-08 3.077204926009847421e-07
2.769475842811750965e+00 5.552064740133292687e-09 3.285290311925269591e-07 0.000000000000000000e+00 5.552064734992087247e-09 5.141204389040151804e-18 7.727132419049655997e-08 8.714145765526503475e-08 3.328858733800034611e-07
3.082634515476230241e+00 5.552063832823300458e-09 3.554635399861936390e-07 0.000000000000000000e+00 5.552063827682095018e-09 5.141204389040097878e-18 8.360642475344011174e-08 9.428576725693503340e-08 3.601775693090992722e-07
3.431203626733101864e+00 5.552062711036704460e-09 3.844864438699799018e-07 0.000000000000000000e+00 5.552062705895499847e-09 5.141204389040036248e-18 9.043272310960752012e-08 1.019840191702582129e-07 3.895853517439285568e-07
3.819187214377767425e+00 5.552061344662997158e-09 4.158069295966840940e-07 0.000000000000000000e+00 5.552061339521791718e-09 5.141204389039954589e-18 9.779942060826780872e-08 1.102916998414497288e-07 4.213211807394590837e-07
4.251042073056519932e+00 5.552059678630186607e-09 4.494809074457126346e-07 0.000000000000000000e+00 5.552059673488981167e-09 5.141204389039853670e-18 1.057196671914361887e-07 1.192236397240024673e-07 4.554417064175640572e-07
4.731728949778890581e+00 5.552057645272533791e-09 4.855335751279458938e-07 0.000000000000000000e+00 5.552057640131328351e-09 5.141204389039733492e-18 1.141993889713814672e-07 1.287865229631754979e-07 4.919724585472613699e-07
5.266769528365972342e+00 5.552055161435261660e-09 5.239505971579346118e-07 0.000000000000000000e+00 5.552055156294057875e-09 5.141204389039587892e-18 1.232352135528301711e-07 1.389765477810502045e-07 5.308989088056870773e-07
5.862309857419115922e+00 5.552052110550795337e-09 5.645622169831102850e-07 0.000000000000000000e+00 5.552052105409589897e-09 5.141204389039403003e-18 1.327872125816391660e-07 1.497486877022214178e-07 5.720490453219332090e-07
6.525190950410857837e+00 5.552048319038198260e-09 6.069320914684180184e-07 0.000000000000000000e+00 5.552048313896992820e-09 5.141204389039171891e-18 1.427527549202572404e-07 1.609872054671910674e-07 6.149807318155918484e-07
7.263027368885755841e+00 5.552043662377080050e-09 6.511133709185682750e-07 0.000000000000000000e+00 5.552043657235875437e-09 5.141204389038894557e-18 1.531443406199806047e-07 1.727062002326955900e-07 6.597478186708344647e-07
8.084294691462201143e+00 5.552037939894179316e-09 6.967874266961865052e-07 0.000000000000000000e+00 5.552037934752973876e-09 5.141204389038559445e-18 1.638870251540836328e-07 1.848211585209948270e-07 7.060274438881354513e-07
8.998426873397548320e+00 5.552030904053550392e-09 7.435346792312557382e-07 0.000000000000000000e+00 5.552030898912345779e-09 5.141204389038141133e-18 1.748821194740523374e-07 1.972207903790802473e-07 7.533944537581236626e-07
1.001592461509324039e+01 5.552022249498926573e-09 7.908234576263702537e-07 0.000000000000000000e+00 5.552022244357721960e-09 5.141204389037622673e-18 1.860045696520313534e-07 2.097640745169033138e-07 8.013101143270345604e-07
1.114847598437533449e+01 5.552011599538956238e-09 8.379797046832034627e-07 0.000000000000000000e+00 5.552011594397753280e-09 5.141204389036986346e-18 1.970958312924791557e-07 2.222722227423743815e-07 8.490914142690985912e-07
1.240909067814867583e+01 5.551998489481070261e-09 8.841594140992112643e-07 0.000000000000000000e+00 5.551998484339864821e-09 5.141204389036205959e-18 2.079573865658485131e-07 2.345213690921947201e-07 8.958831361830013553e-07
1.381224946569640366e+01 5.551982346082415560e-09 9.283604928748581061e-07 0.000000000000000000e+00 5.551982340941211775e-09 5.141204389035242994e-18 2.183535342157846622e-07 2.462457163866366548e-07 9.406698759793162416e-07
1.537407053029052229e+01 5.551962431342345177e-09 9.692847896847253038e-07 0.000000000000000000e+00 5.551962426201139738e-09 5.141204389034062784e-18 2.279789377832662581e-07 2.571009399427671628e-07 9.821362402064509909e-07
1.711249461989307719e+01 5.551937619406039969e-09 1.004800063993091935e-06 0.000000000000000000e+00 5.551937614264834529e-09 5.141204389032581359e-18 2.363320772204958214e-07 2.665214777899390534e-07 1.018121673951212700e-06
1.904749113378321468e+01 5.551906975339354546e-09 1.034124375937011973e-06 0.000000000000000000e+00 5.551906970198150761e-09 5.141204389030754036e-18 2.432290318211828983e-07 2.742999281434038605e-07 1.047833844409841022e-06
2.120128751244688203e+01 5.551869121618294483e-09 1.055630667588999680e-06 0.000000000000000000e+00 5.551869116477089871e-09 5.141204389028497617e-18 2.482871040386842976e-07 2.800047257295948533e-07 1.069624085555328684e-06
2.359862456574094125e+01 5.551822355101587923e-09 1.067596833571446335e-06 0.000000000000000000e+00 5.551822349960382483e-09 5.141204389025711181e-18 2.511012415310756492e-07 2.831790934041701524e-07 1.081747426610758654e-06
2.626704067231091244e+01 5.551764570188521653e-09 1.068377406626264400e-06 0.000000000000000000e+00 5.551764565047316214e-09 5.141204389022269930e-18 2.512844191809597482e-07 2.833865803437854014e-07 1.082536558317820803e-06
2.923718811487309566e+01 5.551693163904226627e-09 1.056535654453905813e-06 0.000000000000000000e+00 5.551693158763020360e-09 5.141204389018014395e-18 2.484987100321534906e-07 2.802460990679316407e-07 1.070535686937683284e-06
3.254318518513449021e+01 5.551604918683659655e-09 1.031048163844187411e-06 0.000000000000000000e+00 5.551604913542452561e-09 5.141204389012751214e-18 2.425034055640106765e-07 2.734861894802800047e-07 1.044707837020983843e-06
3.622300810299908846e+01 5.551495857643554623e-09 9.916271098378099640e-07 0.000000000000000000e+00 5.551495852502350838e-09 5.141204389006253896e-18 2.332308153761203974e-07 2.630304991621497972e-07 1.004761397439063066e-06
4.031892725206589034e+01 5.551361065924227340e-09 9.389691717376710480e-07 0.000000000000000000e+00 5.551361060783021901e-09 5.141204388998225080e-18 2.208448132605275880e-07 2.490638076398452745e-07 9.514023386274014533e-07
4.487799274248540371e+01 5.551194470199781484e-09 8.750240815765321188e-07 0.000000000000000000e+00 5.551194465058575217e-09 5.141204388988296526e-18 2.058039985113949248e-07 2.321032606512333810e-07 8.866063123322073130e-07
4.995257487887015913e+01 5.550988566634186906e-09 8.034487609471636366e-07 0.000000000000000000e+00 5.550988561492981466e-09 5.141204388976026041e-18 1.889685040197297303e-07 2.131188358334538720e-07 8.140787822768666651e-07
5.560096574165519456e+01 5.550734085327247767e-09 7.287115245047492505e-07 0.000000000000000000e+00 5.550734080186042328e-09 5.141204388960854335e-18 1.713892968216529173e-07 1.932957399339351846e-07 7.383473281732298175e-07
6.188804879230252709e+01 5.550419407705087073e-09 6.567453172078306053e-07 0.000000000000000000e+00 5.550419402563882460e-09 5.141204388942098859e-18 1.544618036282391460e-07 1.742076978526242183e-07 6.654234665097249577e-07
6.888604419417499969e+01 5.550027072354934493e-09 5.939103964273458661e-07 0.000000000000000000e+00 5.550027067213729054e-09 5.141204388918711136e-18 1.396819205593899756e-07 1.575418163778800487e-07 6.017515372996223032e-07
7.667533841060405564e+01 5.549541336506317091e-09 5.422208646147072201e-07 0.000000000000000000e+00 5.549541331365111652e-09 5.141204388889755164e-18 1.275232832110099534e-07 1.438324256492704677e-07 5.493719688733315672e-07
8.534540760983165342e+01 5.548939997518638146e-09 5.011465821218515657e-07 0.000000000000000000e+00 5.548939992377434361e-09 5.141204388853889727e-18 1.178611235213561858e-07 1.329389894442720465e-07 5.077472587920326990e-07
9.499584548401358575e+01 5.548195594816362443e-09 4.657790816491532203e-07 0.000000000000000000e+00 5.548195589675157003e-09 5.141204388809493190e-18 1.095409637439258098e-07 1.235595358570016879e-07 4.719039018522314530e-07
1.057375072889466310e+02 5.547274173502684082e-09 4.279643960730144390e-07 0.000000000000000000e+00 5.547274168361479470e-09 5.141204388754522527e-18 1.006451521411111042e-07 1.135310411749633398e-07 4.335806293336126090e-07
1.176937832461472624e+02 5.546133761091585541e-09 3.806881298907347043e-07 0.000000000000000000e+00 5.546133755950380101e-09 5.141204388686466325e-18 8.952423730542864674e-08 1.009925709951810066e-07 3.856715830393587724e-07
1.310020159349736844e+02 5.544722492567999154e-09 3.242223379399857420e-07 0.000000000000000000e+00 5.544722487426793714e-09 5.141204388602209202e-18 7.624248930018670544e-08 8.601598798149749525e-08 3.284536392412395080e-07
1.458150779564580262e+02 5.542976305210136345e-09 2.681466930604671380e-07 0.000000000000000000e+00 5.542976300068930905e-09 5.141204388497903147e-18 6.305290653958351111e-08 7.114246454859410173e-08 2.716327445202296953e-07
1.623031279915676635e+02 5.540816108332435051e-09 2.247086638287723189e-07 0.000000000000000000e+00 5.540816103191229611e-09 5.141204388368788033e-18 5.283544468509163525e-08 5.962134995817467844e-08 2.276157854634090577e-07
1.806555654259147161e+02 5.538144314104102140e-09 1.973873383618158949e-07 0.000000000000000000e+00 5.538144308962897527e-09 5.141204388208975907e-18 4.640782816781478870e-08 5.237606950080468720e-08 1.999255295952613489e-07
2.010832059937378347e+02 5.534840593754214041e-09 1.760352399181128497e-07 0.000000000000000000e+00 5.534840588613010255e-09 5.141204388011191376e-18 4.138385797722575526e-08 4.671447155986992358e-08 1.782822004269096533e-07
2.238207034330328042e+02 5.530756698894466721e-09 1.481493089160742232e-07 0.000000000000000000e+00 5.530756693753261281e-09 5.141204387766406450e-18 3.482417192464766769e-08 3.931865843474008343e-08 1.500229872765331742e-07
2.491292449694543905e+02 5.525710160853731691e-09 1.177092912138623946e-07 0.000000000000000000e+00 5.525710155712526252e-09 5.141204387463501581e-18 2.766483161044557969e-08 3.124423686610022222e-08 1.191804557386701382e-07
2.772995515922919481e+02 5.519476652912657017e-09 9.892494318320764048e-08 0.000000000000000000e+00 5.519476647771451578e-09 5.141204387088711762e-18 2.324578898456744094e-08 2.626268553597607900e-08 1.001431624163456689e-07
3.086552175868076802e+02 5.511780773193024784e-09 8.577856042403049893e-08 0.000000000000000000e+00 5.511780768051817690e-09 5.141204386625007150e-18 2.015210117878617884e-08 2.277735192363251445e-08 8.681551496133776566e-08
3.435564276845046834e+02 5.502253614215945869e-09 6.765765062624658034e-08 0.000000000000000000e+00 5.502253609074741256e-09 5.141204386049406779e-18 1.589053633331143602e-08 1.797025302617151749e-08 6.845663797284362003e-08
3.824040945302937757e+02 5.490442460242159723e-09 5.648979749321655474e-08 0.000000000000000000e+00 5.490442455100952629e-09 5.141204385333330618e-18 1.326308046419271305e-08 1.500879235565566686e-08 5.713752378757678176e-08
4.256444639942141634e+02 5.475869177895307277e-09 4.620938473310052120e-08 0.000000000000000000e+00 5.475869172754101838e-09 5.141204384446066248e-18 1.084484871153911519e-08 1.228219831505866994e-08 4.671974982743601303e-08
4.737742412289155709e+02 5.457907106324039936e-09 3.757410213457892623e-08 0.000000000000000000e+00 5.457907101182835324e-09 5.141204383346780873e-18 8.813684763182585488e-09 9.991837337076730316e-09 3.796946902132815859e-08
5.273462963565856398e+02 5.435797135895704195e-09 3.036008632207665109e-08 0.000000000000000000e+00 5.435797130754499582e-09 5.141204381984941943e-18 7.116961809955962762e-09 8.078301998820044979e-09 3.065996438832474914e-08
5.869760153267689020e+02 5.408624658001117180e-09 2.454384288638204533e-08 0.000000000000000000e+00 5.408624652859911741e-09 5.141204380297955193e-18 5.748971708200591639e-09 6.535554540784104559e-09 2.476664517102519863e-08
6.533483688978308237e+02 5.375295079237036976e-09 1.970616997372455738e-08 0.000000000000000000e+00 5.375295074095833191e-09 5.141204378208387456e-18 4.611333190690694552e-09 5.252172508800552423e-09 1.986568358586589778e-08
7.272257809440862957e+02 5.334509331193177976e-09 1.571842381226846322e-08 0.000000000000000000e+00 5.334509326051975018e-09 5.141204375620401374e-18 3.673735379236194521e-09 4.194090594763790514e-09 1.582649997389931117e-08
8.094568864722074295e+02 5.284741798275642180e-09 1.251362995555064901e-08 0.000000000000000000e+00 5.284741793134436740e-09 5.141204372415397413e-18 2.920337483766996445e-09 3.343638164184541611e-09 1.258085200470396217e-08
9.009862799510120794e+02 5.224224452412975751e-09 9.924180201162009688e-09 0.000000000000000000e+00 5.224224447271770312e-09 5.141204368446648214e-18 2.311758203021575936e-09 2.656314527946331829e-09 9.959084518327310289e-09
1.002865365934268880e+03 5.150942760445564032e-09 7.836177267567320302e-09 0.000000000000000000e+00 5.150942755304360247e-09 5.141204363532647205e-18 1.821215167180701949e-09 2.101901964334656774e-09 7.845818715947659744e-09
1.116264436618460877e+03 5.062651072371215483e-09 6.163150434563652027e-09 0.000000000000000000e+00 5.062651067230010043e-09 5.141204357448873326e-18 1.428357299522348056e-09 1.657478413052610063e-09 6.153381893365797133e-09
1.242486115071199492e+03 4.956917505721865871e-09 4.828653017313475858e-09 0.000000000000000000e+00 4.956917500580662086e-09 5.141204349917641375e-18 1.115198706660939334e-09 1.302772668742368393e-09 4.804290587073108777e-09
1.382980318553656389e+03 4.831210354168290922e-09 3.768249290520690789e-09 0.000000000000000000e+00 4.831210349027085483e-09 5.141204340595585006e-18 8.665809875415486869e-10 1.020696719203589131e-09 3.733242207433957884e-09
1.539360913821697523e+03 4.683038930933108516e-09 2.929447948529941460e-09 0.000000000000000000e+00 4.683038925791903903e-09 5.141204329058139896e-18 6.701515283157405369e-10 7.973345300195576440e-10 2.887021532727481055e-09
1.713424255726343517e+03 4.510160195566967175e-09 2.268446356172612844e-09 0.000000000000000000e+00 4.510160190425763390e-09 5.141204314780422342e-18 5.156042698504533496e-10 6.210714073689809196e-10 2.221229925664150518e-09
1.907169822067742189e+03 4.310856700451472204e-09 1.749526433308689441e-09 0.000000000000000000e+00 4.310856695310268419e-09 5.141204297113662044e-18 3.945343305399103359e-10 4.824371900818866770e-10 1.699659046561617825e-09
2.122823181736748211e+03 4.084246295871632029e-09 1.352122197895324708e-09 0.000000000000000000e+00 4.084246290730428244e-09 5.141204275078472778e-18 3.020948151868075564e-10 3.759864802869213950e-10 1.301428407634292681e-09
2.362861559980607581e+03 3.831495237304345507e-09 1.040775612230098044e-09 0.000000000000000000e+00 3.831495232163141722e-09 5.141204247767816268e-18 2.299426977486883415e-10 2.923165209951727613e-10 9.905961437741265659e-10
2.630042294462951304e+03 3.554956150253595283e-09 7.976822262974080435e-10 0.000000000000000000e+00 3.554956145112391084e-09 5.141204213925994665e-18 1.738832550180651818e-10 2.267106874576482987e-10 7.490913326416822209e-10
2.927434508994474982e+03 3.258761767397929934e-09 6.086595802682839711e-10 0.000000000000000000e+00 3.258761762256724908e-09 5.141204171994858998e-18 1.305716487966292550e-10 1.754146146320541403e-10 5.625043676122059519e-10
3.258454368773508122e+03 2.948775178570114355e-09 4.623161093616694287e-10 0.000000000000000000e+00 2.948775173428909743e-09 5.141204120045533420e-18 9.731710037680973266e-11 1.354161406258782527e-10 4.192433388857083382e-10
3.626904322114499791e+03 2.632266924926444517e-09 3.495344616080971651e-10 0.000000000000000000e+00 2.632266919785240318e-09 5.141204055690481098e-18 7.196113656077468795e-11 1.043086309903845078e-10 3.100095157473352029e-10
4.037016779438275080e+03 2.317335320257200251e-09 2.630400645449020121e-10 0.000000000000000000e+00 2.317335315115995639e-09 5.141203975974778534e-18 5.277627198659742921e-11 8.017664241277247173e-11 2.273608687058039689e-10
4.493502731267226409e+03 2.012144733835928723e-09 1.970463354767158110e-10 0.000000000000000000e+00 2.012144728694724937e-09 5.141203877241713386e-18 3.838315211717717573e-11 6.150159151132817258e-11 1.653551204079857298e-10
5.001605863702974602e+03 1.724107107914873205e-09 1.469634428474507369e-10 0.000000000000000000e+00 1.724107102773669212e-09 5.141203754966635266e-18 2.768320511888343512e-11 4.708375921965719040e-11 1.192596090528842262e-10
5.567162793016338583e+03 1.459156384462001192e-09 1.091611185954332332e-10 0.000000000000000000e+00 1.459156379320797614e-09 5.141203603551651605e-18 1.980449891338121802e-11 3.597807166545755454e-11 8.531803986406968321e-11
6.196670111266974345e+03 1.221257380883580156e-09 8.077894378975065917e-11 0.000000000000000000e+00 1.221257375742376784e-09 5.141203416071939539e-18 1.405889951542462178e-11 2.744216826999256502e-11 6.056592264960067936e-11
6.897359013111165041e+03 1.012245631704437982e-09 5.957573952093864465e-11 0.000000000000000000e+00 1.012245626563234817e-09 5.141203183962290797e-18 9.908130240087183309e-12 2.089490326353003497e-11 4.268435442368014660e-11
7.677278361042189317e+03 8.320146391361090031e-10 4.380800629808487446e-11 0.000000000000000000e+00 8.320146339949060449e-10 5.141202896629945854e-18 6.936069961890560878e-12 1.588290111710287231e-11 2.988067994533885445e-11
8.545387143236317570e+03 6.789699431039579478e-10 3.213003840332085164e-11 0.000000000000000000e+00 6.789699379627554033e-10 5.141202540976430211e-18 4.825397996782883434e-12 1.205344779742342574e-11 2.078787756509996668e-11
9.511657386079081334e+03 5.505948168110444353e-10 2.351187744730633270e-11 0.000000000000000000e+00 5.505948116698423043e-10 5.141202100807047322e-18 3.337656701147236351e-12 9.132884317699354228e-12 1.437866864122752523e-11
1.058718870352829254e+04 4.439644118707990655e-10 1.717154209871530344e-11 0.000000000000000000e+00 4.439644067295975549e-10 5.141201556101833992e-18 2.296162435336750210e-12 6.909415781597481738e-12 9.891897747540311604e-12
1.178433579916051713e+04 3.567738742935989177e-10 1.256459322040387526e-11 0.000000000000000000e+00 3.567738691523980275e-10 5.141200879891376913e-18 1.579375822020929920e-12 5.234769484393356830e-12 6.803971659817360263e-12
1.311685038551288017e+04 2.861271099519021072e-10 9.227364607711934707e-12 0.000000000000000000e+00 2.861271048107020442e-10 5.141200038565033096e-18 1.088944808426802674e-12 3.976976768113420134e-12 4.691188450739133376e-12
1.460003915097147365e+04 2.284352212463750627e-10 6.766152583811923637e-12 0.000000000000000000e+00 2.284352161051760337e-10 5.141198995965618716e-18 7.472858121890238575e-13 3.016702735443362248e-12 3.219317034631885688e-12
1.625093958876844590e+04 1.815834196732011976e-10 4.954815724855548780e-12 0.000000000000000000e+00 1.815834145320035127e-10 5.141197704058055115e-18 5.105254349746683175e-13 2.284890606494277701e-12 2.199350238715723714e-12
1.808851570786662342e+04 1.437354331101959217e-10 3.624094623925351428e-12 0.000000000000000000e+00 1.437354279689998136e-10 5.141196103374195459e-18 3.472677925707420890e-13 1.728082371243321283e-12 1.496034183931777938e-12
2.013387587385212828e+04 1.133155352480820934e-10 2.647802501542430840e-12 0.000000000000000000e+00 1.133155301068879628e-10 5.141194120299845025e-18 2.352106381589221390e-13 1.305000392889558708e-12 1.013290499833708326e-12
2.241051528221264743e+04 8.898503313423196483e-11 1.932618666673166109e-12 0.000000000000000000e+00 8.898502799304030286e-11 5.141191663720117879e-18 1.586540674221061838e-13 9.840667498249479112e-13 6.834837936631767325e-13
2.494458584929090648e+04 6.961640667363656272e-11 7.666320250468898857e-13 0.000000000000000000e+00 6.961640153244793805e-11 5.141188620872098504e-18 6.032535938055676488e-14 3.968534322317123115e-13 2.598824357513598678e-13
2.776519662118276028e+04 5.426731238485194150e-11 0.000000000000000000e+00 0.000000000000000000e+00 5.426730724366709084e-11 5.141184852218168050e-18 0.000000000000000000e+00 0.000000000000000000e+00 0.000000000000000000e+00
3.090474815138586200e+04 4.215623393979718461e-11 0.000000000000000000e+00 0.000000000000000000e+00 4.215622879861699977e-11 5.141180185109687115e-18 0.000000000000000000e+00 0.000000000000000000e+00 0.000000000000000000e+00
3.439930468822552211e+04 3.264010588811371470e-11 0.000000000000000000e+00 0.000000000000000000e+00 3.264010074693931365e-11 5.141174405956901836e-18 0.000000000000000000e+00 0.000000000000000000e+00 0.000000000000000000e+00
3.828900844740607135e+04 2.519326991767088140e-11 0.000000000000000000e+00 0.000000000000000000e+00 2.519326477650363094e-11 5.141167250554368383e-18 0.000000000000000000e+00 0.000000000000000000e+00 0.000000000000000000e+00
4.261854072845193878e+04 1.938796807340661864e-11 0.000000000000000000e+00 0.000000000000000000e+00 1.938796293224822807e-11 5.141158392129407492e-18 0.000000000000000000e+00 0.000000000000000000e+00 0.000000000000000000e+00
4.743763517192281142e+04 1.487790822880886758e-11 0.000000000000000000e+00 0.000000000000000000e+00 1.487790308766144361e-11 5.141147426580228921e-18 0.000000000000000000e+00 0.000000000000000000e+00 0.000000000000000000e+00
