1.000000000000000021e-03
1.009900000000000103e-01
2.009800000000000197e-01
3.009700000000000153e-01
4.009600000000000386e-01
5.009500000000000064e-01
6.009400000000000297e-01
7.009300000000000530e-01
8.009200000000000763e-01
9.009100000000000996e-01
1.000900000000000123e+00
1.100889999999999924e+00
1.200879999999999947e+00
1.300869999999999971e+00
1.400859999999999994e+00
1.500850000000000017e+00
1.600840000000000041e+00
1.700830000000000064e+00
1.800820000000000087e+00
1.900810000000000111e+00
2.000800000000000356e+00
2.100789999999999935e+00
2.200779999999999959e+00
2.300769999999999982e+00
2.400760000000000005e+00
2.500750000000000028e+00
2.600740000000000052e+00
2.700730000000000075e+00
2.800720000000000098e+00
2.900710000000000122e+00
3.000700000000000145e+00
3.100690000000000168e+00
3.200680000000000192e+00
3.300670000000000215e+00
3.400660000000000238e+00
3.500650000000000261e+00
3.600640000000000285e+00
3.700630000000000308e+00
3.800620000000000331e+00
3.900610000000000355e+00
4.000600000000000378e+00
4.100590000000000401e+00
4.200580000000000425e+00
4.300570000000000448e+00
4.400560000000000471e+00
4.500550000000000495e+00
4.600540000000000518e+00
4.700530000000000541e+00
4.800520000000000564e+00
4.900510000000000588e+00
5.000500000000000611e+00
5.100490000000000634e+00
5.200480000000000658e+00
5.300470000000000681e+00
5.400460000000000704e+00
5.500450000000000728e+00
5.600440000000000751e+00
5.700430000000000774e+00
5.800420000000000798e+00
5.900410000000000821e+00
6.000400000000000844e+00
6.100390000000000867e+00
6.200380000000000891e+00
6.300370000000000914e+00
6.400360000000000937e+00
6.500350000000000961e+00
6.600340000000000984e+00
6.700330000000001007e+00
6.800320000000001031e+00
6.900310000000001054e+00
7.000300000000001077e+00
7.100290000000001100e+00
7.200280000000001124e+00
7.300270000000001147e+00
7.400260000000001170e+00
7.500250000000001194e+00
7.600240000000001217e+00
7.700230000000001240e+00
7.800220000000001264e+00
7.900210000000001287e+00
8.000200000000001310e+00
8.100189999999999557e+00
8.200179999999999580e+00
8.300169999999999604e+00
8.400159999999999627e+00
8.500149999999999650e+00
8.600139999999999674e+00
8.700129999999999697e+00
8.800119999999999720e+00
8.900109999999999744e+00
9.000099999999999767e+00
9.100089999999999790e+00
9.200079999999999814e+00
9.300069999999999837e+00
9.400059999999999860e+00
9.500049999999999883e+00
9.600039999999999907e+00
9.700029999999999930e+00
9.800019999999999953e+00
9.900009999999999977e+00
1.000000000000000000e+01
