1.059796855466342081e-03
1.187756941142832819e-03
1.331166953323478699e-03
1.491892319244708881e-03
1.672023698202828148e-03
1.873904176118545767e-03
2.100159743578344177e-03
2.353733453800683443e-03
2.637923704842165453e-03
2.956427144004596629e-03
3.313386752529454311e-03
3.713445736046989531e-03
4.161807921770284240e-03
4.664305448057425030e-03
5.227474626826159737e-03
5.858640965610964479e-03
6.566014455200521599e-03
7.358796362324411706e-03
8.247298916509073624e-03
9.243079447950358629e-03
1.035909072121810395e-02
1.160984942028422083e-02
1.301162497646568723e-02
1.458265119549144104e-02
1.634336343646545370e-02
1.831666442786306429e-02
2.052822217820694795e-02
2.300680385653559867e-02
2.578464998566825164e-02
2.889789381564016046e-02
3.238703133236896931e-02
3.629744801526561815e-02
4.068000919565985252e-02
4.559172169522760637e-02
5.109647535076874275e-02
5.726587407084068188e-02
6.418016723433475623e-02
7.192929354630353544e-02
8.061405092915438497e-02
9.034740766673698964e-02
1.012559718562363043e-01
1.134816382819749531e-01
1.271834341331044282e-01
1.425395875736046869e-01
1.597498460718545232e-01
1.790380746457767847e-01
2.006551678206227041e-01
2.248823131771329475e-01
2.520346489411482982e-01
2.824653631913420226e-01
3.165702880061053159e-01
3.547930483086567666e-01
3.976308323847548287e-01
4.456408591338652525e-01
4.994476261775513404e-01
5.597510331059201150e-01
6.273354855264862140e-01
7.030800983377225588e-01
7.879701309479187898e-01
8.831098031846638108e-01
9.897366585998199628e-01
1.109237662002831026e+00
1.243167240613441749e+00
1.393267503506831817e+00
1.561490902358621424e+00
1.750025628252790622e+00
1.961324074905303805e+00
2.198134738543089828e+00
2.463537969380801051e+00
2.760986039738130060e+00
3.094348049989596117e+00
3.467960256467865321e+00
3.886682475968107120e+00
4.355961300543699011e+00
4.881900944868943881e+00
5.471342647726835651e+00
6.131953660448150600e+00
6.872326979832900307e+00
7.702093122844537731e+00
8.632045397003478726e+00
9.674280295952819131e+00
1.084235484641342495e+01
1.215146295324140446e+01
1.361863303642416767e+01
1.526294953080596173e+01
1.710580112973648070e+01
1.917115900170597698e+01
2.148588859891371428e+01
2.408009911366610822e+01
2.698753512820949041e+01
3.024601555244434792e+01
3.389792555906507232e+01
3.799076791505083150e+01
4.257778088102693914e+01
4.771863071592579786e+01
5.348018779479368590e+01
5.993739643522181382e+01
6.717424974679484251e+01
7.528488218405576049e+01
8.437479401454277195e+01
9.456222362932855674e+01
