1.056032981064548126e+00 0.000000000000000000e+00 0.000000000000000000e+00 0.000000000000000000e+00 0.000000000000000000e+00 0.000000000000000000e+00 0.000000000000000000e+00 0.000000000000000000e+00 0.000000000000000000e+00
1.175443983510534363e+00 2.193709771418120382e-09 7.115239992445799783e-08 0.000000000000000000e+00 2.193709769386749258e-09 2.031371037030645571e-18 1.673532676801472789e-08 1.887298441042777428e-08 7.209600619417746691e-08
1.308357393325258133e+00 2.193709694636862182e-09 7.635126496663252837e-08 0.000000000000000000e+00 2.193709692605490645e-09 2.031371037030642489e-18 1.795812035504415619e-08 2.025196960844367295e-08 7.736381693051553318e-08
1.456299996156748877e+00 2.193709599833846446e-09 8.204975226401820812e-08 0.000000000000000000e+00 2.193709597802474910e-09 2.031371037030637096e-18 1.929842703294253964e-08 2.176347832653132150e-08 8.313787559643561235e-08
1.620971219045888478e+00 2.193709487081655379e-09 8.832511701377767185e-08 0.000000000000000000e+00 2.193709485050284255e-09 2.031371037030630163e-18 2.077441753102914985e-08 2.342800229934680077e-08 8.949646193106162080e-08
1.804262651863866251e+00 2.193709352751671384e-09 9.522802203398302589e-08 0.000000000000000000e+00 2.193709350720300260e-09 2.031371037030620533e-18 2.239800793252364384e-08 2.525897971771527376e-08 9.649091057646680575e-08
2.008279776137516404e+00 2.193709186843514120e-09 1.027610358322529344e-07 0.000000000000000000e+00 2.193709184812142997e-09 2.031371037030610133e-18 2.416980231720462771e-08 2.725709191752878271e-08 1.041238239162236339e-07
2.235366150863083323e+00 2.193708985488257205e-09 1.109953390223807093e-07 0.000000000000000000e+00 2.193708983456885668e-09 2.031371037030597037e-18 2.610654262804219359e-08 2.944121938789032648e-08 1.124673264592111850e-07
2.488130333132567262e+00 2.193708742689445866e-09 1.199939041280503430e-07 0.000000000000000000e+00 2.193708740658074743e-09 2.031371037030583170e-18 2.822304022347745398e-08 3.182806545361826076e-08 1.215852257309541315e-07
2.769475842811750965e+00 2.193708449496409329e-09 1.298070079086674497e-07 0.000000000000000000e+00 2.193708447465038620e-09 2.031371037030566222e-18 3.053112035152512091e-08 3.443096593920464844e-08 1.315284650542770285e-07
3.082634515476230241e+00 2.193708091003904687e-09 1.404492576462458733e-07 0.000000000000000000e+00 2.193708088972533564e-09 2.031371037030544652e-18 3.303421861925265199e-08 3.725379547606367271e-08 1.423118450692779026e-07
3.431203626733101864e+00 2.193707647768307179e-09 1.519166652610308833e-07 0.000000000000000000e+00 2.193707645736936056e-09 2.031371037030520000e-18 3.573139689141170126e-08 4.029549636736191199e-08 1.539313242770596210e-07
3.819187214377767425e+00 2.193707107892479059e-09 1.642918837422464472e-07 0.000000000000000000e+00 2.193707105861107936e-09 2.031371037030487644e-18 3.864209539801937574e-08 4.357799218416560812e-08 1.664706514423255947e-07
4.251042073056519932e+00 2.193706449616607961e-09 1.775970041241451854e-07 0.000000000000000000e+00 2.193706447585236424e-09 2.031371037030447970e-18 4.177150988881193822e-08 4.710714267283218953e-08 1.799522099227695903e-07
4.731728949778890581e+00 2.193705646204890930e-09 1.918419824201840532e-07 0.000000000000000000e+00 2.193705644173519807e-09 2.031371037030400592e-18 4.512198186432388994e-08 5.088558884470046753e-08 1.943860869332620646e-07
5.266769528365972342e+00 2.193704664801563902e-09 2.070211544536954245e-07 0.000000000000000000e+00 2.193704662770192779e-09 2.031371037030343200e-18 4.869217883793040763e-08 5.491182855728227948e-08 2.097665421040279357e-07
5.862309857419115922e+00 2.193703459348935332e-09 2.230674467301945177e-07 0.000000000000000000e+00 2.193703457317564209e-09 2.031371037030270014e-18 5.246632448641519359e-08 5.916807113914805493e-08 2.260256108286935489e-07
6.525190950410857837e+00 2.193701961262438530e-09 2.398084531868826009e-07 0.000000000000000000e+00 2.193701959231066993e-09 2.031371037030178725e-18 5.640386762672011507e-08 6.360858697150440352e-08 2.429885980812537303e-07
7.263027368885755841e+00 2.193700121342098580e-09 2.572651743484283168e-07 0.000000000000000000e+00 2.193700119310727457e-09 2.031371037030069332e-18 6.050974722649615940e-08 6.823894685381267419e-08 2.606767809988268050e-07
8.084294691462201143e+00 2.193697860298742858e-09 2.753117150088540046e-07 0.000000000000000000e+00 2.193697858267371321e-09 2.031371037029936828e-18 6.475435151981181268e-08 7.302575817649559730e-08 2.789625917072017108e-07
8.998426873397548320e+00 2.193695080327010125e-09 2.937822926546150438e-07 0.000000000000000000e+00 2.193695078295639002e-09 2.031371037029771584e-18 6.909868690523570586e-08 7.792504852177962107e-08 2.976780452623557548e-07
1.001592461509324039e+01 2.193691660775817300e-09 3.124668357187212714e-07 0.000000000000000000e+00 2.193691658744446177e-09 2.031371037029566665e-18 7.349334260119028154e-08 8.288109815114977129e-08 3.166102793722011866e-07
1.114847598437533449e+01 2.193687452808462759e-09 3.310990135583174393e-07 0.000000000000000000e+00 2.193687450777092050e-09 2.031371037029315523e-18 7.787567521347924989e-08 8.782326502673102318e-08 3.354894254767389159e-07
1.240909067814867583e+01 2.193682272817575894e-09 3.493453459558667713e-07 0.000000000000000000e+00 2.193682270786204357e-09 2.031371037029006989e-18 8.216724721292438263e-08 9.266309617143664104e-08 3.539775736762771215e-07
1.381224946569640366e+01 2.193675894305853017e-09 3.668098901435602377e-07 0.000000000000000000e+00 2.193675892274481894e-09 2.031371037028626811e-18 8.627492931126561985e-08 9.729557092244794512e-08 3.716735217812003882e-07
1.537407053029052229e+01 2.193668025677584302e-09 3.829797260340814469e-07 0.000000000000000000e+00 2.193668023646213178e-09 2.031371037028159965e-18 9.007807825208477337e-08 1.015846411604301189e-07 3.880575370678767812e-07
1.711249461989307719e+01 2.193658222089753927e-09 3.970123717223189437e-07 0.000000000000000000e+00 2.193658220058382804e-09 2.031371037027574868e-18 9.337853554517323429e-08 1.053068444201935579e-07 4.022759501735535030e-07
1.904749113378321468e+01 2.193646114135117251e-09 4.085988704210898531e-07 0.000000000000000000e+00 2.193646112103746128e-09 2.031371037026853029e-18 9.610363121524953092e-08 1.083802329815766561e-07 4.140156978960207858e-07
2.120128751244688203e+01 2.193631157532192049e-09 4.170963458509542587e-07 0.000000000000000000e+00 2.193631155500820513e-09 2.031371037025961709e-18 9.810215541859467655e-08 1.106342885903002478e-07 4.226253662545120049e-07
2.359862456574094125e+01 2.193612679342967320e-09 4.218243669840687003e-07 0.000000000000000000e+00 2.193612677311595783e-09 2.031371037024860077e-18 9.921406557887774978e-08 1.118885313838302235e-07 4.274154897408576781e-07
2.626704067231091244e+01 2.193589847611354293e-09 4.221327837237773375e-07 0.000000000000000000e+00 2.193589845579983170e-09 2.031371037023500370e-18 9.928644196083976937e-08 1.119705127500243223e-07 4.277272881392145120e-07
2.923718811487309566e+01 2.193561633860877963e-09 4.174539204516028170e-07 0.000000000000000000e+00 2.193561631829506013e-09 2.031371037021818648e-18 9.818576428800898389e-08 1.107296590077171650e-07 4.229855543554519467e-07
3.254318518513449021e+01 2.193526766780783308e-09 4.073834104478491568e-07 0.000000000000000000e+00 2.193526764749411357e-09 2.031371037019739414e-18 9.581692482293589808e-08 1.080587119863200366e-07 4.127805630150179986e-07
3.622300810299908846e+01 2.193483675041694133e-09 3.918075295261565337e-07 0.000000000000000000e+00 2.193483673010323010e-09 2.031371037017172535e-18 9.215317801954324895e-08 1.039275036395583278e-07 3.969970939562523511e-07
4.031892725206589034e+01 2.193430416704939837e-09 3.710015466801135344e-07 0.000000000000000000e+00 2.193430414673568713e-09 2.031371037014000143e-18 8.725927300074047724e-08 9.840904327606231971e-08 3.759140872459402365e-07
4.487799274248540371e+01 2.193364592103557457e-09 3.457358318233857350e-07 0.000000000000000000e+00 2.193364590072185920e-09 2.031371037010077409e-18 8.131640958922871535e-08 9.170766334292675287e-08 3.503121540858188337e-07
4.995257487887015913e+01 2.193283236353441745e-09 3.174552924224185666e-07 0.000000000000000000e+00 2.193283234322070621e-09 2.031371037005228688e-18 7.466443987229606595e-08 8.420661732115569970e-08 3.216553817046514301e-07
5.560096574165519456e+01 2.193182686770646211e-09 2.879254301550345088e-07 0.000000000000000000e+00 2.193182684739275501e-09 2.031371036999234424e-18 6.771861752135869141e-08 7.637419911183421009e-08 2.917326883399826557e-07
6.188804879230252709e+01 2.193058352673169564e-09 2.594904452593666525e-07 0.000000000000000000e+00 2.193058350641798027e-09 2.031371036991823445e-18 6.103029766464656051e-08 6.883221227305869143e-08 2.629193190820987139e-07
6.888604419417499969e+01 2.192903334781096385e-09 2.346633758552231458e-07 0.000000000000000000e+00 2.192903332749725676e-09 2.031371036982582833e-18 5.519053248029371815e-08 6.224725933741007013e-08 2.377615344305123161e-07
7.667533841060405564e+01 2.192711412877226832e-09 2.142400256251290319e-07 0.000000000000000000e+00 2.192711410845855295e-09 2.031371036971142039e-18 5.038646287125247832e-08 5.683046258044779808e-08 2.170655398382427188e-07
8.534540760983165342e+01 2.192473814347665635e-09 1.980109280228887780e-07 0.000000000000000000e+00 2.192473812316294512e-09 2.031371036956970661e-18 4.656879100616031298e-08 5.252629392149563423e-08 2.006189596042032803e-07
9.499584548401358575e+01 2.192179689085399877e-09 1.840366701105677000e-07 0.000000000000000000e+00 2.192179687054028754e-09 2.031371036939428906e-18 4.328136449742854128e-08 4.882032370156615932e-08 1.864566832876503787e-07
1.057375072889466310e+02 2.191815620974531171e-09 1.690954907212520457e-07 0.000000000000000000e+00 2.191815618943159634e-09 2.031371036917709424e-18 3.976648886257520468e-08 4.485790709631794007e-08 1.713145531664462777e-07
1.176937832461472624e+02 2.191365026023060827e-09 1.504158914300127829e-07 0.000000000000000000e+00 2.191365023991689703e-09 2.031371036890819205e-18 3.537243980460603143e-08 3.990375953778515935e-08 1.523849324609615131e-07
1.310020159349736844e+02 2.190807411544555116e-09 1.281053653991346519e-07 0.000000000000000000e+00 2.190807409513183579e-09 2.031371036857527965e-18 3.012461144039969828e-08 3.398627509920976200e-08 1.297772193582263915e-07
1.458150779564580262e+02 2.190117465346043627e-09 1.059489926367725712e-07 0.000000000000000000e+00 2.190117463314671676e-09 2.031371036816314990e-18 2.491319901969857180e-08 2.810951112837759516e-08 1.073263866155173112e-07
1.623031279915676635e+02 2.189263937448766253e-09 8.878594137293715466e-08 0.000000000000000000e+00 2.189263935417395130e-09 2.031371036765299802e-18 2.087611850070088090e-08 2.355733682790056245e-08 8.993459103610071921e-08
1.806555654259147161e+02 2.188208269359804580e-09 7.799085425965813508e-08 0.000000000000000000e+00 2.188208267328433457e-09 2.031371036702155878e-18 1.833646571852990858e-08 2.069461211155977440e-08 7.899373369566292856e-08
2.010832059937378347e+02 2.186902917281696889e-09 6.955430300119675428e-08 0.000000000000000000e+00 2.186902915250325765e-09 2.031371036624007804e-18 1.635141576451070140e-08 1.845762536482708784e-08 7.044211257917260718e-08
2.238207034330328042e+02 2.185289305935286206e-09 5.853613132552257114e-08 0.000000000000000000e+00 2.185289303903915083e-09 2.031371036527289143e-18 1.375958022347937840e-08 1.553542281444683737e-08 5.927645123232516527e-08
2.491292449694543905e+02 2.183295339067313763e-09 4.650879966393980940e-08 0.000000000000000000e+00 2.183295337035942640e-09 2.031371036407606463e-18 1.093081181475431468e-08 1.234509135237240780e-08 4.709007999832451506e-08
2.772995515922919481e+02 2.180832381648699649e-09 3.908680714010278242e-08 0.000000000000000000e+00 2.180832379617327698e-09 2.031371036259520939e-18 9.184778293747328179e-09 1.037680175994394483e-08 3.956814479558007671e-08
3.086552175868076802e+02 2.177791618048586598e-09 3.389246372212086819e-08 0.000000000000000000e+00 2.177791616017215062e-09 2.031371036076304142e-18 7.962413390364836297e-09 8.999691414049747492e-09 3.430218083398941032e-08
3.435564276845046834e+02 2.174027287096781248e-09 2.673260612020707646e-08 0.000000000000000000e+00 2.174027285065410125e-09 2.031371035848875697e-18 6.278601827070572426e-09 7.100330732482499476e-09 2.704829863737115745e-08
3.824040945302937757e+02 2.169360513656027507e-09 2.232001099976999504e-08 0.000000000000000000e+00 2.169360511624655556e-09 2.031371035565941951e-18 5.240452523965310389e-09 5.930210858194801607e-09 2.257593788668611265e-08
4.256444639942141634e+02 2.163602379679294330e-09 1.825805758392495142e-08 0.000000000000000000e+00 2.163602377647922793e-09 2.031371035215370316e-18 4.284970973058655328e-09 4.852890498083044017e-09 1.845971089168968367e-08
4.737742412289155709e+02 2.156505281568834571e-09 1.484612107258821218e-08 0.000000000000000000e+00 2.156505279537463034e-09 2.031371034781024966e-18 3.482426023679114481e-09 3.947932709410860367e-09 1.500233677264002096e-08
5.273462963565856398e+02 2.147769283121959146e-09 1.199574951112349134e-08 0.000000000000000000e+00 2.147769281090588023e-09 2.031371034242940939e-18 2.812023992513608905e-09 3.191864681313102839e-09 1.211423607036546970e-08
5.869760153267689020e+02 2.137033008034922419e-09 9.697659887459453215e-09 0.000000000000000000e+00 2.137033006003551296e-09 2.031371033576386215e-18 2.271509501867348645e-09 2.582300799669442407e-09 9.785692588313202235e-09
6.533483688978308237e+02 2.123863965169769646e-09 7.786218929704727139e-09 0.000000000000000000e+00 2.123863963138398110e-09 2.031371032750764700e-18 1.822010559556002959e-09 2.075216293405814441e-09 7.849245276684202286e-09
7.272257809440862957e+02 2.107748872084472000e-09 6.210597452239194515e-09 0.000000000000000000e+00 2.107748870053101291e-09 2.031371031728210685e-18 1.451550858978430416e-09 1.657151421376592867e-09 6.253300050291579843e-09
8.094568864722074295e+02 2.088084933967431115e-09 4.944332793695737766e-09 0.000000000000000000e+00 2.088084931936059165e-09 2.031371030461863213e-18 1.153871453841682068e-09 1.321124236864391512e-09 4.970893286795560582e-09
9.009862799510120794e+02 2.064173575009313867e-09 3.921200306661303833e-09 0.000000000000000000e+00 2.064173572977942744e-09 2.031371028893747171e-18 9.134121701612789210e-10 1.049551814904816409e-09 3.934991553534909977e-09
1.002865365934268880e+03 2.035218821347986394e-09 3.096197376690067004e-09 0.000000000000000000e+00 2.035218819316615271e-09 2.031371026952147860e-18 7.195908707108134043e-10 8.304946564912241978e-10 3.100006865189803957e-09
1.116264436618460877e+03 2.000333381207324305e-09 2.435158056801614900e-09 0.000000000000000000e+00 2.000333379175953182e-09 2.031371024548353097e-18 5.643665237208351982e-10 6.548958936462468566e-10 2.431298351922799905e-09
1.242486115071199492e+03 1.958556379423209762e-09 1.907877054674365508e-09 0.000000000000000000e+00 1.958556377391838225e-09 2.031371021572644191e-18 4.406326187058901438e-10 5.147460530376502847e-10 1.898251073787968713e-09
1.382980318553656389e+03 1.908887498847694849e-09 1.488894797762324339e-09 0.000000000000000000e+00 1.908887496816323726e-09 2.031371017889352862e-18 3.423998320482838069e-10 4.032933912143866131e-10 1.475062946450420320e-09
1.539360913821697523e+03 1.850342629805493414e-09 1.157471142329614243e-09 0.000000000000000000e+00 1.850342627774122291e-09 2.031371013330725987e-18 2.647874509607893961e-10 3.150394632352863412e-10 1.140707795505695506e-09
1.713424255726343517e+03 1.782035511596016078e-09 8.962989755493614372e-10 0.000000000000000000e+00 1.782035509564645162e-09 2.031371007689374424e-18 2.037233887406383786e-10 2.453951201680783193e-10 8.776430182776913593e-10
1.907169822067742189e+03 1.703287553545633040e-09 6.912655199468095271e-10 0.000000000000000000e+00 1.703287551514261917e-09 2.031371000708958052e-18 1.558867439469072299e-10 1.906185517945765718e-10 6.715621280049623529e-10
2.122823181736748211e+03 1.613750204372240555e-09 5.342448312667584695e-10 0.000000000000000000e+00 1.613750202340869639e-09 2.031370992002507471e-18 1.193624317515515696e-10 1.485581954294778354e-10 5.142149142471031026e-10
2.362861559980607581e+03 1.513884270030685035e-09 4.112268789077829579e-10 0.000000000000000000e+00 1.513884267999314118e-09 2.031370981211636008e-18 9.085399082345472398e-11 1.154988733108882891e-10 3.914001785547787145e-10
2.630042294462951304e+03 1.404619310007058004e-09 3.151768435250126826e-10 0.000000000000000000e+00 1.404619307975686880e-09 2.031370967840197145e-18 6.870401978596360429e-11 8.957697252194556328e-11 2.959778141602023311e-10
2.927434508994474982e+03 1.287588232241158055e-09 2.404910112898678262e-10 0.000000000000000000e+00 1.287588230209786932e-09 2.031370951272543495e-18 5.159092024978198560e-11 6.930908415060291827e-11 2.222543579489863016e-10
3.258454368773508122e+03 1.165107636107867844e-09 1.826683950772252574e-10 0.000000000000000000e+00 1.165107634076496514e-09 2.031370930746544519e-18 3.845152305842392240e-11 5.350505546915709426e-11 1.656496633154506618e-10
3.626904322114499791e+03 1.040050227224555237e-09 1.381065851551026089e-10 0.000000000000000000e+00 1.040050225193184321e-09 2.031370905318847376e-18 2.843298136774725643e-11 4.121398720460813935e-11 1.224896549212235025e-10
4.037016779438275080e+03 9.156157772473385569e-10 1.039312830733272808e-10 0.000000000000000000e+00 9.156157752159676406e-10 2.031370873821914813e-18 2.085273843315089332e-11 3.167905745798788715e-11 8.983386939987154714e-11
4.493502731267226409e+03 7.950301573968334367e-10 7.785611863510041900e-11 0.000000000000000000e+00 7.950301553654626238e-10 2.031370834810921120e-18 1.516578949613186461e-11 2.430024995577378848e-11 6.533441913679591836e-11
5.001605863702974602e+03 6.812219430962313407e-10 5.806757691622222014e-11 0.000000000000000000e+00 6.812219410648606311e-10 2.031370786498107189e-18 1.093807147806761435e-11 1.860353675049846705e-11 4.712135472265218399e-11
5.567162793016338583e+03 5.765357285178333353e-10 4.313128168126015591e-11 0.000000000000000000e+00 5.765357264864627291e-10 2.031370726671656494e-18 7.825070246440214946e-12 1.421550423189171725e-11 3.371050477696479682e-11
6.196670111266974345e+03 4.825380756258698498e-10 3.191703624275772166e-11 0.000000000000000000e+00 4.825380735944992437e-10 2.031370652595461608e-18 5.554893197601211970e-12 1.084283401294410759e-11 2.393055241369271551e-11
6.897359013111165041e+03 3.999542330953700537e-10 2.353931542393049918e-11 0.000000000000000000e+00 3.999542310639994992e-10 2.031370560885274195e-18 3.914858713601440872e-12 8.255906223369343022e-12 1.686526244617936198e-11
7.677278361042189317e+03 3.287421219684425595e-10 1.730923504494177019e-11 0.000000000000000000e+00 3.287421199370721084e-10 2.031370447355727626e-18 2.740550766944455271e-12 6.275585032581598096e-12 1.180632848153965293e-11
8.545387143236317570e+03 2.682717458920499391e-10 1.269508552710372510e-11 0.000000000000000000e+00 2.682717438606796431e-10 2.031370306831407488e-18 1.906590944663863120e-12 4.762507556447702298e-12 8.213618679915074015e-12
9.511657386079081334e+03 2.175487063679877135e-10 9.289914047083265699e-12 0.000000000000000000e+00 2.175487043366175984e-10 2.031370132913533645e-18 1.318760866367207315e-12 3.608546808034758475e-12 5.681239028565905723e-12
1.058718870352829254e+04 1.754173496134870718e-10 6.784747432885788512e-12 0.000000000000000000e+00 1.754173475821171894e-10 2.031369917691902747e-18 9.072500360818113787e-13 2.730019279424025761e-12 3.908444999474684486e-12
1.178433579916051713e+04 1.409669914221223709e-10 4.964469184381945998e-12 0.000000000000000000e+00 1.409669893907526953e-10 2.031369650510473449e-18 6.240363266395326935e-13 2.068340083657593482e-12 2.688356641878263897e-12
1.311685038551288017e+04 1.130533392729146544e-10 3.645877462523217158e-12 0.000000000000000000e+00 1.130533372415453407e-10 2.031369318089149895e-18 4.302592889476601486e-13 1.571366320100201596e-12 1.853562633767008554e-12
1.460003915097147365e+04 9.025836305336814099e-11 2.673413727761004227e-12 0.000000000000000000e+00 9.025836102199921504e-11 2.031368906141658009e-18 2.952644245190289320e-13 1.191946886448258234e-12 1.272002995467618473e-12
1.625093958876844590e+04 7.174647643175550834e-11 1.957725932614457295e-12 0.000000000000000000e+00 7.174647440038711230e-11 2.031368395688579495e-18 2.017166608831496181e-13 9.027963585167301080e-13 8.689980084700520858e-13
1.808851570786662342e+04 5.679213929668493393e-11 1.431937012695693189e-12 0.000000000000000000e+00 5.679213726531716473e-11 2.031367763233111044e-18 1.372109884262830422e-13 6.827926324092637058e-13 5.911067294124918025e-13
2.013387587385212828e+04 4.477275730163009148e-11 1.046188578862268640e-12 0.000000000000000000e+00 4.477275527026311716e-11 2.031366979689121006e-18 9.293543726370209013e-14 5.156262620254010425e-13 4.003670769923839247e-13
2.241051528221264743e+04 3.515939172218589428e-11 7.636081524931256550e-13 0.000000000000000000e+00 3.515938969081987638e-11 2.031366009055679716e-18 6.268672728814247534e-14 3.888203119021322223e-13 2.700552395245979975e-13
2.494458584929090648e+04 2.750654156454745350e-11 3.029084187083037809e-13 0.000000000000000000e+00 2.750653953318264406e-11 2.031364806778378922e-18 2.383550206744486661e-14 1.568030576454440459e-13 1.026836540760111872e-13
2.776519662118276028e+04 2.144187203898721355e-11 0.000000000000000000e+00 0.000000000000000000e+00 2.144187000762389691e-11 2.031363317723701454e-18 0.000000000000000000e+00 0.000000000000000000e+00 0.000000000000000000e+00
3.090474815138586200e+04 1.665659370363541227e-11 0.000000000000000000e+00 0.000000000000000000e+00 1.665659167227393740e-11 2.031361473675444032e-18 0.000000000000000000e+00 0.000000000000000000e+00 0.000000000000000000e+00
3.439930468822552211e+04 1.289662124463871766e-11 0.000000000000000000e+00 0.000000000000000000e+00 1.289661921327952724e-11 2.031359190240921888e-18 0.000000000000000000e+00 0.000000000000000000e+00 0.000000000000000000e+00
3.828900844740607135e+04 9.954258762391790527e-12 0.000000000000000000e+00 0.000000000000000000e+00 9.954256731035427377e-12 2.031356363028391874e-18 0.000000000000000000e+00 0.000000000000000000e+00 0.000000000000000000e+00
4.261854072845193878e+04 7.660492334276641481e-12 0.000000000000000000e+00 0.000000000000000000e+00 7.660490302923779309e-12 2.031352862924810137e-18 0.000000000000000000e+00 0.000000000000000000e+00 0.000000000000000000e+00
4.743763517192281142e+04 5.878496472933169310e-12 0.000000000000000000e+00 0.000000000000000000e+00 5.878494441584639335e-12 2.031348530263176775e-18 0.000000000000000000e+00 0.000000000000000000e+00 0.000000000000000000e+00
