1.056032981064548126e+00 1.031214421027650309e-07 3.697238528971786440e-06 1.318669356153197802e-07 1.031214420640447991e-07 3.872024177930712006e-17 1.162597881980548141e-06 7.168600623251373437e-07 3.738943936832981973e-06
1.175443983510534363e+00 1.110478306623700718e-07 4.195560754419269290e-06 1.318669356153197802e-07 1.110478306163099950e-07 4.606008047634138186e-17 1.298660779620923302e-06 8.320363441875135636e-07 4.243402662168528661e-06
1.308357393325258133e+00 1.110478063864636399e-07 4.474880578178065580e-06 1.318669356153197802e-07 1.110478063404035632e-07 4.606008047634104290e-17 1.384619161189169768e-06 8.878456264277224303e-07 4.525919179543896324e-06
1.456299996156748877e+00 1.110477774180800718e-07 4.778091475460872886e-06 1.318669356153197802e-07 1.110477773720199951e-07 4.606008047634064231e-17 1.477905002926272038e-06 9.484499585363077573e-07 4.832600759174724271e-06
1.620971219045888478e+00 1.115883259070211911e-07 5.131811250279601851e-06 1.318669356153197802e-07 1.115883258600755812e-07 4.694562169983019728e-17 1.584026837325404268e-06 1.021800935351545998e-06 5.190439648276996856e-06
1.804262651863866251e+00 1.115882833959451812e-07 5.486188619059159739e-06 1.318669356153197802e-07 1.115882833489995448e-07 4.694562169982959947e-17 1.692539615069008535e-06 1.093092659918785651e-06 5.548885890487508746e-06
2.008279776137516404e+00 1.115882321768195845e-07 5.866951235985403544e-06 1.318669356153197802e-07 1.115882321298739480e-07 4.694562169982887840e-17 1.809012187429600304e-06 1.169792892959919626e-06 5.934023072168730770e-06
2.235366150863083323e+00 1.115881704446848073e-07 6.274548174739996219e-06 1.318669356153197802e-07 1.115881703977391577e-07 4.694562169982801559e-17 1.933549836047408156e-06 1.252020108368727556e-06 6.346306176857221986e-06
2.488130333132567262e+00 1.115880961283244167e-07 6.709826358898008887e-06 1.318669356153197802e-07 1.115880960813787935e-07 4.694562169982696172e-17 2.066340079389193251e-06 1.340004221996961002e-06 6.786593499831564205e-06
2.769475842811750965e+00 1.115880041418744264e-07 7.166325178154637683e-06 1.318669356153197802e-07 1.115880040949288032e-07 4.694562169982562435e-17 2.205184027131420815e-06 1.432629518160974148e-06 7.248355339332228149e-06
3.082634515476230241e+00 1.115878923138597322e-07 7.646702558205770723e-06 1.318669356153197802e-07 1.115878922669140826e-07 4.694562169982408361e-17 2.350942972673435491e-06 1.530391235719118969e-06 7.734278984606698151e-06
3.431203626733101864e+00 1.115877558989795235e-07 8.146567373460371066e-06 1.318669356153197802e-07 1.115877558520338870e-07 4.694562169982216076e-17 2.502290186412502857e-06 1.632394443170948287e-06 8.239922439082468248e-06
3.819187214377767425e+00 1.115875899186752828e-07 8.664913713526640955e-06 1.318669356153197802e-07 1.115875898717296332e-07 4.694562169981981883e-17 2.658760364759674274e-06 1.738567171799360654e-06 8.764271830359021456e-06
4.251042073056519932e+00 1.115873877592864810e-07 9.197363135875285753e-06 1.318669356153197802e-07 1.115873877123408446e-07 4.694562169981697154e-17 2.818908937958887820e-06 1.848116109293463698e-06 9.302900769852294761e-06
4.731728949778890581e+00 1.115871392055887862e-07 9.734489087573490904e-06 1.318669356153197802e-07 1.115871391586431498e-07 4.694562169981347096e-17 2.979635673658269476e-06 1.959323990987856005e-06 9.846279306841874694e-06
5.266769528365972342e+00 1.115868322458709052e-07 1.026693085480084786e-05 1.318669356153197802e-07 1.115868321989252687e-07 4.694562169980913839e-17 3.137892622486882351e-06 2.070460322716018737e-06 1.038494331331446032e-05
5.862309857419115922e+00 1.115864561980884127e-07 1.079021557594965089e-05 1.318669356153197802e-07 1.115864561511428027e-07 4.694562169980383823e-17 3.292312968665368777e-06 2.180623700891947639e-06 1.091436833146533158e-05
6.525190950410857837e+00 1.115859942301220390e-07 1.129020059810393409e-05 1.318669356153197802e-07 1.115859941831764290e-07 4.694562169979736095e-17 3.438542871109905030e-06 2.286991822378517066e-06 1.142024963636320392e-05
7.263027368885755841e+00 1.115854268857593860e-07 1.175604218681656105e-05 1.318669356153197802e-07 1.115854268388137496e-07 4.694562169978932443e-17 3.573073325428223274e-06 2.387543053417387992e-06 1.189162318503244595e-05
8.084294691462201143e+00 1.115847302066594455e-07 1.217484554120278458e-05 1.318669356153197802e-07 1.115847301597138355e-07 4.694562169977949448e-17 3.691809305729839734e-06 2.479806072425780977e-06 1.231544926889301441e-05
8.998426873397548320e+00 1.115838742735687536e-07 1.253117795047872633e-05 1.318669356153197802e-07 1.115838742266231171e-07 4.694562169976744586e-17 3.789933041453571131e-06 2.560755355249350459e-06 1.267611987298062841e-05
1.001592461509324039e+01 1.115828222081658412e-07 1.280900937532435296e-05 1.318669356153197802e-07 1.115828221612202180e-07 4.694562169975260542e-17 3.862493706316032766e-06 2.627203887208325462e-06 1.295742165062861893e-05
1.114847598437533449e+01 1.115815216399689098e-07 1.298887021001408065e-05 1.318669356153197802e-07 1.115815215930232866e-07 4.694562169973420277e-17 3.903462392049636061e-06 2.675293185348862148e-06 1.313966283071209447e-05
1.240909067814867583e+01 1.115799095416407351e-07 1.305720510033591927e-05 1.318669356153197802e-07 1.115799094946950854e-07 4.694562169971151069e-17 3.908859463110340422e-06 2.702156212953771931e-06 1.320912840204158825e-05
1.381224946569640366e+01 1.115779217309937212e-07 1.300992269705492777e-05 1.318669356153197802e-07 1.115779216840481244e-07 4.694562169968354927e-17 3.877942471741749477e-06 2.706547789498291562e-06 1.316166816605312554e-05
1.537407053029052229e+01 1.115754699451523956e-07 1.284212750135619679e-05 1.318669356153197802e-07 1.115754698982067592e-07 4.694562169964901195e-17 3.809784304767770312e-06 2.687007099821009855e-06 1.299231713019367428e-05
1.711249461989307719e+01 1.115724431651367960e-07 1.255452222635423911e-05 1.318669356153197802e-07 1.115724431181911728e-07 4.694562169960638881e-17 3.705586295277706194e-06 2.642852985325415824e-06 1.270176293611581090e-05
1.904749113378321468e+01 1.115687034256457748e-07 1.215599213551300986e-05 1.318669356153197802e-07 1.115687033787001384e-07 4.694562169955365223e-17 3.569062395043427714e-06 2.575054216180158045e-06 1.229896971506225845e-05
2.120128751244688203e+01 1.115640866086519354e-07 1.166977048509062155e-05 1.318669356153197802e-07 1.115640865617062990e-07 4.694562169948851574e-17 3.408342679452644205e-06 2.487428760044958638e-06 1.180741307164350396e-05
2.359862456574094125e+01 1.115583862932058242e-07 1.111938739364241616e-05 1.318669356153197802e-07 1.115583862462602010e-07 4.694562169940807658e-17 3.231772267424969563e-06 2.383752242896821253e-06 1.125086530701173032e-05
2.626704067231091244e+01 1.115513475232453575e-07 1.052759104914766139e-05 1.318669356153197802e-07 1.115513474762997343e-07 4.694562169930874173e-17 3.047160685338030759e-06 2.267883322819527865e-06 1.065231398765622065e-05
2.923718811487309566e+01 1.115426554476310393e-07 9.911158505743942904e-06 1.318669356153197802e-07 1.115426554006854293e-07 4.694562169918600607e-17 2.860012479264343939e-06 2.142870242733047831e-06 1.002871764266425727e-05
3.254318518513449021e+01 1.115319213251599743e-07 9.276630272140900496e-06 1.318669356153197802e-07 1.115319212782143643e-07 4.694562169903440303e-17 2.671894694608905952e-06 2.010361690620155172e-06 9.386699928132594546e-06
3.622300810299908846e+01 1.115186652934295605e-07 8.612690349950050120e-06 1.318669356153197802e-07 1.115186652464839241e-07 4.694562169884711019e-17 2.477955839867851570e-06 1.869201867993902033e-06 8.714847934290198997e-06
4.031892725206589034e+01 1.115022122103433241e-07 7.892845152359663261e-06 1.318669356153197802e-07 1.115022121633976876e-07 4.694562169861480298e-17 2.267834633439059816e-06 1.715899427495934924e-06 7.986423430106247542e-06
4.487799274248540371e+01 1.114818083680488357e-07 7.109422064501778566e-06 1.318669356153197802e-07 1.114818083211031993e-07 4.694562169832678247e-17 2.037081511485996485e-06 1.550632448215622608e-06 7.193727035925911375e-06
4.995257487887015913e+01 1.114565733118004938e-07 6.316630266858458683e-06 1.318669356153197802e-07 1.114565732648548706e-07 4.694562169797047002e-17 1.801914052072970831e-06 1.384620835469660425e-06 6.391603520793771505e-06
5.560096574165519456e+01 1.114253662973843981e-07 5.610949207068520964e-06 1.318669356153197802e-07 1.114253662504387882e-07 4.694562169752963236e-17 1.593093567840549865e-06 1.236279286262851430e-06 5.677597186841517308e-06
6.188804879230252709e+01 1.113867791531455379e-07 5.059583024644667516e-06 1.318669356153197802e-07 1.113867791061999147e-07 4.694562169698425831e-17 1.432392852187471631e-06 1.118191550494324822e-06 5.119630001801695465e-06
6.888604419417499969e+01 1.113390707740595677e-07 4.628406754743346965e-06 1.318669356153197802e-07 1.113390707271139180e-07 4.694562169630925222e-17 1.309094621918102147e-06 1.023809478122013104e-06 4.683185686063866566e-06
7.667533841060405564e+01 1.112800257425083264e-07 4.188449272317123637e-06 1.318669356153197802e-07 1.112800256955626900e-07 4.694562169547204277e-17 1.182730403670418090e-06 9.280938057281407885e-07 4.237875922462163428e-06
8.534540760983165342e+01 1.112070479526884188e-07 3.663581892846960864e-06 1.318669356153197802e-07 1.112070479057428088e-07 4.694562169443574454e-17 1.029942385992025287e-06 8.158223391883778214e-07 3.706742044784486407e-06
9.499584548401358575e+01 1.111168828294510815e-07 3.119663264940924543e-06 1.318669356153197802e-07 1.111168827825054583e-07 4.694562169315310602e-17 8.721644275930540496e-07 6.991353595626195580e-07 3.156345182777366985e-06
1.057375072889466310e+02 1.110055316144040313e-07 2.659856831140041587e-06 1.318669356153197802e-07 1.110055315674584213e-07 4.694562169156557275e-17 7.410483322674036091e-07 5.985870768752164825e-07 2.690978885963338728e-06
1.176937832461472624e+02 1.108680902106433093e-07 2.292234176335687350e-06 1.318669356153197802e-07 1.108680901636976861e-07 4.694562168960079757e-17 6.370594248544579223e-07 5.173357498877005711e-07 2.318865126431451756e-06
1.310020159349736844e+02 1.106985565409978605e-07 1.976325319518750164e-06 1.318669356153197802e-07 1.106985564940522373e-07 4.694562168716927558e-17 5.474508043696843536e-07 4.475357232293251103e-07 1.999108146883969258e-06
1.458150779564580262e+02 1.104896030295130842e-07 1.695627573832994522e-06 1.318669356153197802e-07 1.104896029825674610e-07 4.694562168416030124e-17 4.695332556133608547e-07 3.840441189279676854e-07 1.714925144130616535e-06
1.623031279915676635e+02 1.102323110085408786e-07 1.402096062457550255e-06 1.318669356153197802e-07 1.102323109615952422e-07 4.694562168043703184e-17 3.876109380707805373e-07 3.181443161030699350e-07 1.417812556013823176e-06
1.806555654259147161e+02 1.099158653392281619e-07 1.156410325000502851e-06 1.318669356153197802e-07 1.099158652922825651e-07 4.694562167583029986e-17 3.186302341617380728e-07 2.633834750685795189e-07 1.169142222117802814e-06
2.010832059937378347e+02 1.095258888383055845e-07 9.839106411049007654e-07 1.318669356153197802e-07 1.095258887913599613e-07 4.694562167011342488e-17 2.700671571562237319e-07 2.250019751600698320e-07 9.945200532007266597e-07
2.238207034330328042e+02 1.090460969855230062e-07 8.272517568849050774e-07 1.318669356153197802e-07 1.090460969385773830e-07 4.694562166301736835e-17 2.266290448137045679e-07 1.895530437924339716e-07 8.359197241315397581e-07
2.491292449694543905e+02 1.084585847376656066e-07 6.619295897237670383e-07 1.318669356153197802e-07 1.084585846907199966e-07 4.694562165422903879e-17 1.810960150853766303e-07 1.519127967751542802e-07 6.685928785501716602e-07
2.772995515922919481e+02 1.077411271781309850e-07 5.485961262774190181e-07 1.318669356153197802e-07 1.077411271311853750e-07 4.694562164334573501e-17 1.497034597461711206e-07 1.262416186317012013e-07 5.538648514614799400e-07
3.086552175868076802e+02 1.068678771952051533e-07 4.515036648811207192e-07 1.318669356153197802e-07 1.068678771482595301e-07 4.694562162986909415e-17 1.227877194226491786e-07 1.042725289420003806e-07 4.555884083208149603e-07
3.435564276845046834e+02 1.058091969439821821e-07 3.622797690972339242e-07 1.318669356153197802e-07 1.058091968970365324e-07 4.694562161317920096e-17 9.843010825701640821e-08 8.374382906381006282e-08 3.652847720286296591e-07
3.824040945302937757e+02 1.045314595292676062e-07 2.943929328742802230e-07 1.318669356153197802e-07 1.045314594823219830e-07 4.694562159249876859e-17 7.968338524202509955e-08 6.832890693425519132e-08 2.965852981942693631e-07
4.256444639942141634e+02 1.029972023103909989e-07 2.380681953282399617e-07 1.318669356153197802e-07 1.029972022634453625e-07 4.694562156684772983e-17 6.428132219775254216e-08 5.538959897336988920e-08 2.395889761889806551e-07
4.737742412289155709e+02 1.011688860963461804e-07 1.909817416493918075e-07 1.318669356153197802e-07 1.011688860494005704e-07 4.694562153507749086e-17 5.140939380681223974e-08 4.457445060224814523e-08 1.919557483965334326e-07
5.273462963565856398e+02 9.900767789027812355e-08 1.526593520407020742e-07 1.318669356153197802e-07 9.900767784333251359e-08 4.694562149573162956e-17 4.095922106578602881e-08 3.574879235315135350e-08 1.531981124586745902e-07
5.869760153267689020e+02 9.647696395120798993e-08 1.217501672538413866e-07 1.318669356153197802e-07 9.647696390426235350e-08 4.694562144700820274e-17 3.254489770265888281e-08 2.861759536232290112e-08 1.219484199666829808e-07
6.533483688978308237e+02 9.354571756488289942e-08 9.661878669762069402e-08 1.318669356153197802e-07 9.354571751793727622e-08 4.694562138667777855e-17 2.572264123698808872e-08 2.280247506623628953e-08 9.655309403626489633e-08
7.272257809440862957e+02 9.019254509508301803e-08 7.631125791308726986e-08 1.318669356153197802e-07 9.019254504813740807e-08 4.694562131198262252e-17 2.022426631546245426e-08 1.809116280348424880e-08 7.604594970564252023e-08
8.094568864722074295e+02 8.641002906596143692e-08 6.007047189562280284e-08 1.318669356153197802e-07 8.641002901901582696e-08 4.694562121951167545e-17 1.583658100074115076e-08 1.431530915526754694e-08 5.965975497379085924e-08
9.009862799510120794e+02 8.220872011706565281e-08 4.708877345397230037e-08 1.318669356153197802e-07 8.220872007012004285e-08 4.694562110504654678e-17 1.234026517444539167e-08 1.128781688553625839e-08 4.657681347072080986e-08
1.002865365934268880e+03 7.761991423593185098e-08 3.676358513390454109e-08 1.318669356153197802e-07 7.761991418898622778e-08 4.694562096337102320e-17 9.568306744974574426e-09 8.872473125327059596e-09 3.618670335103542725e-08
1.116264436618460877e+03 7.270193482391839445e-08 2.859300951187716023e-08 1.318669356153197802e-07 7.270193477697277125e-08 4.694562078780500592e-17 7.383371011428110436e-09 6.953992420119101930e-09 2.798065600562739614e-08
1.242486115071199492e+03 6.754754736089507797e-08 2.216088311776527514e-08 1.318669356153197802e-07 6.754754731394945478e-08 4.694562056955898824e-17 5.671657389576017401e-09 5.436726004074899804e-09 2.153653238463732974e-08
1.382980318553656389e+03 6.222746854671719966e-08 1.710406405089150241e-08 1.318669356153197802e-07 6.222746849977157647e-08 4.694562029919862514e-17 4.332577256692714093e-09 4.238333319332255646e-09 1.648616832288502225e-08
1.539360913821697523e+03 5.682970830276415106e-08 1.314607582355891951e-08 1.318669356153197802e-07 5.682970825581853448e-08 4.694561996431075270e-17 3.290597757537147212e-09 3.295196536247403177e-09 1.254881948161929978e-08
1.713424255726343517e+03 5.144041809082115921e-08 1.006113012842548604e-08 1.318669356153197802e-07 5.144041804387552940e-08 4.694561954953396265e-17 2.484110902356945167e-09 2.555280023153132234e-09 9.495048851122727126e-09
1.907169822067742189e+03 4.613907403241343380e-08 7.668357009581885735e-09 1.318669356153197802e-07 4.613907398546781722e-08 4.694561903585056267e-17 1.863662779597264507e-09 1.977006445657866424e-09 7.140914831362495212e-09
2.122823181736748211e+03 4.099610265839580291e-08 5.831874541208511292e-09 1.318669356153197802e-07 4.099610261145019295e-08 4.694561839948705226e-17 1.391842033913477473e-09 1.529363648278442040e-09 5.348055794054209774e-09
2.362861559980607581e+03 3.608886199889017056e-08 4.429478714245387585e-09 1.318669356153197802e-07 3.608886195194454074e-08 4.694561761008831646e-17 1.036103286372723621e-09 1.183417970681417831e-09 3.991858324598021024e-09
2.630042294462951304e+03 3.146786329545579269e-08 3.352472118913764657e-09 1.318669356153197802e-07 3.146786324851017611e-08 4.694561663185728954e-17 7.666913755792849127e-10 9.142698148954545971e-10 2.961778289978552980e-09
2.927434508994474982e+03 2.717381290675848309e-08 2.526491071045419850e-09 1.318669356153197802e-07 2.717381285981286651e-08 4.694561542018401673e-17 5.633389235093992457e-10 7.047951011129115182e-10 2.182076868142414862e-09
3.258454368773508122e+03 2.324064884382953127e-08 1.896022675872452475e-09 1.318669356153197802e-07 2.324064879688391800e-08 4.694561391950744058e-17 4.109654688442735485e-10 5.421709679083325587e-10 1.596144064385838294e-09
3.626904322114499791e+03 1.969120520683726318e-08 1.417101509726229586e-09 1.318669356153197802e-07 1.969120515989164661e-08 4.694561206108206798e-17 2.976619042684849875e-10 4.162240926464933945e-10 1.159156737325194145e-09
4.037016779438275080e+03 1.653550442909453699e-08 1.055044530281471184e-09 1.318669356153197802e-07 1.653550438214892703e-08 4.694560975985995423e-17 2.140711605819904637e-10 3.189089231931913076e-10 8.357975860103662154e-10
4.493502731267226409e+03 1.377004954685457819e-08 7.826230190849296310e-10 1.318669356153197802e-07 1.377004949990897319e-08 4.694560691063768457e-17 1.528896910576403595e-10 2.438847054026047377e-10 5.984164283553079029e-10
5.001605863702974602e+03 1.137891005824580532e-08 5.785772135175539788e-10 1.318669356153197802e-07 1.137891001130020198e-08 4.694560338329718864e-17 1.084623182962560546e-10 1.861707193441438119e-10 4.255331705169096472e-10
5.567162793016338583e+03 9.336421662283985730e-09 4.264040953001983597e-10 1.318669356153197802e-07 9.336421615338387349e-09 4.694559901692658201e-17 7.644967558958070227e-11 1.418655699440346776e-10 3.006066100169616527e-10
6.196670111266974345e+03 7.610629155496561765e-09 3.133724453760850152e-10 1.318669356153197802e-07 7.610629108550968347e-09 4.694559361255964450e-17 5.355462886801594216e-11 1.079216897823885107e-10 2.110200669942484890e-10
6.897359013111165041e+03 6.170701217065872760e-09 2.298258642844875879e-10 1.318669356153197802e-07 6.170701170120285960e-09 4.694558689884026101e-17 3.731664793534286256e-11 8.199725492898154241e-11 1.473048701873581970e-10
7.677278361042189317e+03 4.976809948734365982e-09 1.682040439247303962e-10 1.318669356153197802e-07 4.976809901788787454e-09 4.694557856952589199e-17 2.586330900201640684e-11 6.221089462811511002e-11 1.022601255941684921e-10
8.545387143236317570e+03 3.993014108412359116e-09 1.228579881906847813e-10 1.318669356153197802e-07 3.993014061466790513e-09 4.694556825130906817e-17 1.783089687321164490e-11 4.712537365260026775e-11 7.060762380998219002e-11
9.511657386079081334e+03 3.188044965003051237e-09 8.529473336183158185e-11 1.318669356153197802e-07 3.188044918057495456e-09 4.694555547051366759e-17 1.178048765534054044e-11 3.368923135061484016e-11 4.713541781051992415e-11
1.058718870352829254e+04 2.533600976895528130e-09 6.078658902062995518e-11 1.318669356153197802e-07 2.533600929949988893e-09 4.694553964097483202e-17 7.909224010589539933e-12 2.484720598200771623e-11 3.181947501513440707e-11
1.178433579916051713e+04 2.005851814061608237e-09 4.430188085901400355e-11 1.318669356153197802e-07 2.005851767116088439e-09 4.694552003363312454e-17 5.397414613765816111e-12 1.877664261914934683e-11 2.174492740920491274e-11
1.311685038551288017e+04 1.583594533580958989e-09 3.235073856762709436e-11 1.318669356153197802e-07 1.583594486635463179e-09 4.694549573596157661e-17 3.683968935733225713e-12 1.420514458575048152e-11 1.486282195105351769e-11
1.460003915097147365e+04 1.248280432225896714e-09 2.368243085662980271e-11 1.318669356153197802e-07 1.248280385280430889e-09 4.694546559312137926e-17 2.516714348402951500e-12 1.076312433525978605e-11 1.016197889091732469e-11
1.625093958876844590e+04 9.802784380028984828e-10 1.731644077925513593e-11 1.318669356153197802e-07 9.802783910574702942e-10 4.694542825429697185e-17 1.712023327279377069e-12 8.142913806234213755e-12 6.918225305951513828e-12
1.808851570786662342e+04 7.670383573936248254e-10 7.903441504503170602e-12 1.318669356153197802e-07 7.670383104482427522e-10 4.694538200615713884e-17 7.546110881954552043e-13 3.774586633908324076e-12 3.223271310274570938e-12
2.013387587385212828e+04 5.981207678340905515e-10 4.541473841213048403e-12 1.318669356153197802e-07 5.981207208887657605e-10 4.694532472865245243e-17 4.050609598839985431e-13 2.234498690983942033e-12 1.800215126880352977e-12
2.241051528221264743e+04 4.648678614056123488e-10 3.316780267245420144e-12 1.318669356153197802e-07 4.648678144603585403e-10 4.694525379879364310e-17 2.736498221717207004e-13 1.685489899694368742e-12 1.216466853515268565e-12
2.494458584929090648e+04 3.601341320294275274e-10 1.502496693775636358e-12 1.318669356153197802e-07 3.601340850842615551e-10 4.694516597175436078e-17 1.180719794212809545e-13 7.782332819246725019e-13 5.341208686565934634e-13
2.776519662118276028e+04 2.781153989075285536e-10 2.981958405086262838e-13 1.318669356153197802e-07 2.781153519624713038e-10 4.694505723397920989e-17 2.155365148760312583e-14 1.594444362141839997e-13 1.100332137018833056e-13
3.090474815138586200e+04 2.141642762343761982e-10 1.507243955221880646e-13 1.318669356153197802e-07 2.141642292894535721e-10 4.694492262173641659e-17 1.029725996029415875e-14 8.222956747739970228e-14 5.256838296780372558e-14
3.439930468822552211e+04 1.645029257807540433e-10 0.000000000000000000e+00 1.318669356153197802e-07 1.645028788359980683e-10 4.694475599702678931e-17 0.000000000000000000e+00 0.000000000000000000e+00 0.000000000000000000e+00
3.828900844740607135e+04 1.260316424114519744e-10 0.000000000000000000e+00 1.318669356153197802e-07 1.260315954669022775e-10 4.694454967725824235e-17 0.000000000000000000e+00 0.000000000000000000e+00 0.000000000000000000e+00
4.261854072845193878e+04 9.636433097334342276e-11 0.000000000000000000e+00 1.318669356153197802e-07 9.636428402905038451e-11 4.694429302147149906e-17 0.000000000000000000e+00 0.000000000000000000e+00 0.000000000000000000e+00
4.743763517192281142e+04 7.350316052817913893e-11 0.000000000000000000e+00 1.318669356153197802e-07 7.350311358420407407e-11 4.694397506470480335e-17 0.000000000000000000e+00 0.000000000000000000e+00 0.000000000000000000e+00
