1.056032981064548126e+00 3.856566474894359176e-10 3.585347166495380996e-08 0.000000000000000000e+00 3.856566474894359176e-10 0.000000000000000000e+00 3.585347166495380996e-08 0.000000000000000000e+00 3.585347166495380996e-08
1.175443983510534363e+00 3.761304063125710932e-10 3.822398495229372521e-08 0.000000000000000000e+00 3.761304063125710932e-10 0.000000000000000000e+00 3.822398495229372521e-08 0.000000000000000000e+00 3.822398495229372521e-08
1.308357393325258133e+00 3.659187660903483242e-10 4.082252851502621021e-08 0.000000000000000000e+00 3.659187660903483242e-10 0.000000000000000000e+00 4.082252851502621021e-08 0.000000000000000000e+00 4.082252851502621021e-08
1.456299996156748877e+00 3.569387270887212785e-10 4.366379188727732485e-08 0.000000000000000000e+00 3.569387270887212785e-10 0.000000000000000000e+00 4.366379188727732485e-08 0.000000000000000000e+00 4.366379188727732485e-08
1.620971219045888478e+00 3.484012249079110516e-10 4.676234298408143744e-08 0.000000000000000000e+00 3.484012249079110516e-10 0.000000000000000000e+00 4.676234298408143744e-08 0.000000000000000000e+00 4.676234298408143744e-08
1.804262651863866251e+00 3.332841188292015931e-10 5.013178513091789156e-08 0.000000000000000000e+00 3.332841188292015931e-10 0.000000000000000000e+00 5.013178513091789156e-08 0.000000000000000000e+00 5.013178513091789156e-08
2.008279776137516404e+00 3.015164509609132954e-10 5.378453593466105555e-08 0.000000000000000000e+00 3.015164509609132954e-10 0.000000000000000000e+00 5.378453593466105555e-08 0.000000000000000000e+00 5.378453593466105555e-08
2.235366150863083323e+00 2.522113022298776179e-10 5.773100665290513663e-08 0.000000000000000000e+00 2.522113022298776179e-10 0.000000000000000000e+00 5.773100665290513663e-08 0.000000000000000000e+00 5.773100665290513663e-08
2.488130333132567262e+00 1.983429951500465957e-10 6.197887196597031987e-08 0.000000000000000000e+00 1.983429951500465957e-10 0.000000000000000000e+00 6.197887196597031987e-08 0.000000000000000000e+00 6.197887196597031987e-08
2.769475842811750965e+00 1.562837309873264208e-10 6.653263492988355599e-08 0.000000000000000000e+00 1.562837309873264208e-10 0.000000000000000000e+00 6.653263492988355599e-08 0.000000000000000000e+00 6.653263492988355599e-08
3.082634515476230241e+00 1.263658559240681392e-10 7.139252276927492162e-08 0.000000000000000000e+00 1.263658559240681392e-10 0.000000000000000000e+00 7.139252276927492162e-08 0.000000000000000000e+00 7.139252276927492162e-08
3.431203626733101864e+00 9.838354124563895615e-11 7.655388758189816050e-08 0.000000000000000000e+00 9.838354124563895615e-11 0.000000000000000000e+00 7.655388758189816050e-08 0.000000000000000000e+00 7.655388758189816050e-08
3.819187214377767425e+00 5.936031250557924131e-11 8.200522703266280972e-08 0.000000000000000000e+00 5.936031250557924131e-11 0.000000000000000000e+00 8.200522703266280972e-08 0.000000000000000000e+00 8.200522703266280972e-08
4.251042073056519932e+00 3.061490133618266146e-12 8.772640283495981934e-08 0.000000000000000000e+00 3.061490133618266146e-12 0.000000000000000000e+00 8.772640283495981934e-08 0.000000000000000000e+00 8.772640283495981934e-08
4.731728949778890581e+00 -6.627943938097291590e-11 9.368858645137908617e-08 0.000000000000000000e+00 -6.627943938097291590e-11 0.000000000000000000e+00 9.368858645137908617e-08 0.000000000000000000e+00 9.368858645137908617e-08
5.266769528365972342e+00 -1.359899163743939300e-10 9.985165097520236034e-08 0.000000000000000000e+00 -1.359899163743939300e-10 0.000000000000000000e+00 9.985165097520236034e-08 0.000000000000000000e+00 9.985165097520236034e-08
5.862309857419115922e+00 -2.001234648121404389e-10 1.061649810421926784e-07 0.000000000000000000e+00 -2.001234648121404389e-10 0.000000000000000000e+00 1.061649810421926784e-07 0.000000000000000000e+00 1.061649810421926784e-07
6.525190950410857837e+00 -2.689515646859528457e-10 1.125637037750300737e-07 0.000000000000000000e+00 -2.689515646859528457e-10 0.000000000000000000e+00 1.125637037750300737e-07 0.000000000000000000e+00 1.125637037750300737e-07
7.263027368885755841e+00 -3.487664074138783993e-10 1.189686579709132872e-07 0.000000000000000000e+00 -3.487664074138783993e-10 0.000000000000000000e+00 1.189686579709132872e-07 0.000000000000000000e+00 1.189686579709132872e-07
8.084294691462201143e+00 -4.344244668323977089e-10 1.252868245328709937e-07 0.000000000000000000e+00 -4.344244668323977089e-10 0.000000000000000000e+00 1.252868245328709937e-07 0.000000000000000000e+00 1.252868245328709937e-07
8.998426873397548320e+00 -5.207138079439377098e-10 1.314108309350193450e-07 0.000000000000000000e+00 -5.207138079439377098e-10 0.000000000000000000e+00 1.314108309350193450e-07 0.000000000000000000e+00 1.314108309350193450e-07
1.001592461509324039e+01 -6.080849490250145775e-10 1.372266925423809608e-07 0.000000000000000000e+00 -6.080849490250145775e-10 0.000000000000000000e+00 1.372266925423809608e-07 0.000000000000000000e+00 1.372266925423809608e-07
1.114847598437533449e+01 -6.962333805437322304e-10 1.426151392398106295e-07 0.000000000000000000e+00 -6.962333805437322304e-10 0.000000000000000000e+00 1.426151392398106295e-07 0.000000000000000000e+00 1.426151392398106295e-07
1.240909067814867583e+01 -7.824069192983399306e-10 1.474593457893492140e-07 0.000000000000000000e+00 -7.824069192983399306e-10 0.000000000000000000e+00 1.474593457893492140e-07 0.000000000000000000e+00 1.474593457893492140e-07
1.381224946569640366e+01 -8.633904039384665037e-10 1.516589341053349201e-07 0.000000000000000000e+00 -8.633904039384665037e-10 0.000000000000000000e+00 1.516589341053349201e-07 0.000000000000000000e+00 1.516589341053349201e-07
1.537407053029052229e+01 -9.362672022681572095e-10 1.551309423145430538e-07 0.000000000000000000e+00 -9.362672022681572095e-10 0.000000000000000000e+00 1.551309423145430538e-07 0.000000000000000000e+00 1.551309423145430538e-07
1.711249461989307719e+01 -9.990471726854323315e-10 1.578403014817510170e-07 0.000000000000000000e+00 -9.990471726854323315e-10 0.000000000000000000e+00 1.578403014817510170e-07 0.000000000000000000e+00 1.578403014817510170e-07
1.904749113378321468e+01 -1.050390754789526252e-09 1.597873833653979032e-07 0.000000000000000000e+00 -1.050390754789526252e-09 0.000000000000000000e+00 1.597873833653979032e-07 0.000000000000000000e+00 1.597873833653979032e-07
2.120128751244688203e+01 -1.090425120267426357e-09 1.609982451229537794e-07 0.000000000000000000e+00 -1.090425120267426357e-09 0.000000000000000000e+00 1.609982451229537794e-07 0.000000000000000000e+00 1.609982451229537794e-07
2.359862456574094125e+01 -1.121156213780218662e-09 1.615344140039844847e-07 0.000000000000000000e+00 -1.121156213780218662e-09 0.000000000000000000e+00 1.615344140039844847e-07 0.000000000000000000e+00 1.615344140039844847e-07
2.626704067231091244e+01 -1.144599809126894463e-09 1.614139050908414429e-07 0.000000000000000000e+00 -1.144599809126894463e-09 0.000000000000000000e+00 1.614139050908414429e-07 0.000000000000000000e+00 1.614139050908414429e-07
2.923718811487309566e+01 -1.162412586977773085e-09 1.606115916376046411e-07 0.000000000000000000e+00 -1.162412586977773085e-09 0.000000000000000000e+00 1.606115916376046411e-07 0.000000000000000000e+00 1.606115916376046411e-07
3.254318518513449021e+01 -1.172268909734086900e-09 1.590069624069467458e-07 0.000000000000000000e+00 -1.172268909734086900e-09 0.000000000000000000e+00 1.590069624069467458e-07 0.000000000000000000e+00 1.590069624069467458e-07
3.622300810299908846e+01 -1.165193858114812387e-09 1.563707311713499690e-07 0.000000000000000000e+00 -1.165193858114812387e-09 0.000000000000000000e+00 1.563707311713499690e-07 0.000000000000000000e+00 1.563707311713499690e-07
4.031892725206589034e+01 -1.126118180902811798e-09 1.524061825584320338e-07 0.000000000000000000e+00 -1.126118180902811798e-09 0.000000000000000000e+00 1.524061825584320338e-07 0.000000000000000000e+00 1.524061825584320338e-07
4.487799274248540371e+01 -1.042359888096343736e-09 1.469742060156389373e-07 0.000000000000000000e+00 -1.042359888096343736e-09 0.000000000000000000e+00 1.469742060156389373e-07 0.000000000000000000e+00 1.469742060156389373e-07
4.995257487887015913e+01 -9.181375567611638512e-10 1.403066878036915053e-07 0.000000000000000000e+00 -9.181375567611638512e-10 0.000000000000000000e+00 1.403066878036915053e-07 0.000000000000000000e+00 1.403066878036915053e-07
5.560096574165519456e+01 -7.730171468756168231e-10 1.330354568100717245e-07 0.000000000000000000e+00 -7.730171468756168231e-10 0.000000000000000000e+00 1.330354568100717245e-07 0.000000000000000000e+00 1.330354568100717245e-07
6.188804879230252709e+01 -6.419936856455373841e-10 1.257980060555158309e-07 0.000000000000000000e+00 -6.419936856455373841e-10 0.000000000000000000e+00 1.257980060555158309e-07 0.000000000000000000e+00 1.257980060555158309e-07
6.888604419417499969e+01 -5.289214459382961927e-10 1.186056663936912155e-07 0.000000000000000000e+00 -5.289214459382961927e-10 0.000000000000000000e+00 1.186056663936912155e-07 0.000000000000000000e+00 1.186056663936912155e-07
7.667533841060405564e+01 -3.943107226168813638e-10 1.108182938463426129e-07 0.000000000000000000e+00 -3.943107226168813638e-10 0.000000000000000000e+00 1.108182938463426129e-07 0.000000000000000000e+00 1.108182938463426129e-07
8.534540760983165342e+01 -2.039199899030004193e-10 1.020212328776407925e-07 0.000000000000000000e+00 -2.039199899030004193e-10 0.000000000000000000e+00 1.020212328776407925e-07 0.000000000000000000e+00 1.020212328776407925e-07
9.499584548401358575e+01 1.263223684166016120e-11 9.295580631037403419e-08 0.000000000000000000e+00 1.263223684166016120e-11 0.000000000000000000e+00 9.295580631037403419e-08 0.000000000000000000e+00 9.295580631037403419e-08
1.057375072889466310e+02 2.057621573214471876e-10 8.450905409801528097e-08 0.000000000000000000e+00 2.057621573214471876e-10 0.000000000000000000e+00 8.450905409801528097e-08 0.000000000000000000e+00 8.450905409801528097e-08
1.176937832461472624e+02 3.887972118350318652e-10 7.654751017364440208e-08 0.000000000000000000e+00 3.887972118350318652e-10 0.000000000000000000e+00 7.654751017364440208e-08 0.000000000000000000e+00 7.654751017364440208e-08
1.310020159349736844e+02 5.720509696638165146e-10 6.896421107465748969e-08 0.000000000000000000e+00 5.720509696638165146e-10 0.000000000000000000e+00 6.896421107465748969e-08 0.000000000000000000e+00 6.896421107465748969e-08
1.458150779564580262e+02 7.487085598723141140e-10 6.184567650915133188e-08 0.000000000000000000e+00 7.487085598723141140e-10 0.000000000000000000e+00 6.184567650915133188e-08 0.000000000000000000e+00 6.184567650915133188e-08
1.623031279915676635e+02 9.582945277647256744e-10 5.481163243313833435e-08 0.000000000000000000e+00 9.582945277647256744e-10 0.000000000000000000e+00 5.481163243313833435e-08 0.000000000000000000e+00 5.481163243313833435e-08
1.806555654259147161e+02 1.146749195687877635e-09 4.851749414266617844e-08 0.000000000000000000e+00 1.146749195687877635e-09 0.000000000000000000e+00 4.851749414266617844e-08 0.000000000000000000e+00 4.851749414266617844e-08
2.010832059937378347e+02 1.291612852727150299e-09 4.308068388881998294e-08 0.000000000000000000e+00 1.291612852727150299e-09 0.000000000000000000e+00 4.308068388881998294e-08 0.000000000000000000e+00 4.308068388881998294e-08
2.238207034330328042e+02 1.448338891883913981e-09 3.780671592319099059e-08 0.000000000000000000e+00 1.448338891883913981e-09 0.000000000000000000e+00 3.780671592319099059e-08 0.000000000000000000e+00 3.780671592319099059e-08
2.491292449694543905e+02 1.613020810885678793e-09 3.274866860955873492e-08 0.000000000000000000e+00 1.613020810885678793e-09 0.000000000000000000e+00 3.274866860955873492e-08 0.000000000000000000e+00 3.274866860955873492e-08
2.772995515922919481e+02 1.721947223388383104e-09 2.841900762058075691e-08 0.000000000000000000e+00 1.721947223388383104e-09 0.000000000000000000e+00 2.841900762058075691e-08 0.000000000000000000e+00 2.841900762058075691e-08
3.086552175868076802e+02 1.824878610072614692e-09 2.432877115553442197e-08 0.000000000000000000e+00 1.824878610072614692e-09 0.000000000000000000e+00 2.432877115553442197e-08 0.000000000000000000e+00 2.432877115553442197e-08
3.435564276845046834e+02 1.916457129671354580e-09 2.056499228884632479e-08 0.000000000000000000e+00 1.916457129671354580e-09 0.000000000000000000e+00 2.056499228884632479e-08 0.000000000000000000e+00 2.056499228884632479e-08
3.824040945302937757e+02 1.969362654477743648e-09 1.738709889581251284e-08 0.000000000000000000e+00 1.969362654477743648e-09 0.000000000000000000e+00 1.738709889581251284e-08 0.000000000000000000e+00 1.738709889581251284e-08
4.256444639942141634e+02 2.011053729431670949e-09 1.458372700900091034e-08 0.000000000000000000e+00 2.011053729431670949e-09 0.000000000000000000e+00 1.458372700900091034e-08 0.000000000000000000e+00 1.458372700900091034e-08
4.737742412289155709e+02 2.033011119848961182e-09 1.222268725889347543e-08 0.000000000000000000e+00 2.033011119848961182e-09 0.000000000000000000e+00 1.222268725889347543e-08 0.000000000000000000e+00 1.222268725889347543e-08
5.273462963565856398e+02 2.033312251833670589e-09 1.022791519894201294e-08 0.000000000000000000e+00 2.033312251833670589e-09 0.000000000000000000e+00 1.022791519894201294e-08 0.000000000000000000e+00 1.022791519894201294e-08
5.869760153267689020e+02 2.019762800022292647e-09 8.485617449452380295e-09 0.000000000000000000e+00 2.019762800022292647e-09 0.000000000000000000e+00 8.485617449452380295e-09 0.000000000000000000e+00 8.485617449452380295e-09
6.533483688978308237e+02 1.986834108577537371e-09 6.989184676068819398e-09 0.000000000000000000e+00 1.986834108577537371e-09 0.000000000000000000e+00 6.989184676068819398e-09 0.000000000000000000e+00 6.989184676068819398e-09
7.272257809440862957e+02 1.938883869840376374e-09 5.722345729982758658e-09 0.000000000000000000e+00 1.938883869840376374e-09 0.000000000000000000e+00 5.722345729982758658e-09 0.000000000000000000e+00 5.722345729982758658e-09
8.094568864722074295e+02 1.878289130841884767e-09 4.674687826304001271e-09 0.000000000000000000e+00 1.878289130841884767e-09 0.000000000000000000e+00 4.674687826304001271e-09 0.000000000000000000e+00 4.674687826304001271e-09
9.009862799510120794e+02 1.806080433205055300e-09 3.811960635347193111e-09 0.000000000000000000e+00 1.806080433205055300e-09 0.000000000000000000e+00 3.811960635347193111e-09 0.000000000000000000e+00 3.811960635347193111e-09
1.002865365934268880e+03 1.725284729319813767e-09 3.084214465106755908e-09 0.000000000000000000e+00 1.725284729319813767e-09 0.000000000000000000e+00 3.084214465106755908e-09 0.000000000000000000e+00 3.084214465106755908e-09
1.116264436618460877e+03 1.636218971755383681e-09 2.485968700674183475e-09 0.000000000000000000e+00 1.636218971755383681e-09 0.000000000000000000e+00 2.485968700674183475e-09 0.000000000000000000e+00 2.485968700674183475e-09
1.242486115071199492e+03 1.541805170778978590e-09 1.999818847292033468e-09 0.000000000000000000e+00 1.541805170778978590e-09 0.000000000000000000e+00 1.999818847292033468e-09 0.000000000000000000e+00 1.999818847292033468e-09
1.382980318553656389e+03 1.443712242084472005e-09 1.600695686030122524e-09 0.000000000000000000e+00 1.443712242084472005e-09 0.000000000000000000e+00 1.600695686030122524e-09 0.000000000000000000e+00 1.600695686030122524e-09
1.539360913821697523e+03 1.343419615522748721e-09 1.277241286116366948e-09 0.000000000000000000e+00 1.343419615522748721e-09 0.000000000000000000e+00 1.277241286116366948e-09 0.000000000000000000e+00 1.277241286116366948e-09
1.713424255726343517e+03 1.242741191120214430e-09 1.015675161362552481e-09 0.000000000000000000e+00 1.242741191120214430e-09 0.000000000000000000e+00 1.015675161362552481e-09 0.000000000000000000e+00 1.015675161362552481e-09
1.907169822067742189e+03 1.142796403798350418e-09 8.051055842202850820e-10 0.000000000000000000e+00 1.142796403798350418e-09 0.000000000000000000e+00 8.051055842202850820e-10 0.000000000000000000e+00 8.051055842202850820e-10
2.122823181736748211e+03 1.044871696097908694e-09 6.362394582255060324e-10 0.000000000000000000e+00 1.044871696097908694e-09 0.000000000000000000e+00 6.362394582255060324e-10 0.000000000000000000e+00 6.362394582255060324e-10
2.362861559980607581e+03 9.499169021907711100e-10 5.013646902309302356e-10 0.000000000000000000e+00 9.499169021907711100e-10 0.000000000000000000e+00 5.013646902309302356e-10 0.000000000000000000e+00 5.013646902309302356e-10
2.630042294462951304e+03 8.587438940502541282e-10 3.939757072483460407e-10 0.000000000000000000e+00 8.587438940502541282e-10 0.000000000000000000e+00 3.939757072483460407e-10 0.000000000000000000e+00 3.939757072483460407e-10
2.927434508994474982e+03 7.720226572723279321e-10 3.087751466904207432e-10 0.000000000000000000e+00 7.720226572723279321e-10 0.000000000000000000e+00 3.087751466904207432e-10 0.000000000000000000e+00 3.087751466904207432e-10
3.258454368773508122e+03 6.902582116969057512e-10 2.413929530020832267e-10 0.000000000000000000e+00 6.902582116969057512e-10 0.000000000000000000e+00 2.413929530020832267e-10 0.000000000000000000e+00 2.413929530020832267e-10
3.626904322114499791e+03 6.138156032252201178e-10 1.882634518993818863e-10 0.000000000000000000e+00 6.138156032252201178e-10 0.000000000000000000e+00 1.882634518993818863e-10 0.000000000000000000e+00 1.882634518993818863e-10
4.037016779438275080e+03 5.429254342069310114e-10 1.464922869376981116e-10 0.000000000000000000e+00 5.429254342069310114e-10 0.000000000000000000e+00 1.464922869376981116e-10 0.000000000000000000e+00 1.464922869376981116e-10
4.493502731267226409e+03 4.776886641509071456e-10 1.137406282774699431e-10 0.000000000000000000e+00 4.776886641509071456e-10 0.000000000000000000e+00 1.137406282774699431e-10 0.000000000000000000e+00 1.137406282774699431e-10
5.001605863702974602e+03 4.181055450440195776e-10 8.812776992518167093e-11 0.000000000000000000e+00 4.181055450440195776e-10 0.000000000000000000e+00 8.812776992518167093e-11 0.000000000000000000e+00 8.812776992518167093e-11
5.567162793016338583e+03 3.640743059192215290e-10 6.814695603745710898e-11 0.000000000000000000e+00 3.640743059192215290e-10 0.000000000000000000e+00 6.814695603745710898e-11 0.000000000000000000e+00 6.814695603745710898e-11
6.196670111266974345e+03 3.154228671571095306e-10 5.259635362975789342e-11 0.000000000000000000e+00 3.154228671571095306e-10 0.000000000000000000e+00 5.259635362975789342e-11 0.000000000000000000e+00 5.259635362975789342e-11
6.897359013111165041e+03 2.719103963931376359e-10 4.052075721830806958e-11 0.000000000000000000e+00 2.719103963931376359e-10 0.000000000000000000e+00 4.052075721830806958e-11 0.000000000000000000e+00 4.052075721830806958e-11
7.677278361042189317e+03 2.332497312249213967e-10 3.116356061164172630e-11 0.000000000000000000e+00 2.332497312249213967e-10 0.000000000000000000e+00 3.116356061164172630e-11 0.000000000000000000e+00 3.116356061164172630e-11
8.545387143236317570e+03 1.991195034223259123e-10 2.392750392340665084e-11 0.000000000000000000e+00 1.991195034223259123e-10 0.000000000000000000e+00 2.392750392340665084e-11 0.000000000000000000e+00 2.392750392340665084e-11
9.511657386079081334e+03 1.691789411938216074e-10 1.834258174018335389e-11 0.000000000000000000e+00 1.691789411938216074e-10 0.000000000000000000e+00 1.834258174018335389e-11 0.000000000000000000e+00 1.834258174018335389e-11
1.058718870352829254e+04 1.395155822771472220e-10 1.396524624532324395e-11 0.000000000000000000e+00 1.395155822771472220e-10 0.000000000000000000e+00 1.396524624532324395e-11 0.000000000000000000e+00 1.396524624532324395e-11
1.178433579916051713e+04 1.176373385405029427e-10 1.067481480096333036e-11 0.000000000000000000e+00 1.176373385405029427e-10 0.000000000000000000e+00 1.067481480096333036e-11 0.000000000000000000e+00 1.067481480096333036e-11
1.311685038551288017e+04 9.872662381733035210e-11 8.148265989206178032e-12 0.000000000000000000e+00 9.872662381733035210e-11 0.000000000000000000e+00 8.148265989206178032e-12 0.000000000000000000e+00 8.148265989206178032e-12
1.460003915097147365e+04 8.247718298220663889e-11 6.211369845421610574e-12 0.000000000000000000e+00 8.247718298220663889e-11 0.000000000000000000e+00 6.211369845421610574e-12 0.000000000000000000e+00 6.211369845421610574e-12
1.625093958876844590e+04 6.859559707413951222e-11 4.728802300071526404e-12 0.000000000000000000e+00 6.859559707413951222e-11 0.000000000000000000e+00 4.728802300071526404e-12 0.000000000000000000e+00 4.728802300071526404e-12
1.808851570786662342e+04 5.347161149207081492e-11 3.515597994348154513e-12 0.000000000000000000e+00 5.347161149207081492e-11 0.000000000000000000e+00 3.515597994348154513e-12 0.000000000000000000e+00 3.515597994348154513e-12
2.013387587385212828e+04 4.421837055497158312e-11 2.670607524507689658e-12 0.000000000000000000e+00 4.421837055497158312e-11 0.000000000000000000e+00 2.670607524507689658e-12 0.000000000000000000e+00 2.670607524507689658e-12
2.241051528221264743e+04 3.640455665423618923e-11 2.026374411509290163e-12 0.000000000000000000e+00 3.640455665423618923e-11 0.000000000000000000e+00 2.026374411509290163e-12 0.000000000000000000e+00 2.026374411509290163e-12
2.494458584929090648e+04 2.984451776033216688e-11 1.535862446033035331e-12 0.000000000000000000e+00 2.984451776033216688e-11 0.000000000000000000e+00 1.535862446033035331e-12 0.000000000000000000e+00 1.535862446033035331e-12
2.776519662118276028e+04 2.227155431874697584e-11 1.111368339002282968e-12 0.000000000000000000e+00 2.227155431874697584e-11 0.000000000000000000e+00 1.111368339002282968e-12 0.000000000000000000e+00 1.111368339002282968e-12
3.090474815138586200e+04 1.816847331634750695e-11 8.408300255784765002e-13 0.000000000000000000e+00 1.816847331634750695e-11 0.000000000000000000e+00 8.408300255784765002e-13 0.000000000000000000e+00 8.408300255784765002e-13
3.439930468822552211e+04 1.312415528635128099e-11 5.933764220655192198e-13 0.000000000000000000e+00 1.312415528635128099e-11 0.000000000000000000e+00 5.933764220655192198e-13 0.000000000000000000e+00 5.933764220655192198e-13
3.828900844740607135e+04 9.244505733537338485e-12 4.096682502231814070e-13 0.000000000000000000e+00 9.244505733537338485e-12 0.000000000000000000e+00 4.096682502231814070e-13 0.000000000000000000e+00 4.096682502231814070e-13
4.261854072845193878e+04 7.506631174349881038e-12 3.092449917868497965e-13 0.000000000000000000e+00 7.506631174349881038e-12 0.000000000000000000e+00 3.092449917868497965e-13 0.000000000000000000e+00 3.092449917868497965e-13
4.743763517192281142e+04 5.181759306124089347e-12 2.093476962898496325e-13 0.000000000000000000e+00 5.181759306124089347e-12 0.000000000000000000e+00 2.093476962898496325e-13 0.000000000000000000e+00 2.093476962898496325e-13
