1.056032981064548126e+00 4.863388742978619450e-19 9.824170319512148499e-10 0.000000000000000000e+00 4.863388742978619450e-19 0.000000000000000000e+00 9.824170319512148499e-10 0.000000000000000000e+00 9.824170319512148499e-10
1.175443983510534363e+00 4.755081720706599653e-19 1.054727667002632363e-09 0.000000000000000000e+00 4.755081720706599653e-19 0.000000000000000000e+00 1.054727667002632363e-09 0.000000000000000000e+00 1.054727667002632363e-09
1.308357393325258133e+00 4.627351727832068312e-19 1.134950767091990734e-09 0.000000000000000000e+00 4.627351727832068312e-19 0.000000000000000000e+00 1.134950767091990734e-09 0.000000000000000000e+00 1.134950767091990734e-09
1.456299996156748877e+00 4.481325348700779810e-19 1.223936164447214627e-09 0.000000000000000000e+00 4.481325348700779810e-19 0.000000000000000000e+00 1.223936164447214627e-09 0.000000000000000000e+00 1.223936164447214627e-09
1.620971219045888478e+00 4.317249271783743284e-19 1.322621739592532717e-09 0.000000000000000000e+00 4.317249271783743284e-19 0.000000000000000000e+00 1.322621739592532717e-09 0.000000000000000000e+00 1.322621739592532717e-09
1.804262651863866251e+00 4.135806680702029368e-19 1.432041270784055366e-09 0.000000000000000000e+00 4.135806680702029368e-19 0.000000000000000000e+00 1.432041270784055366e-09 0.000000000000000000e+00 1.432041270784055366e-09
2.008279776137516404e+00 3.937730410379741617e-19 1.553333400863194505e-09 0.000000000000000000e+00 3.937730410379741617e-19 0.000000000000000000e+00 1.553333400863194505e-09 0.000000000000000000e+00 1.553333400863194505e-09
2.235366150863083323e+00 3.723733675882753591e-19 1.687750236381335375e-09 0.000000000000000000e+00 3.723733675882753591e-19 0.000000000000000000e+00 1.687750236381335375e-09 0.000000000000000000e+00 1.687750236381335375e-09
2.488130333132567262e+00 3.495935994199591341e-19 1.836665877618271645e-09 0.000000000000000000e+00 3.495935994199591341e-19 0.000000000000000000e+00 1.836665877618271645e-09 0.000000000000000000e+00 1.836665877618271645e-09
2.769475842811750965e+00 3.261306517093591448e-19 2.001586210446588385e-09 0.000000000000000000e+00 3.261306517093591448e-19 0.000000000000000000e+00 2.001586210446588385e-09 0.000000000000000000e+00 2.001586210446588385e-09
3.082634515476230241e+00 3.024176131407770532e-19 2.184155974364333612e-09 0.000000000000000000e+00 3.024176131407770532e-19 0.000000000000000000e+00 2.184155974364333612e-09 0.000000000000000000e+00 2.184155974364333612e-09
3.431203626733101864e+00 2.777960189761124428e-19 2.386166718632628789e-09 0.000000000000000000e+00 2.777960189761124428e-19 0.000000000000000000e+00 2.386166718632628789e-09 0.000000000000000000e+00 2.386166718632628789e-09
3.819187214377767425e+00 2.503577654751030127e-19 2.609563065845812998e-09 0.000000000000000000e+00 2.503577654751030127e-19 0.000000000000000000e+00 2.609563065845812998e-09 0.000000000000000000e+00 2.609563065845812998e-09
4.251042073056519932e+00 2.212002768191684314e-19 2.856443502712976211e-09 0.000000000000000000e+00 2.212002768191684314e-19 0.000000000000000000e+00 2.856443502712976211e-09 0.000000000000000000e+00 2.856443502712976211e-09
4.731728949778890581e+00 1.990390475587670152e-19 3.129063786590064636e-09 0.000000000000000000e+00 1.990390475587670152e-19 0.000000000000000000e+00 3.129063786590064636e-09 0.000000000000000000e+00 3.129063786590064636e-09
5.266769528365972342e+00 1.791783646096608081e-19 3.429830318190866368e-09 0.000000000000000000e+00 1.791783646096608081e-19 0.000000000000000000e+00 3.429830318190866368e-09 0.000000000000000000e+00 3.429830318190866368e-09
5.862309857419115922e+00 1.287907177693580200e-19 3.761292475761260840e-09 0.000000000000000000e+00 1.287907177693580200e-19 0.000000000000000000e+00 3.761292475761260840e-09 0.000000000000000000e+00 3.761292475761260840e-09
6.525190950410857837e+00 4.962900933797866544e-20 4.126123503319985853e-09 0.000000000000000000e+00 4.962900933797866544e-20 0.000000000000000000e+00 4.126123503319985853e-09 0.000000000000000000e+00 4.126123503319985853e-09
7.263027368885755841e+00 6.036921555497792873e-20 4.527086301406235152e-09 0.000000000000000000e+00 6.036921555497792873e-20 0.000000000000000000e+00 4.527086301406235152e-09 0.000000000000000000e+00 4.527086301406235152e-09
8.084294691462201143e+00 2.840658546284845782e-19 4.967006601861590179e-09 0.000000000000000000e+00 2.840658546284845782e-19 0.000000000000000000e+00 4.967006601861590179e-09 0.000000000000000000e+00 4.967006601861590179e-09
8.998426873397548320e+00 3.521985189302667373e-19 5.448736387566187509e-09 0.000000000000000000e+00 3.521985189302667373e-19 0.000000000000000000e+00 5.448736387566187509e-09 0.000000000000000000e+00 5.448736387566187509e-09
1.001592461509324039e+01 -6.393445261638437860e-19 5.975105757750192181e-09 0.000000000000000000e+00 -6.393445261638437860e-19 0.000000000000000000e+00 5.975105757750192181e-09 0.000000000000000000e+00 5.975105757750192181e-09
1.114847598437533449e+01 -1.613009105518524874e-18 6.548846280148569658e-09 0.000000000000000000e+00 -1.613009105518524874e-18 0.000000000000000000e+00 6.548846280148569658e-09 0.000000000000000000e+00 6.548846280148569658e-09
1.240909067814867583e+01 1.624301758758428550e-18 7.172507619256844213e-09 0.000000000000000000e+00 1.624301758758428550e-18 0.000000000000000000e+00 7.172507619256844213e-09 0.000000000000000000e+00 7.172507619256844213e-09
1.381224946569640366e+01 6.836361879806247547e-18 7.848336909212464394e-09 0.000000000000000000e+00 6.836361879806247547e-18 0.000000000000000000e+00 7.848336909212464394e-09 0.000000000000000000e+00 7.848336909212464394e-09
1.537407053029052229e+01 -2.076275739810538847e-18 8.578164477504997225e-09 0.000000000000000000e+00 -2.076275739810538847e-18 0.000000000000000000e+00 8.578164477504997225e-09 0.000000000000000000e+00 8.578164477504997225e-09
1.711249461989307719e+01 -2.704037456085488489e-17 9.363256084223542950e-09 0.000000000000000000e+00 -2.704037456085488489e-17 0.000000000000000000e+00 9.363256084223542950e-09 0.000000000000000000e+00 9.363256084223542950e-09
1.904749113378321468e+01 -1.005646753302286695e-17 1.020408051479138143e-08 0.000000000000000000e+00 -1.005646753302286695e-17 0.000000000000000000e+00 1.020408051479138143e-08 0.000000000000000000e+00 1.020408051479138143e-08
2.120128751244688203e+01 9.953234859091452164e-17 1.110015677783122423e-08 0.000000000000000000e+00 9.953234859091452164e-17 0.000000000000000000e+00 1.110015677783122423e-08 0.000000000000000000e+00 1.110015677783122423e-08
2.359862456574094125e+01 1.237073397212545232e-16 1.204980193112887449e-08 0.000000000000000000e+00 1.237073397212545232e-16 0.000000000000000000e+00 1.204980193112887449e-08 0.000000000000000000e+00 1.204980193112887449e-08
2.626704067231091244e+01 -2.340502365672088426e-16 1.304983945895033609e-08 0.000000000000000000e+00 -2.340502365672088426e-16 0.000000000000000000e+00 1.304983945895033609e-08 0.000000000000000000e+00 1.304983945895033609e-08
2.923718811487309566e+01 -8.020479945620583000e-16 1.409531308708936867e-08 0.000000000000000000e+00 -8.020479945620583000e-16 0.000000000000000000e+00 1.409531308708936867e-08 0.000000000000000000e+00 1.409531308708936867e-08
3.254318518513449021e+01 -1.132677320304561433e-15 1.517923423206096303e-08 0.000000000000000000e+00 -1.132677320304561433e-15 0.000000000000000000e+00 1.517923423206096303e-08 0.000000000000000000e+00 1.517923423206096303e-08
3.622300810299908846e+01 -1.199549240129211152e-15 1.629215628248552894e-08 0.000000000000000000e+00 -1.199549240129211152e-15 0.000000000000000000e+00 1.629215628248552894e-08 0.000000000000000000e+00 1.629215628248552894e-08
4.031892725206589034e+01 -1.254687815460838224e-15 1.742192533624808985e-08 0.000000000000000000e+00 -1.254687815460838224e-15 0.000000000000000000e+00 1.742192533624808985e-08 0.000000000000000000e+00 1.742192533624808985e-08
4.487799274248540371e+01 -1.381161526198321786e-15 1.855327557129311302e-08 0.000000000000000000e+00 -1.381161526198321786e-15 0.000000000000000000e+00 1.855327557129311302e-08 0.000000000000000000e+00 1.855327557129311302e-08
4.995257487887015913e+01 -1.477907357338070197e-15 1.966748604951412431e-08 0.000000000000000000e+00 -1.477907357338070197e-15 0.000000000000000000e+00 1.966748604951412431e-08 0.000000000000000000e+00 1.966748604951412431e-08
5.560096574165519456e+01 -1.458021469938444105e-15 2.074214125092708508e-08 0.000000000000000000e+00 -1.458021469938444105e-15 0.000000000000000000e+00 2.074214125092708508e-08 0.000000000000000000e+00 2.074214125092708508e-08
6.188804879230252709e+01 -1.287084816880247919e-15 2.175078637329555133e-08 0.000000000000000000e+00 -1.287084816880247919e-15 0.000000000000000000e+00 2.175078637329555133e-08 0.000000000000000000e+00 2.175078637329555133e-08
6.888604419417499969e+01 -9.150176895893884800e-16 2.266303795298820042e-08 0.000000000000000000e+00 -9.150176895893884800e-16 0.000000000000000000e+00 2.266303795298820042e-08 0.000000000000000000e+00 2.266303795298820042e-08
7.667533841060405564e+01 -2.361044798579797567e-16 2.344444990713370901e-08 0.000000000000000000e+00 -2.361044798579797567e-16 0.000000000000000000e+00 2.344444990713370901e-08 0.000000000000000000e+00 2.344444990713370901e-08
8.534540760983165342e+01 8.587917669072954480e-16 2.405755495702231574e-08 0.000000000000000000e+00 8.587917669072954480e-16 0.000000000000000000e+00 2.405755495702231574e-08 0.000000000000000000e+00 2.405755495702231574e-08
9.499584548401358575e+01 2.504124994513578940e-15 2.446259269090187976e-08 0.000000000000000000e+00 2.504124994513578940e-15 0.000000000000000000e+00 2.446259269090187976e-08 0.000000000000000000e+00 2.446259269090187976e-08
1.057375072889466310e+02 4.805359405778910765e-15 2.462013123457398593e-08 0.000000000000000000e+00 4.805359405778910765e-15 0.000000000000000000e+00 2.462013123457398593e-08 0.000000000000000000e+00 2.462013123457398593e-08
1.176937832461472624e+02 7.849806401669320697e-15 2.449431217377933188e-08 0.000000000000000000e+00 7.849806401669320697e-15 0.000000000000000000e+00 2.449431217377933188e-08 0.000000000000000000e+00 2.449431217377933188e-08
1.310020159349736844e+02 1.165279276665470444e-14 2.405750200270778847e-08 0.000000000000000000e+00 1.165279276665470444e-14 0.000000000000000000e+00 2.405750200270778847e-08 0.000000000000000000e+00 2.405750200270778847e-08
1.458150779564580262e+02 1.611799052458546596e-14 2.329749352762738272e-08 0.000000000000000000e+00 1.611799052458546596e-14 0.000000000000000000e+00 2.329749352762738272e-08 0.000000000000000000e+00 2.329749352762738272e-08
1.623031279915676635e+02 2.102903769541841207e-14 2.222266747819720792e-08 0.000000000000000000e+00 2.102903769541841207e-14 0.000000000000000000e+00 2.222266747819720792e-08 0.000000000000000000e+00 2.222266747819720792e-08
1.806555654259147161e+02 2.614183830919736707e-14 2.087163678537378902e-08 0.000000000000000000e+00 2.614183830919736707e-14 0.000000000000000000e+00 2.087163678537378902e-08 0.000000000000000000e+00 2.087163678537378902e-08
2.010832059937378347e+02 3.114057815883115149e-14 1.931455906243286587e-08 0.000000000000000000e+00 3.114057815883115149e-14 0.000000000000000000e+00 1.931455906243286587e-08 0.000000000000000000e+00 1.931455906243286587e-08
2.238207034330328042e+02 3.607572625993704147e-14 1.765019395705403150e-08 0.000000000000000000e+00 3.607572625993704147e-14 0.000000000000000000e+00 1.765019395705403150e-08 0.000000000000000000e+00 1.765019395705403150e-08
2.491292449694543905e+02 4.131490297311458885e-14 1.599842633360480857e-08 0.000000000000000000e+00 4.131490297311458885e-14 0.000000000000000000e+00 1.599842633360480857e-08 0.000000000000000000e+00 1.599842633360480857e-08
2.772995515922919481e+02 4.760252674868142989e-14 1.447298085521338652e-08 0.000000000000000000e+00 4.760252674868142989e-14 0.000000000000000000e+00 1.447298085521338652e-08 0.000000000000000000e+00 1.447298085521338652e-08
3.086552175868076802e+02 5.621645902519487247e-14 1.315769745873330651e-08 0.000000000000000000e+00 5.621645902519487247e-14 0.000000000000000000e+00 1.315769745873330651e-08 0.000000000000000000e+00 1.315769745873330651e-08
3.435564276845046834e+02 6.835823362849194033e-14 1.207261188488172451e-08 0.000000000000000000e+00 6.835823362849194033e-14 0.000000000000000000e+00 1.207261188488172451e-08 0.000000000000000000e+00 1.207261188488172451e-08
3.824040945302937757e+02 8.383776850747858461e-14 1.115066610321111299e-08 0.000000000000000000e+00 8.383776850747858461e-14 0.000000000000000000e+00 1.115066610321111299e-08 0.000000000000000000e+00 1.115066610321111299e-08
4.256444639942141634e+02 9.860161197833938556e-14 1.024793379212486230e-08 0.000000000000000000e+00 9.860161197833938556e-14 0.000000000000000000e+00 1.024793379212486230e-08 0.000000000000000000e+00 1.024793379212486230e-08
4.737742412289155709e+02 1.050415556144303206e-13 9.213589045152702929e-09 0.000000000000000000e+00 1.050415556144303206e-13 0.000000000000000000e+00 9.213589045152702929e-09 0.000000000000000000e+00 9.213589045152702929e-09
5.273462963565856398e+02 1.000575809433025900e-13 8.006446532958183413e-09 0.000000000000000000e+00 1.000575809433025900e-13 0.000000000000000000e+00 8.006446532958183413e-09 0.000000000000000000e+00 8.006446532958183413e-09
5.869760153267689020e+02 9.209573612050786018e-14 6.760119065031107255e-09 0.000000000000000000e+00 9.209573612050786018e-14 0.000000000000000000e+00 6.760119065031107255e-09 0.000000000000000000e+00 6.760119065031107255e-09
6.533483688978308237e+02 9.428128359210169669e-14 5.694135229554949528e-09 0.000000000000000000e+00 9.428128359210169669e-14 0.000000000000000000e+00 5.694135229554949528e-09 0.000000000000000000e+00 5.694135229554949528e-09
7.272257809440862957e+02 1.112608535527612119e-13 4.911619254717678017e-09 0.000000000000000000e+00 1.112608535527612119e-13 0.000000000000000000e+00 4.911619254717678017e-09 0.000000000000000000e+00 4.911619254717678017e-09
8.094568864722074295e+02 1.206003821655442209e-13 4.287683187363444689e-09 0.000000000000000000e+00 1.206003821655442209e-13 0.000000000000000000e+00 4.287683187363444689e-09 0.000000000000000000e+00 4.287683187363444689e-09
9.009862799510120794e+02 1.036094345384403563e-13 3.651885725703473862e-09 0.000000000000000000e+00 1.036094345384403563e-13 0.000000000000000000e+00 3.651885725703473862e-09 0.000000000000000000e+00 3.651885725703473862e-09
1.002865365934268880e+03 9.375621938411504413e-14 3.036166166202353806e-09 0.000000000000000000e+00 9.375621938411504413e-14 0.000000000000000000e+00 3.036166166202353806e-09 0.000000000000000000e+00 3.036166166202353806e-09
1.116264436618460877e+03 1.069944938233294054e-13 2.539516042442761619e-09 0.000000000000000000e+00 1.069944938233294054e-13 0.000000000000000000e+00 2.539516042442761619e-09 0.000000000000000000e+00 2.539516042442761619e-09
1.242486115071199492e+03 9.712042756763234833e-14 2.117324587024246553e-09 0.000000000000000000e+00 9.712042756763234833e-14 0.000000000000000000e+00 2.117324587024246553e-09 0.000000000000000000e+00 2.117324587024246553e-09
1.382980318553656389e+03 8.570181708645370071e-14 1.746628147887540181e-09 0.000000000000000000e+00 8.570181708645370071e-14 0.000000000000000000e+00 1.746628147887540181e-09 0.000000000000000000e+00 1.746628147887540181e-09
1.539360913821697523e+03 8.943432043634187100e-14 1.445424560517003397e-09 0.000000000000000000e+00 8.943432043634187100e-14 0.000000000000000000e+00 1.445424560517003397e-09 0.000000000000000000e+00 1.445424560517003397e-09
1.713424255726343517e+03 7.591212825917138713e-14 1.178996381385695823e-09 0.000000000000000000e+00 7.591212825917138713e-14 0.000000000000000000e+00 1.178996381385695823e-09 0.000000000000000000e+00 1.178996381385695823e-09
1.907169822067742189e+03 7.480867451296423556e-14 9.622731113720083198e-10 0.000000000000000000e+00 7.480867451296423556e-14 0.000000000000000000e+00 9.622731113720083198e-10 0.000000000000000000e+00 9.622731113720083198e-10
2.122823181736748211e+03 6.569865296704205698e-14 7.810189566495823498e-10 0.000000000000000000e+00 6.569865296704205698e-14 0.000000000000000000e+00 7.810189566495823498e-10 0.000000000000000000e+00 7.810189566495823498e-10
2.362861559980607581e+03 6.063416977186658510e-14 6.308119402867021179e-10 0.000000000000000000e+00 6.063416977186658510e-14 0.000000000000000000e+00 6.308119402867021179e-10 0.000000000000000000e+00 6.308119402867021179e-10
2.630042294462951304e+03 5.505456819539647348e-14 5.078206375522999486e-10 0.000000000000000000e+00 5.505456819539647348e-14 0.000000000000000000e+00 5.078206375522999486e-10 0.000000000000000000e+00 5.078206375522999486e-10
2.927434508994474982e+03 4.916865745467865257e-14 4.069219307106718531e-10 0.000000000000000000e+00 4.916865745467865257e-14 0.000000000000000000e+00 4.069219307106718531e-10 0.000000000000000000e+00 4.069219307106718531e-10
3.258454368773508122e+03 4.387575598595165456e-14 3.250476822366353554e-10 0.000000000000000000e+00 4.387575598595165456e-14 0.000000000000000000e+00 3.250476822366353554e-10 0.000000000000000000e+00 3.250476822366353554e-10
3.626904322114499791e+03 3.904218883432298506e-14 2.586652497409698725e-10 0.000000000000000000e+00 3.904218883432298506e-14 0.000000000000000000e+00 2.586652497409698725e-10 0.000000000000000000e+00 2.586652497409698725e-10
4.037016779438275080e+03 3.456110423167211838e-14 2.051767279337397124e-10 0.000000000000000000e+00 3.456110423167211838e-14 0.000000000000000000e+00 2.051767279337397124e-10 0.000000000000000000e+00 2.051767279337397124e-10
4.493502731267226409e+03 3.046818283790564440e-14 1.622332677250037968e-10 0.000000000000000000e+00 3.046818283790564440e-14 0.000000000000000000e+00 1.622332677250037968e-10 0.000000000000000000e+00 1.622332677250037968e-10
5.001605863702974602e+03 2.674344414539324302e-14 1.278913184543713788e-10 0.000000000000000000e+00 2.674344414539324302e-14 0.000000000000000000e+00 1.278913184543713788e-10 0.000000000000000000e+00 1.278913184543713788e-10
5.567162793016338583e+03 2.338432528941427033e-14 1.005315938739626484e-10 0.000000000000000000e+00 2.338432528941427033e-14 0.000000000000000000e+00 1.005315938739626484e-10 0.000000000000000000e+00 1.005315938739626484e-10
6.196670111266974345e+03 2.036920964759595702e-14 7.881115338137460419e-11 0.000000000000000000e+00 2.036920964759595702e-14 0.000000000000000000e+00 7.881115338137460419e-11 0.000000000000000000e+00 7.881115338137460419e-11
6.897359013111165041e+03 1.767511287123081042e-14 6.162428942751577917e-11 0.000000000000000000e+00 1.767511287123081042e-14 0.000000000000000000e+00 6.162428942751577917e-11 0.000000000000000000e+00 6.162428942751577917e-11
7.677278361042189317e+03 1.527720109572761259e-14 4.806736054041288460e-11 0.000000000000000000e+00 1.527720109572761259e-14 0.000000000000000000e+00 4.806736054041288460e-11 0.000000000000000000e+00 4.806736054041288460e-11
8.545387143236317570e+03 1.315178195419808635e-14 3.740535017672283470e-11 0.000000000000000000e+00 1.315178195419808635e-14 0.000000000000000000e+00 3.740535017672283470e-11 0.000000000000000000e+00 3.740535017672283470e-11
9.511657386079081334e+03 1.127424142668917652e-14 2.904361889727267482e-11 0.000000000000000000e+00 1.127424142668917652e-14 0.000000000000000000e+00 2.904361889727267482e-11 0.000000000000000000e+00 2.904361889727267482e-11
1.058718870352829254e+04 9.622648962412532749e-15 2.250341512671495813e-11 0.000000000000000000e+00 9.622648962412532749e-15 0.000000000000000000e+00 2.250341512671495813e-11 0.000000000000000000e+00 2.250341512671495813e-11
1.178433579916051713e+04 8.175008281881452786e-15 1.740087013407133437e-11 0.000000000000000000e+00 8.175008281881452786e-15 0.000000000000000000e+00 1.740087013407133437e-11 0.000000000000000000e+00 1.740087013407133437e-11
1.311685038551288017e+04 6.911836692699249027e-15 1.342947379575759814e-11 0.000000000000000000e+00 6.911836692699249027e-15 0.000000000000000000e+00 1.342947379575759814e-11 0.000000000000000000e+00 1.342947379575759814e-11
1.460003915097147365e+04 5.814480248828972789e-15 1.034547632350525915e-11 0.000000000000000000e+00 5.814480248828972789e-15 0.000000000000000000e+00 1.034547632350525915e-11 0.000000000000000000e+00 1.034547632350525915e-11
1.625093958876844590e+04 4.866016019571460051e-15 7.955758330287557248e-12 0.000000000000000000e+00 4.866016019571460051e-15 0.000000000000000000e+00 7.955758330287557248e-12 0.000000000000000000e+00 7.955758330287557248e-12
1.808851570786662342e+04 4.050589617034628750e-15 6.107827762349968256e-12 0.000000000000000000e+00 4.050589617034628750e-15 0.000000000000000000e+00 6.107827762349968256e-12 0.000000000000000000e+00 6.107827762349968256e-12
2.013387587385212828e+04 3.353502717076674031e-15 4.681645451588291938e-12 0.000000000000000000e+00 3.353502717076674031e-15 0.000000000000000000e+00 4.681645451588291938e-12 0.000000000000000000e+00 4.681645451588291938e-12
2.241051528221264743e+04 2.761160810705202538e-15 3.583003964493656985e-12 0.000000000000000000e+00 2.761160810705202538e-15 0.000000000000000000e+00 3.583003964493656985e-12 0.000000000000000000e+00 3.583003964493656985e-12
2.494458584929090648e+04 2.260939412360219883e-15 2.738179875456251379e-12 0.000000000000000000e+00 2.260939412360219883e-15 0.000000000000000000e+00 2.738179875456251379e-12 0.000000000000000000e+00 2.738179875456251379e-12
2.776519662118276028e+04 1.841211604877862147e-15 2.089633140543959270e-12 0.000000000000000000e+00 1.841211604877862147e-15 0.000000000000000000e+00 2.089633140543959270e-12 0.000000000000000000e+00 2.089633140543959270e-12
3.090474815138586200e+04 1.491298637225535613e-15 1.592564224706561562e-12 0.000000000000000000e+00 1.491298637225535613e-15 0.000000000000000000e+00 1.592564224706561562e-12 0.000000000000000000e+00 1.592564224706561562e-12
3.439930468822552211e+04 1.201474400328211667e-15 1.212177752090304496e-12 0.000000000000000000e+00 1.201474400328211667e-15 0.000000000000000000e+00 1.212177752090304496e-12 0.000000000000000000e+00 1.212177752090304496e-12
3.828900844740607135e+04 9.629971361676644100e-16 9.215110843870192597e-13 0.000000000000000000e+00 9.629971361676644100e-16 0.000000000000000000e+00 9.215110843870192597e-13 0.000000000000000000e+00 9.215110843870192597e-13
4.261854072845193878e+04 7.680112746952256572e-16 6.997153304384046558e-13 0.000000000000000000e+00 7.680112746952256572e-16 0.000000000000000000e+00 6.997153304384046558e-13 0.000000000000000000e+00 6.997153304384046558e-13
4.743763517192281142e+04 6.095789275530945130e-16 5.306998260266081334e-13 0.000000000000000000e+00 6.095789275530945130e-16 0.000000000000000000e+00 5.306998260266081334e-13 0.000000000000000000e+00 5.306998260266081334e-13
