1.056032981064548126e+00 2.314044022515549428e-09 7.769869176083161245e-08 0.000000000000000000e+00 2.314044021509427315e-09 1.006122321124680192e-18 2.336551082815145283e-08 1.592739416251745292e-08 7.859969621899217423e-08
1.175443983510534363e+00 3.240644318630386086e-09 1.129370355974352029e-07 0.000000000000000000e+00 3.240644316766233246e-09 1.864152711460023310e-18 3.198760241507052992e-08 2.496652959896096199e-08 1.142968582120605701e-07
1.308357393325258133e+00 3.240643898981026076e-09 1.207774507973256274e-07 0.000000000000000000e+00 3.240643897116873236e-09 1.864152711460015606e-18 3.419300585319232481e-08 2.671291911840683135e-08 1.222320422980991100e-07
1.456299996156748877e+00 3.240643392688835464e-09 1.293115056644755537e-07 0.000000000000000000e+00 3.240643390824682211e-09 1.864152711460005977e-18 3.659224733871893691e-08 2.861496303188157890e-08 1.308692814876939290e-07
1.620971219045888478e+00 3.728901745558688575e-09 1.604061843684331464e-07 0.000000000000000000e+00 3.728901742894707917e-09 2.663980935546700091e-18 4.353703083612320688e-08 3.738282028385402200e-08 1.623878231965523323e-07
1.804262651863866251e+00 3.728900993662572823e-09 1.722545260543232180e-07 0.000000000000000000e+00 3.728900990998591338e-09 2.663980935546682757e-18 4.671634661414834952e-08 4.017724191948188258e-08 1.743834411334785410e-07
2.008279776137516404e+00 3.968747285508593420e-09 1.997063815237744240e-07 0.000000000000000000e+00 3.968747282165605840e-09 3.342986637602204366e-18 5.262046661891100039e-08 4.828580970557632257e-08 2.022184208279381308e-07
2.235366150863083323e+00 3.968746177405031344e-09 2.148192582244761939e-07 0.000000000000000000e+00 3.968746174062045419e-09 3.342986637602177018e-18 5.654174269503098052e-08 5.199758641000469722e-08 2.175229463491697955e-07
2.488130333132567262e+00 4.081835630680413762e-09 2.409707991284273536e-07 0.000000000000000000e+00 4.081835626797112634e-09 3.883301544714151443e-18 6.218433204260278878e-08 5.979922356048791491e-08 2.440398978584919303e-07
2.769475842811750965e+00 4.133853554031790433e-09 2.654276960143878292e-07 0.000000000000000000e+00 4.133853549738787574e-09 4.293002333901818628e-18 6.758190936199455496e-08 6.701026468649372797e-08 2.688363610331337570e-07
3.082634515476230241e+00 4.167968524893292022e-09 2.915286469078772586e-07 0.000000000000000000e+00 4.167968520089170954e-09 4.804120997346955496e-18 7.321193458290630905e-08 7.496198211995285609e-08 2.953038960167533605e-07
3.431203626733101864e+00 4.172672942426016193e-09 3.149813353898113957e-07 0.000000000000000000e+00 4.172672937475485811e-09 4.950529955252076961e-18 7.872006475233044185e-08 8.148976878651236637e-08 3.190723848454549017e-07
3.819187214377767425e+00 4.175685528907625100e-09 3.399694433618915815e-07 0.000000000000000000e+00 4.175685523792287253e-09 5.115337919753300814e-18 8.454725132976807793e-08 8.851312823562922105e-08 3.443981510686467824e-07
4.251042073056519932e+00 4.176381518351807220e-09 3.658195168441294447e-07 0.000000000000000000e+00 4.176381513148468936e-09 5.203337926972020427e-18 9.064527941333977807e-08 9.565377471754523872e-08 3.705944425192531715e-07
4.731728949778890581e+00 4.176377055434410254e-09 3.926127534538200837e-07 0.000000000000000000e+00 4.176377050231072797e-09 5.203337926971898708e-18 9.700050311202908706e-08 1.029594530677649696e-07 3.977450788175085658e-07
5.266769528365972342e+00 4.176371560827419299e-09 4.206693441973807759e-07 0.000000000000000000e+00 4.176371555624082670e-09 5.203337926971750797e-18 1.035925180583351509e-07 1.106762235348587621e-07 4.261776198187493134e-07
5.862309857419115922e+00 4.176364829580469347e-09 4.498715518632893152e-07 0.000000000000000000e+00 4.176364824377131890e-09 5.203337926971570530e-18 1.103859351278494283e-07 1.187810180588268840e-07 4.557729742616298949e-07
6.525190950410857837e+00 4.176356537774502960e-09 4.798506441478285895e-07 0.000000000000000000e+00 4.176356532571164675e-09 5.203337926971349433e-18 1.172737987998096199e-07 1.271955059169590381e-07 4.861580403580047659e-07
7.263027368885755841e+00 4.176346345033788788e-09 5.104434981887316925e-07 0.000000000000000000e+00 4.176346339830451330e-09 5.203337926971076721e-18 1.242018459976413970e-07 1.358915343749132869e-07 5.171679346022121968e-07
8.084294691462201143e+00 4.176333825566124655e-09 5.413535908939937374e-07 0.000000000000000000e+00 4.176333820362787198e-09 5.203337926970740069e-18 1.310840163337561965e-07 1.448054900973554086e-07 5.485026076535149846e-07
8.998426873397548320e+00 4.176318439807152339e-09 5.721587431495622511e-07 0.000000000000000000e+00 4.176318434603814882e-09 5.203337926970327149e-18 1.378032359530039542e-07 1.538410332713869160e-07 5.797347134300276827e-07
1.001592461509324039e+01 4.176299522385691947e-09 6.023734448197207531e-07 0.000000000000000000e+00 4.176299517182354490e-09 5.203337926969819474e-18 1.442273784613650355e-07 1.628851063577423335e-07 6.103727374314712854e-07
1.114847598437533449e+01 4.176276166629194000e-09 6.314315963645593304e-07 0.000000000000000000e+00 4.176276161425855716e-09 5.203337926969190851e-18 1.502007017437208516e-07 1.718075117638584662e-07 6.398436257570081265e-07
1.240909067814867583e+01 4.176247272918129797e-09 6.587399472170101596e-07 0.000000000000000000e+00 4.176247267714792340e-09 5.203337926968418167e-18 1.555724027603136223e-07 1.804593018694642009e-07 6.675465133847908905e-07
1.381224946569640366e+01 4.176211657785372748e-09 6.837508485025304835e-07 0.000000000000000000e+00 4.176211652582035291e-09 5.203337926967465217e-18 1.602152869498984424e-07 1.886921419797123354e-07 6.929264225052866944e-07
1.537407053029052229e+01 4.176167734559591263e-09 7.057540849087857468e-07 0.000000000000000000e+00 4.176167729356252979e-09 5.203337926966288859e-18 1.639684280886559677e-07 1.963087176021205640e-07 7.152635152669442921e-07
1.711249461989307719e+01 4.176113450825227876e-09 7.239150257683619487e-07 0.000000000000000000e+00 4.176113445621889592e-09 5.203337926964836708e-18 1.666507429329661785e-07 2.030701223740462791e-07 7.337116548833671548e-07
1.904749113378321468e+01 4.176046300464044526e-09 7.377028002586016344e-07 0.000000000000000000e+00 4.176046295260707069e-09 5.203337926963040201e-18 1.681632054276844292e-07 2.088069098105242249e-07 7.477322071000340598e-07
2.120128751244688203e+01 4.175963385947667539e-09 7.467852408820315250e-07 0.000000000000000000e+00 4.175963380744329255e-09 5.203337926960816137e-18 1.684796996010929379e-07 2.133770325759325375e-07 7.569871867325843044e-07
2.359862456574094125e+01 4.175860992955226978e-09 7.507138793028239328e-07 0.000000000000000000e+00 4.175860987751888693e-09 5.203337926958067450e-18 1.675513237462091031e-07 2.166016494999988043e-07 7.610206192608590857e-07
2.626704067231091244e+01 4.175734530053715175e-09 7.490672219812109609e-07 0.000000000000000000e+00 4.175734524850377718e-09 5.203337926954678583e-18 1.653440555160471625e-07 2.182972331512647425e-07 7.594035784854650154e-07
2.923718811487309566e+01 4.175578326404701213e-09 7.414894324891005492e-07 0.000000000000000000e+00 4.175578321201362929e-09 5.203337926950483908e-18 1.618341841256911901e-07 2.183009023334015704e-07 7.517737640385140156e-07
3.254318518513449021e+01 4.175385372187811910e-09 7.277028614499694582e-07 0.000000000000000000e+00 4.175385366984473625e-09 5.203337926945299304e-18 1.570107011964296697e-07 2.164722939892705432e-07 7.378481920171966339e-07
3.622300810299908846e+01 4.175147025539018478e-09 7.075625577013249918e-07 0.000000000000000000e+00 4.175147020335679366e-09 5.203337926938890580e-18 1.508685834789848450e-07 2.127280380351468410e-07 7.174789828447856658e-07
4.031892725206589034e+01 4.174851551786836671e-09 6.809936539834355084e-07 0.000000000000000000e+00 4.174851546583499214e-09 5.203337926930964223e-18 1.434037044484467872e-07 2.070149047844787174e-07 6.905896904801983094e-07
4.487799274248540371e+01 4.174485476861874712e-09 6.484983434216791943e-07 0.000000000000000000e+00 4.174485471658536428e-09 5.203337926921146602e-18 1.347693041629197182e-07 1.994120296306354963e-07 6.576880755488692106e-07
4.995257487887015913e+01 4.174032801384161408e-09 6.116877968460544048e-07 0.000000000000000000e+00 4.174032796180823124e-09 5.203337926909002458e-18 1.254396186303957817e-07 1.902451820394788746e-07 6.204040650981350655e-07
5.560096574165519456e+01 4.173473083710729883e-09 5.727833446262923280e-07 0.000000000000000000e+00 4.173473078507391599e-09 5.203337926893988679e-18 1.160692226089589485e-07 1.799740446484931310e-07 5.809847560697357981e-07
6.188804879230252709e+01 4.172780979884197568e-09 5.338069845071457355e-07 0.000000000000000000e+00 4.172780974680860111e-09 5.203337926875410388e-18 1.071982100180307760e-07 1.690751411226581319e-07 5.414769393472399018e-07
6.888604419417499969e+01 4.171924778766256390e-09 4.953148376107005670e-07 0.000000000000000000e+00 4.171924773562918933e-09 5.203337926852388592e-18 9.886204000163297525e-08 1.577900973478581077e-07 5.024465229701601304e-07
7.667533841060405564e+01 4.170863563117834751e-09 4.557966900107679085e-07 0.000000000000000000e+00 4.170863557914496467e-09 5.203337926823826281e-18 9.046679693804863577e-08 1.459525129902550352e-07 4.623701524604268335e-07
8.534540760983165342e+01 4.169551332007754155e-09 4.145782323859227587e-07 0.000000000000000000e+00 4.169551326804415043e-09 5.203337926788467748e-18 8.167007747571865506e-08 1.335786280194749899e-07 4.205703739701176240e-07
9.499584548401358575e+01 4.167929198952045143e-09 3.735545159903003909e-07 0.000000000000000000e+00 4.167929193748707686e-09 5.203337926744702915e-18 7.292428692305655333e-08 1.211999654358141533e-07 3.789675313589274074e-07
1.057375072889466310e+02 4.165924676222352361e-09 3.355254053595509230e-07 0.000000000000000000e+00 4.165924671019014904e-09 5.203337926690529588e-18 6.496632967384869990e-08 1.095220032912968182e-07 3.403962920820783925e-07
1.176937832461472624e+02 4.163448647663205375e-09 3.014484936903781498e-07 0.000000000000000000e+00 4.163448642459867090e-09 5.203337926623461003e-18 5.799153874642994319e-08 9.885843679124877767e-08 3.058279798121549435e-07
1.310020159349736844e+02 4.160391798972576019e-09 2.701758739672447756e-07 0.000000000000000000e+00 4.160391793769237735e-09 5.203337926540432623e-18 5.164597867754287639e-08 8.900918957032030373e-08 2.741024263922022596e-07
1.458150779564580262e+02 4.156620112398719487e-09 2.401275396585748794e-07 0.000000000000000000e+00 4.156620107195380376e-09 5.203337926437610304e-18 4.551234878075322389e-08 7.961661590357321426e-08 2.436203946552434661e-07
1.623031279915676635e+02 4.151969997176042699e-09 2.104686440532469354e-07 0.000000000000000000e+00 4.151969991972704415e-09 5.203337926310314039e-18 3.936557588211113935e-08 7.047459337303101377e-08 2.135377881356880223e-07
1.806555654259147161e+02 4.146242172088215278e-09 1.834835712418017371e-07 0.000000000000000000e+00 4.146242166884876994e-09 5.203337926152748317e-18 3.387848998600494913e-08 6.204095237537906587e-08 1.861640059658556988e-07
2.010832059937378347e+02 4.139177746934739424e-09 1.599746289013397255e-07 0.000000000000000000e+00 4.139177741731401140e-09 5.203337925957518340e-18 2.930739430479308874e-08 5.444507804440778729e-08 1.623088659348706223e-07
2.238207034330328042e+02 4.130476232283704582e-09 1.377186905393634801e-07 0.000000000000000000e+00 4.130476227080366298e-09 5.203337925715569153e-18 2.503175026946935939e-08 4.718265122339125261e-08 1.397239021857155235e-07
2.491292449694543905e+02 4.119795479266280361e-09 1.165652955197067229e-07 0.000000000000000000e+00 4.119795474062942077e-09 5.203337925416023877e-18 2.094333732532493614e-08 4.028307273554961460e-08 1.182597867162272699e-07
2.772995515922919481e+02 4.106712763857359988e-09 9.924022668769793010e-08 0.000000000000000000e+00 4.106712758654020877e-09 5.203337925045207636e-18 1.775084136295567613e-08 3.441136327044937088e-08 1.006735660095204710e-07
3.086552175868076802e+02 4.090728380091418985e-09 8.363140656777963777e-08 0.000000000000000000e+00 4.090728374888080701e-09 5.203337924586196901e-18 1.489038276911886545e-08 2.909250413828115139e-08 8.482930272820434458e-08
3.435564276845046834e+02 4.071249086855232872e-09 6.982203056088391390e-08 0.000000000000000000e+00 4.071249081651895415e-09 5.203337924017240217e-18 1.232258025202303556e-08 2.443208495592714261e-08 7.081382363389077227e-08
3.824040945302937757e+02 4.047582118336293009e-09 5.881334519549791680e-08 0.000000000000000000e+00 4.047582113132954725e-09 5.203337923311883012e-18 1.031967271121460272e-08 2.065802634913795841e-08 5.963846608321397660e-08
4.256444639942141634e+02 4.018921395389419390e-09 4.871357882171386833e-08 0.000000000000000000e+00 4.018921390186081933e-09 5.203337922436795912e-18 8.480806166859398595e-09 1.721245292084086449e-08 4.938700906553991248e-08
4.737742412289155709e+02 3.984440999364526201e-09 4.040339756302643173e-08 0.000000000000000000e+00 3.984440994161188744e-09 5.203337921352837858e-18 6.985002800413261331e-09 1.434844046556261851e-08 4.095140281874204316e-08
5.273462963565856398e+02 3.943205281538841873e-09 3.317792276002873648e-08 0.000000000000000000e+00 3.943205276335503589e-09 5.203337920010316005e-18 5.699332684046191139e-09 1.183601690919650935e-08 3.361681602880246543e-08
5.869760153267689020e+02 3.894228244054866784e-09 2.714188322857511137e-08 0.000000000000000000e+00 3.894228238851528500e-09 5.203337918347699973e-18 4.637723799661988730e-09 9.716726475755843234e-09 2.748938188170442565e-08
6.533483688978308237e+02 3.836509082290323381e-09 2.210694509396364756e-08 0.000000000000000000e+00 3.836509077086984269e-09 5.203337916288375498e-18 3.754817827529480051e-09 7.945539997796080910e-09 2.237860457291703251e-08
7.272257809440862957e+02 3.769081808277115106e-09 1.794401137962037611e-08 0.000000000000000000e+00 3.769081803073777649e-09 5.203337913738043659e-18 3.027184360155664915e-09 6.479135750122304354e-09 1.815334694617446941e-08
8.094568864722074295e+02 3.691069180809949842e-09 1.449299885553913881e-08 0.000000000000000000e+00 3.691069175606612385e-09 5.203337910578739704e-18 2.429889832191222163e-09 5.254561341411076521e-09 1.465090697013558376e-08
9.009862799510120794e+02 3.601748060392105880e-09 1.166464557258506903e-08 0.000000000000000000e+00 3.601748055188768009e-09 5.203337906665807036e-18 1.943413837868972800e-09 4.245916311968425220e-09 1.178082781664204619e-08
1.002865365934268880e+03 3.500609053639148513e-09 9.347089035813601380e-09 0.000000000000000000e+00 3.500609048435810642e-09 5.203337901820813638e-18 1.547002203965675509e-09 3.416611885698510883e-09 9.429568330120730261e-09
1.116264436618460877e+03 3.387467632977044611e-09 7.461509930011990512e-09 0.000000000000000000e+00 3.387467627773706327e-09 5.203337895819653679e-18 1.226506690275085195e-09 2.738988867449251270e-09 7.517077725242022250e-09
1.242486115071199492e+03 3.262614632188876976e-09 5.934225131263499059e-09 0.000000000000000000e+00 3.262614626985538692e-09 5.203337888377408936e-18 9.684472283010336462e-10 2.187914835978758023e-09 5.968556693894968360e-09
1.382980318553656389e+03 3.126168325661065017e-09 4.701423491896915107e-09 0.000000000000000000e+00 3.126168320457726733e-09 5.203337879160802624e-18 7.614029027616483243e-10 1.741350932544672878e-09 4.719214460634853155e-09
1.539360913821697523e+03 2.978662321315407555e-09 3.711158738323411196e-09 0.000000000000000000e+00 2.978662316112069271e-09 5.203337867748452827e-18 5.961089289215779715e-10 1.381228603661850573e-09 3.716289430393310257e-09
1.713424255726343517e+03 2.820895582195688697e-09 2.918618583372668351e-09 0.000000000000000000e+00 2.820895576992350413e-09 5.203337853618738367e-18 4.646766416766842617e-10 1.091812109682447293e-09 2.914266507656062213e-09
1.907169822067742189e+03 2.653933832529496865e-09 2.288345614992149509e-09 0.000000000000000000e+00 2.653933827326159408e-09 5.203337836117470918e-18 3.608879070878936729e-10 8.606320816852478555e-10 2.277122718228713703e-09
2.122823181736748211e+03 2.479212665413081533e-09 1.789935989637397776e-09 0.000000000000000000e+00 2.479212660209744076e-09 5.203337814413895974e-18 2.794891101614147831e-10 6.769093533802558838e-10 1.773959371346052223e-09
2.362861559980607581e+03 2.299231398676605486e-09 1.395769377082676625e-09 0.000000000000000000e+00 2.299231393473268029e-09 5.203337787486266871e-18 2.156073062419226976e-10 5.309776411242258162e-10 1.376704502102728065e-09
2.630042294462951304e+03 2.116111222973187080e-09 1.085028016035973896e-09 0.000000000000000000e+00 2.116111217769849209e-09 5.203337754111685886e-18 1.655975729648177242e-10 4.154907192565961172e-10 1.064197683759892927e-09
2.927434508994474982e+03 1.932184379474551622e-09 8.405464694694403058e-10 0.000000000000000000e+00 1.932184374271213752e-09 5.203337712769702974e-18 1.265718158321815944e-10 3.242173252809087457e-10 8.189797699221995356e-10
3.258454368773508122e+03 1.749992328799172093e-09 6.489081503736706893e-10 0.000000000000000000e+00 1.749992323595834429e-09 5.203337661563381910e-18 9.626076494610546839e-11 2.523144361501502197e-10 6.273964816777083559e-10
3.626904322114499791e+03 1.572023361167921527e-09 4.993132862737006256e-10 0.000000000000000000e+00 1.572023355964583657e-09 5.203337598142090529e-18 7.284219111303126651e-11 1.958758931226241498e-10 4.784504283141681608e-10
4.037016779438275080e+03 1.400555413808727070e-09 3.832100175451354602e-10 0.000000000000000000e+00 1.400555408605389406e-09 5.203337519578557836e-18 5.487327707452844176e-11 1.518069473037217400e-10 3.634275247687252557e-10
4.493502731267226409e+03 1.237553059718147838e-09 2.932318787084974007e-10 0.000000000000000000e+00 1.237553054514810381e-09 5.203337422279927622e-18 4.112829810388942996e-11 1.174218859309216397e-10 2.748200351059219136e-10
5.001605863702974602e+03 1.084625745954495056e-09 2.239504282476168535e-10 0.000000000000000000e+00 1.084625740751157806e-09 5.203337301724956853e-18 3.070584871919121153e-11 9.073232194005927699e-11 2.070894917746083758e-10
5.567162793016338583e+03 9.429395623408332013e-10 1.705078584160446599e-10 0.000000000000000000e+00 9.429395571374959510e-10 5.203337152438117307e-18 2.280100620787071463e-11 6.996629528884808888e-11 1.552841816818236877e-10
6.196670111266974345e+03 8.132559462220142590e-10 1.294219092471110969e-10 0.000000000000000000e+00 8.132559410186773190e-10 5.203336967592666026e-18 1.683788389178557950e-11 5.384787310376848323e-11 1.158524596689873452e-10
6.897359013111165041e+03 6.960094266141728424e-10 9.793566701504821141e-11 0.000000000000000000e+00 6.960094214108362125e-10 5.203336738422049549e-18 1.236490932869802976e-11 4.136085881768923603e-11 8.598327023876268268e-11
7.677278361042189317e+03 5.911753227117801752e-10 7.392962377141195903e-11 0.000000000000000000e+00 5.911753175084437522e-10 5.203336454418149892e-18 9.033096658435202605e-12 3.172888366003293513e-11 6.351879821139654722e-11
8.545387143236317570e+03 4.984506315994072583e-10 5.564444676732057172e-11 0.000000000000000000e+00 4.984506263960711454e-10 5.203336102719367301e-18 6.561703001572674227e-12 2.429447225640440961e-11 4.667124167184693525e-11
9.511657386079081334e+03 4.173006482009627110e-10 4.170722244234617037e-11 0.000000000000000000e+00 4.173006429976270117e-10 5.203335667237383584e-18 4.733679429899766949e-12 1.854273489786201286e-11 3.408714245116027459e-11
1.058718870352829254e+04 3.469955359260603401e-10 3.120031766442257287e-11 0.000000000000000000e+00 3.469955307227251578e-10 5.203335128063171425e-18 3.398349769885454047e-12 1.413908677964244077e-11 2.476727054020700071e-11
1.178433579916051713e+04 2.869989412939888498e-10 2.332516661241409087e-11 0.000000000000000000e+00 2.869989360906543396e-10 5.203334459645794191e-18 2.432944383279487467e-12 1.078016142082003422e-11 1.792718776206623545e-11
1.311685038551288017e+04 2.360820995731917849e-10 1.740181586655978659e-11 0.000000000000000000e+00 2.360820943698581535e-10 5.203333630914665514e-18 1.733379097689034595e-12 8.208448490467167702e-12 1.290872565922574892e-11
1.460003915097147365e+04 1.931577397096214990e-10 1.296013987379322636e-11 0.000000000000000000e+00 1.931577345062889016e-10 5.203332602597561644e-18 1.228938781725508405e-12 6.244429138471327928e-12 9.250160985334349070e-12
1.625093958876844590e+04 1.571415374917871938e-10 9.632421328334640732e-12 0.000000000000000000e+00 1.571415322884558372e-10 5.203331328653810696e-18 8.666453889918455902e-13 4.744171011648045720e-12 6.593899735034503623e-12
1.808851570786662342e+04 1.271507099756925266e-10 6.970948178034932185e-12 0.000000000000000000e+00 1.271507047723627985e-10 5.203329750626246549e-18 5.930886617857512359e-13 3.512259439313153547e-12 4.620885656699927113e-12
2.013387587385212828e+04 1.023565676850310830e-10 5.116333494628168611e-12 0.000000000000000000e+00 1.023565624817032807e-10 5.203327796125409541e-18 4.102901354027761908e-13 2.638105590658230743e-12 3.245479026019480983e-12
2.241051528221264743e+04 8.202100075586961790e-11 3.783893786397994799e-12 0.000000000000000000e+00 8.202099555254424543e-11 5.203325375108733783e-18 2.853727361478343885e-13 1.996614002796489440e-12 2.279260769162210154e-12
2.494458584929090648e+04 6.544047045875613411e-11 2.688050942731991871e-12 0.000000000000000000e+00 6.544046525543374725e-11 5.203322376474399845e-18 1.899188973743386101e-13 1.452384260101409024e-12 1.560251738077341911e-12
2.776519662118276028e+04 5.201823352777669567e-11 1.893189316627914732e-12 0.000000000000000000e+00 5.201822832445803758e-11 5.203318661827436181e-18 1.245743539070344003e-13 1.048505651064431053e-12 1.059053933442135720e-12
3.090474815138586200e+04 4.120525446914484778e-11 1.338557996942619247e-12 0.000000000000000000e+00 4.120524926583079089e-11 5.203314060373690575e-18 8.219909411793005261e-14 7.585748988073510294e-13 7.169517651802848007e-13
3.439930468822552211e+04 3.251640456900520004e-11 8.892239282241374422e-13 0.000000000000000000e+00 3.251639936569683001e-11 5.203308362457748930e-18 5.030888798508203491e-14 5.172006012214237585e-13 4.647278892942361057e-13
3.828900844740607135e+04 2.556593593706820414e-11 5.655390218539121170e-13 0.000000000000000000e+00 2.556593073376689746e-11 5.203301306564067547e-18 2.950598149654817148e-14 3.370920780426669721e-13 2.905611006863551880e-13
4.261854072845193878e+04 2.003454561898807109e-11 3.455359400806145252e-13 0.000000000000000000e+00 2.003454041569551766e-11 5.203292553890526300e-18 1.649859329875739887e-14 2.112380791449940635e-13 1.752792976409500968e-13
4.743763517192281142e+04 1.565049071024502719e-11 1.888034033729259658e-13 0.000000000000000000e+00 1.565048550696331435e-11 5.203281713600195927e-18 8.145831311940850101e-15 1.186119476558731138e-13 9.649170144317230373e-14
