1.056032981064548126e+00 2.062533319969012485e-10 7.302713545091870687e-09 0.000000000000000000e+00 2.062533319170561664e-10 7.984508257388078808e-20 2.277678527867991813e-09 1.431012539888570858e-09 7.385518721067881109e-09
1.175443983510534363e+00 2.317660466338222298e-10 8.608695343792796178e-09 0.000000000000000000e+00 2.317660465303523525e-10 1.034698416184671456e-19 2.621002845323133250e-09 1.744705082653489391e-09 8.707912393317233795e-09
1.308357393325258133e+00 2.317660003882217716e-10 9.186722072151693035e-09 0.000000000000000000e+00 2.317660002847519201e-10 1.034698416184664956e-19 2.795848560018371489e-09 1.862809920674346749e-09 9.292627720305875851e-09
1.456299996156748877e+00 2.317659451117808161e-10 9.814505834558578800e-09 0.000000000000000000e+00 2.317659450083109129e-10 1.034698416184656891e-19 2.985680219883634424e-09 1.991138224687427952e-09 9.927677360369690191e-09
1.620971219045888478e+00 2.355436874610507866e-10 1.066615789506114616e-08 0.000000000000000000e+00 2.355436873513924351e-10 1.096583557213201487e-19 3.225564584007388878e-09 2.182688970674039082e-09 1.078964770221945581e-08
1.804262651863866251e+00 2.355436063617843682e-10 1.141230165416243166e-08 0.000000000000000000e+00 2.355436062521260167e-10 1.096583557213188968e-19 3.449106170303023135e-09 2.337168869864069241e-09 1.154447970839629157e-08
2.008279776137516404e+00 2.355435085874510864e-10 1.221534606158452302e-08 0.000000000000000000e+00 2.355435084777927348e-10 1.096583557213174042e-19 3.689406958577050910e-09 2.503675862935596936e-09 1.235688166107819062e-08
2.235366150863083323e+00 2.355433906734051005e-10 1.307671831638983418e-08 0.000000000000000000e+00 2.355433905637467490e-10 1.096583557213156950e-19 3.946802796505772084e-09 2.682587377192951269e-09 1.322829958590774637e-08
2.488130333132567262e+00 2.355432487107844703e-10 1.399891497372068984e-08 0.000000000000000000e+00 2.355432486011261188e-10 1.096583557213135524e-19 4.221879986117344549e-09 2.874555928566410295e-09 1.416126286153226470e-08
2.769475842811750965e+00 2.355430731705823282e-10 1.497064842818204606e-08 0.000000000000000000e+00 2.355430730609239250e-10 1.096583557213108079e-19 4.510745519703116047e-09 3.077677372946332695e-09 1.514436440988377617e-08
3.082634515476230241e+00 2.355428597861167539e-10 1.599703192207464755e-08 0.000000000000000000e+00 2.355428596764584023e-10 1.096583557213077024e-19 4.815039420376975417e-09 3.292919234713831328e-09 1.618277437044797762e-08
3.431203626733101864e+00 2.355425992729928693e-10 1.706902374783363612e-08 0.000000000000000000e+00 2.355425991633344661e-10 1.096583557213038024e-19 5.132047678673643888e-09 3.518425562290031627e-09 1.726734590553107993e-08
3.819187214377767425e+00 2.355422822794090552e-10 1.818606704713537483e-08 0.000000000000000000e+00 2.355422821697507037e-10 1.096583557212990598e-19 5.461249562602137368e-09 3.754377968210935172e-09 1.839752384898601053e-08
4.251042073056519932e+00 2.355418961690504405e-10 1.934014124745498296e-08 0.000000000000000000e+00 2.355418960593921407e-10 1.096583557212932338e-19 5.799988516204574373e-09 3.999333802788322916e-09 1.956520006533714475e-08
4.731728949778890581e+00 2.355414215893094806e-10 2.051374299739337031e-08 0.000000000000000000e+00 2.355414214796511290e-10 1.096583557212861560e-19 6.142513145896675745e-09 4.250101786797238918e-09 2.075267910979357284e-08
5.266769528365972342e+00 2.355408357493556790e-10 2.168920847608170051e-08 0.000000000000000000e+00 2.355408356396973275e-10 1.096583557212773690e-19 6.483093893500283784e-09 4.503399366339846832e-09 2.194210151264533813e-08
5.862309857419115922e+00 2.355401180715373956e-10 2.285717795187609901e-08 0.000000000000000000e+00 2.355401179618790958e-10 1.096583557212666078e-19 6.818922693720526100e-09 4.757294670016379147e-09 2.312399832363889979e-08
6.525190950410857837e+00 2.355392360603330482e-10 2.398856364683959564e-08 0.000000000000000000e+00 2.355392359506746967e-10 1.096583557212534393e-19 7.141177769219937391e-09 5.005869254987493746e-09 2.426894524826681215e-08
7.263027368885755841e+00 2.355381526902569546e-10 2.506278642633384296e-08 0.000000000000000000e+00 2.355381525805986547e-10 1.096583557212371170e-19 7.443224227428110075e-09 5.245268160655910484e-09 2.535613427294439157e-08
8.084294691462201143e+00 2.355368223007308522e-10 2.605432350138452345e-08 0.000000000000000000e+00 2.355368221910725007e-10 1.096583557212171355e-19 7.717065084637118380e-09 5.470506439268610030e-09 2.635975316818925071e-08
8.998426873397548320e+00 2.355351877371351678e-10 2.693192548044464329e-08 0.000000000000000000e+00 2.355351876274767646e-10 1.096583557211926521e-19 7.953091463622637674e-09 5.675331330244589464e-09 2.724819402702277880e-08
1.001592461509324039e+01 2.355331785482105121e-10 2.766259187920112407e-08 0.000000000000000000e+00 2.355331784385521606e-10 1.096583557211624873e-19 8.141281859863286326e-09 5.853033614433253146e-09 2.798807484211405089e-08
1.114847598437533449e+01 2.355306952352912219e-10 2.820631741178484203e-08 0.000000000000000000e+00 2.355306951256328187e-10 1.096583557211251242e-19 8.269461337039792185e-09 5.995499488742005350e-09 2.853892861114871256e-08
1.240909067814867583e+01 2.355276179427304812e-10 2.853310413669385098e-08 0.000000000000000000e+00 2.355276178330721814e-10 1.096583557210790463e-19 8.328998731826306030e-09 6.096226783589160952e-09 2.887039961574359436e-08
1.381224946569640366e+01 2.355238236534834063e-10 2.862942699166496577e-08 0.000000000000000000e+00 2.355238235438250548e-10 1.096583557210222796e-19 8.316971613264789245e-09 6.151472195718529626e-09 2.896877868760374574e-08
1.537407053029052229e+01 2.355191438803180305e-10 2.847906534699122310e-08 0.000000000000000000e+00 2.355191437706596789e-10 1.096583557209521276e-19 8.229835364581277987e-09 6.156767086736683656e-09 2.881762524692215774e-08
1.711249461989307719e+01 2.355133657606832983e-10 2.807336177683977218e-08 0.000000000000000000e+00 2.355133656510249467e-10 1.096583557208655811e-19 8.067255259618202891e-09 6.108412086902479101e-09 2.840812738117535077e-08
1.904749113378321468e+01 2.355062251710106298e-10 2.742161800281076597e-08 0.000000000000000000e+00 2.355062250613522266e-10 1.096583557207584512e-19 7.834199466722265816e-09 6.006517268561968109e-09 2.774964381467371020e-08
2.120128751244688203e+01 2.354974096536692538e-10 2.656119404732086975e-08 0.000000000000000000e+00 2.354974095440109022e-10 1.096583557206261398e-19 7.544321062816553322e-09 5.856707764795587131e-09 2.687990988974119277e-08
2.359862456574094125e+01 2.354865249448972179e-10 2.552890373867372500e-08 0.000000000000000000e+00 2.354865248352388664e-10 1.096583557204627247e-19 7.211381595607475798e-09 5.664269418822992945e-09 2.583610079659566828e-08
2.626704067231091244e+01 2.354730840583862451e-10 2.436224651421681360e-08 0.000000000000000000e+00 2.354730839487278936e-10 1.096583557202608631e-19 6.848753778014326715e-09 5.435109930449909490e-09 2.465609784825553712e-08
2.923718811487309566e+01 2.354564855760176503e-10 2.309034726106261357e-08 0.000000000000000000e+00 2.354564854663592987e-10 1.096583557200115274e-19 6.466292489903872244e-09 5.174233339513141156e-09 2.336933311364210518e-08
3.254318518513449021e+01 2.354359869003744771e-10 2.172801992657304728e-08 0.000000000000000000e+00 2.354359867907161256e-10 1.096583557197034749e-19 6.067845302776754782e-09 4.885101400244684623e-09 2.199080224833602910e-08
3.622300810299908846e+01 2.354106713185820448e-10 2.026175780119735248e-08 0.000000000000000000e+00 2.354106712089236932e-10 1.096583557193228871e-19 5.646656246582978580e-09 4.567085470958643680e-09 2.050690539072040256e-08
4.031892725206589034e+01 2.353792556142600404e-10 1.865484571287153854e-08 0.000000000000000000e+00 2.353792555046016888e-10 1.096583557188510102e-19 5.187055893605668883e-09 4.216402760193287634e-09 1.888062178239306097e-08
4.487799274248540371e+01 2.353403015973632371e-10 1.690929749473315239e-08 0.000000000000000000e+00 2.353403014877048856e-10 1.096583557182661534e-19 4.685245753997244449e-09 3.837082397000690754e-09 1.711411382724761406e-08
4.995257487887015913e+01 2.352921252889784176e-10 1.514214144940404660e-08 0.000000000000000000e+00 2.352921251793200661e-10 1.096583557175426056e-19 4.175539447557808868e-09 3.453956344371308082e-09 1.532579702623393307e-08
5.560096574165519456e+01 2.352325492379269901e-10 1.354555011846573335e-08 0.000000000000000000e+00 2.352325491282685869e-10 1.096583557166475538e-19 3.718118458270437866e-09 3.104662859658972284e-09 1.370999313733912588e-08
6.188804879230252709e+01 2.351588846733769186e-10 1.225470829464615707e-08 0.000000000000000000e+00 2.351588845637185670e-10 1.096583557155402403e-19 3.355509423211486157e-09 2.815665688811521050e-09 1.240336654182288836e-08
6.888604419417499969e+01 2.350678015815152208e-10 1.121056993273823086e-08 0.000000000000000000e+00 2.350678014718568693e-10 1.096583557141694597e-19 3.068216316291519486e-09 2.576571284767136417e-09 1.134621830830963765e-08
7.667533841060405564e+01 2.349550477930836324e-10 1.016284702872981962e-08 0.000000000000000000e+00 2.349550476834252292e-10 1.096583557124688636e-19 2.777690019961753067e-09 2.338902463407358007e-09 1.028551025691404422e-08
8.534540760983165342e+01 2.348156784662957437e-10 8.959034326914986771e-09 0.000000000000000000e+00 2.348156783566374439e-10 1.096583557103637740e-19 2.437271375680406331e-09 2.072115875010619349e-09 9.067069079308665849e-09
9.499584548401358575e+01 2.346434726888141997e-10 7.720933682383768249e-09 0.000000000000000000e+00 2.346434725791558999e-10 1.096583557077581834e-19 2.086794541009364606e-09 1.798481963724202680e-09 7.813993298527695476e-09
1.057375072889466310e+02 2.344307850312154886e-10 6.651002949763142205e-09 0.000000000000000000e+00 2.344307849215571370e-10 1.096583557045331174e-19 1.788706280761912849e-09 1.557968129980570242e-09 6.730952251155312924e-09
1.176937832461472624e+02 2.341682363236824626e-10 5.772661737038258822e-09 0.000000000000000000e+00 2.341682362140241110e-10 1.096583557005414590e-19 1.547106232036987270e-09 1.357449210825023840e-09 5.841716802405328910e-09
1.310020159349736844e+02 2.338443433470901776e-10 5.002334827528314269e-09 0.000000000000000000e+00 2.338443432374318261e-10 1.096583556956013765e-19 1.336400129031054917e-09 1.180038983136396323e-09 5.061806577125597812e-09
1.458150779564580262e+02 2.334450807418247845e-10 4.292602486622597541e-09 0.000000000000000000e+00 2.334450806321664330e-10 1.096583556894878249e-19 1.146437771711415610e-09 1.012872277149598952e-09 4.343103210316425592e-09
1.623031279915676635e+02 2.329533684741158741e-10 3.563322790350268674e-09 0.000000000000000000e+00 2.329533683644575226e-10 1.096583556819226757e-19 9.496980862908384944e-10 8.426640253286981089e-10 3.604751707073985847e-09
1.806555654259147161e+02 2.323484807899112202e-10 2.957997414343742699e-09 0.000000000000000000e+00 2.323484806802528945e-10 1.096583556725620544e-19 7.855332568707200327e-10 7.021615577486906550e-10 2.991916792948168188e-09
2.010832059937378347e+02 2.316029585085865149e-10 2.528376369387358679e-09 0.000000000000000000e+00 2.316029583989281375e-10 1.096583556609486727e-19 6.692911806734023140e-10 6.020471879515895745e-10 2.556883901283886020e-09
2.238207034330328042e+02 2.306855913551854627e-10 2.132641584395268642e-09 0.000000000000000000e+00 2.306855912455270853e-10 1.096583556465377334e-19 5.634013466113559324e-10 5.088492965666764801e-10 2.156147128340673705e-09
2.491292449694543905e+02 2.295618870892531149e-10 1.717877742532772369e-09 0.000000000000000000e+00 2.295618869795947634e-10 1.096583556286913925e-19 4.525018016968169873e-10 4.112580947027543293e-10 1.736256682507399148e-09
2.772995515922919481e+02 2.281890638115231413e-10 1.429547353441484394e-09 0.000000000000000000e+00 2.281890637018647898e-10 1.096583556065924778e-19 3.755744870193574615e-10 3.431261736687558437e-10 1.444293846054583987e-09
3.086552175868076802e+02 2.265172489583537488e-10 1.180139163978833460e-09 0.000000000000000000e+00 2.265172488486953973e-10 1.096583555792298763e-19 3.092342844653921230e-10 2.839603744130914553e-10 1.191757702834059661e-09
3.435564276845046834e+02 2.244889974579712355e-10 9.484794248575514739e-10 0.000000000000000000e+00 2.244889973483128840e-10 1.096583555453397204e-19 2.482122841327915060e-10 2.285242673191823904e-10 9.572258375970155977e-10
3.824040945302937757e+02 2.220387692216065943e-10 7.770024262999232792e-10 0.000000000000000000e+00 2.220387691119481911e-10 1.096583555033399068e-19 2.024198437696344882e-10 1.880888596394308412e-10 7.836351612164216608e-10
4.256444639942141634e+02 2.190930072293399094e-10 6.291991808602708623e-10 0.000000000000000000e+00 2.190930071196815579e-10 1.096583554512359185e-19 1.635986667057891966e-10 1.525808588812590143e-10 6.340106228893915484e-10
4.737742412289155709e+02 2.155778835823435196e-10 5.067340028121242591e-10 0.000000000000000000e+00 2.155778834726851680e-10 1.096583553866998357e-19 1.313484572371172924e-10 1.232597431343135648e-10 5.100683963364290448e-10
5.273462963565856398e+02 2.114157837845375462e-10 4.065555490728611434e-10 0.000000000000000000e+00 2.114157836748791946e-10 1.096583553067721541e-19 1.050400730445899109e-10 9.920644337758712231e-11 4.087010720429872773e-10
5.869760153267689020e+02 2.065320348708875771e-10 3.253627166378298121e-10 0.000000000000000000e+00 2.065320347612292255e-10 1.096583552077909105e-19 8.376889546772214351e-11 7.966200952500365312e-11 3.265647514710738954e-10
6.533483688978308237e+02 2.008610017469669645e-10 2.590353284293724559e-10 0.000000000000000000e+00 2.008610016373085871e-10 1.096583550852254030e-19 6.644217265170196705e-11 6.365020576933376882e-11 2.594934459871892851e-10
7.272257809440862957e+02 1.943534877026188279e-10 2.052653731986077101e-10 0.000000000000000000e+00 1.943534875929605023e-10 1.096583549334707900e-19 5.242928978855796978e-11 5.064034864120005685e-11 2.051486756563305168e-10
8.094568864722074295e+02 1.869847786925564918e-10 1.621435967077465921e-10 0.000000000000000000e+00 1.869847785828981144e-10 1.096583547455942536e-19 4.121559717893757659e-11 4.018543970229063750e-11 1.615951134480170522e-10
9.009862799510120794e+02 1.787621912378807716e-10 1.275072532505409020e-10 0.000000000000000000e+00 1.787621911282224460e-10 1.096583545130216257e-19 3.223823420090830737e-11 3.176069097221229572e-11 1.266430768316717446e-10
1.002865365934268880e+03 1.697305947058837122e-10 9.988677777205282226e-11 0.000000000000000000e+00 1.697305945962253607e-10 1.096583542251500362e-19 2.509918467238412973e-11 2.502546389473963386e-11 9.880354764220138809e-11
1.116264436618460877e+03 1.599845960422831109e-10 7.795306625527897359e-11 0.000000000000000000e+00 1.599845959326247336e-10 1.096583538684470104e-19 1.945006152989722638e-11 1.965952579723138200e-11 7.672935876730971338e-11
1.242486115071199492e+03 1.496830758815336343e-10 6.061423614983675039e-11 0.000000000000000000e+00 1.496830757718752828e-10 1.096583534252097375e-19 1.500379444820630849e-11 1.540078017344579734e-11 5.931328478389942963e-11
1.382980318553656389e+03 1.389470139589144987e-10 4.693981053774507730e-11 0.000000000000000000e+00 1.389470138492561214e-10 1.096583528761731882e-19 1.151254644736811548e-11 1.202879484467173876e-11 4.561204357017578496e-11
1.539360913821697523e+03 1.279329474745569743e-10 3.620287936197515648e-11 0.000000000000000000e+00 1.279329473648986228e-10 1.096583521961475712e-19 8.785304605716003791e-12 9.368984742018921450e-12 3.488785733424956431e-11
1.713424255726343517e+03 1.167994116075198823e-10 2.780651835964526562e-11 0.000000000000000000e+00 1.167994114978615049e-10 1.096583513539630584e-19 6.665525794689657353e-12 7.277658275650573639e-12 2.653457799904868481e-11
1.907169822067742189e+03 1.056992885023320617e-10 2.127797968987450474e-11 0.000000000000000000e+00 1.056992883926737230e-10 1.096583503109850619e-19 5.028617418262210177e-12 5.641658471067877751e-12 2.007181181335687360e-11
2.122823181736748211e+03 9.477664990149072446e-11 1.625715549966295298e-11 0.000000000000000000e+00 9.477664979183238586e-11 1.096583490186642821e-19 3.779781496963891251e-12 4.374539213499018911e-12 1.513320532383212278e-11
2.362861559980607581e+03 8.420380444876582842e-11 1.239922397285544624e-11 0.000000000000000000e+00 8.420380433910745104e-11 1.096583474152810200e-19 2.831065696536380623e-12 3.390888085467923399e-12 1.136762731637710233e-11
2.630042294462951304e+03 7.410230030238156403e-11 9.422743033816078876e-12 0.000000000000000000e+00 7.410230019272322543e-11 1.096583454282039072e-19 2.108021242351049216e-12 2.623681091581556939e-12 8.488940256460569894e-12
2.927434508994474982e+03 6.457952658673663996e-11 7.130490410154882054e-12 0.000000000000000000e+00 6.457952647707830135e-11 1.096583429668453364e-19 1.558916118069090170e-12 2.025504153150132151e-12 6.296307145978198816e-12
3.258454368773508122e+03 5.573302167305196835e-11 5.373250264738623065e-12 0.000000000000000000e+00 5.573302156339362975e-11 1.096583399182985552e-19 1.144787237281577095e-12 1.560320567682440302e-12 4.637535387820672853e-12
3.626904322114499791e+03 4.763852635934176474e-11 4.032437579821703994e-12 0.000000000000000000e+00 4.763852624968342613e-11 1.096583361428580018e-19 8.347280341636740284e-13 1.199462723914911074e-12 3.391615650878509790e-12
4.037016779438275080e+03 4.034432834575700196e-11 3.014172306379723759e-12 0.000000000000000000e+00 4.034432823609867628e-11 1.096583314676798415e-19 6.043371983893996050e-13 9.202028748920647445e-13 2.462765275534248124e-12
4.493502731267226409e+03 3.386811395125305607e-11 2.244471624679415568e-12 0.000000000000000000e+00 3.386811384159473685e-11 1.096583256789477892e-19 4.344647027252258287e-13 7.045875934157132661e-13 1.775602580004836404e-12
5.001605863702974602e+03 2.819798469289551380e-11 1.665327320437373729e-12 0.000000000000000000e+00 2.819798458323719458e-11 1.096583185121957691e-19 3.101893082299751050e-13 5.384833345142702247e-13 1.271204766111291021e-12
5.567162793016338583e+03 2.329725960115501010e-11 1.231495886812862117e-12 0.000000000000000000e+00 2.329725949149669735e-11 1.096583096403524154e-19 2.199779611614955238e-13 4.107961783391948870e-13 9.038636643018886063e-13
6.196670111266974345e+03 1.911124742222517528e-11 9.078884080526789606e-13 0.000000000000000000e+00 1.911124731256688192e-11 1.096582986589757138e-19 1.549947146865576122e-13 3.128427537894998555e-13 6.384186383550848730e-13
6.897359013111165041e+03 1.558166680606275442e-11 6.676407784665275627e-13 0.000000000000000000e+00 1.558166669640446751e-11 1.096582850215778186e-19 1.085684904577370250e-13 2.379050234481465657e-13 4.481739315514296288e-13
7.677278361042189317e+03 1.262920208515501682e-11 4.897914853985190039e-13 0.000000000000000000e+00 1.262920197549674768e-11 1.096582681060264946e-19 7.561025071629540643e-14 1.806410672865244708e-13 3.127459631806715447e-13
8.545387143236317570e+03 1.017832358358505053e-11 3.585133312502027648e-13 0.000000000000000000e+00 1.017832347392680240e-11 1.096582471528603016e-19 5.236262597539160177e-14 1.369426897474985772e-13 2.169878320632558443e-13
9.511657386079081334e+03 8.160010484733173708e-12 2.540606279038721545e-13 0.000000000000000000e+00 8.160010375074953041e-12 1.096582212008907694e-19 3.524487746241156570e-14 1.000775112510587709e-13 1.472268182486325233e-13
1.058718870352829254e+04 6.509829972231460342e-12 1.828951020320566253e-13 0.000000000000000000e+00 6.509829862573271987e-12 1.096581890607302495e-19 2.391554512522649810e-14 7.454955017431888628e-14 1.003437188669446337e-13
1.178433579916051713e+04 5.174160291546320778e-12 1.336261509824044130e-13 0.000000000000000000e+00 5.174160181888172005e-12 1.096581492463476878e-19 1.639679712500363176e-14 5.641737226180896920e-14 6.892135417800106795e-14
1.311685038551288017e+04 4.100805154023693467e-12 9.779154631734906599e-14 0.000000000000000000e+00 4.100805044365592354e-12 1.096580999005336423e-19 1.123942621072601747e-14 4.273773298933226615e-14 4.732124057610321139e-14
1.460003915097147365e+04 3.243579053348345588e-12 7.166627537315700151e-14 0.000000000000000000e+00 3.243578943690306675e-12 1.096580386727897292e-19 7.699206337118160750e-15 3.239896961842580484e-14 3.244974328980967351e-14
1.625093958876844590e+04 2.555588464229676605e-12 5.245334780791863927e-14 0.000000000000000000e+00 2.555588354571713625e-12 1.096579628254039326e-19 5.251011890546690625e-15 2.452427675816432619e-14 2.215318132565307561e-14
1.808851570786662342e+04 2.006007315118917550e-12 2.770240457022610235e-14 0.000000000000000000e+00 2.006007205461049081e-12 1.096578688767669343e-19 2.657014818560986046e-15 1.320366817636636997e-14 1.176758194991367638e-14
2.013387587385212828e+04 1.568991456323126113e-12 1.748767191011736129e-14 0.000000000000000000e+00 1.568991346665373563e-12 1.096577525185915284e-19 1.564869585271665356e-15 8.592309503001552908e-15 7.127288628375460227e-15
2.241051528221264743e+04 1.222978347351934711e-12 1.277800519988735028e-14 0.000000000000000000e+00 1.222978237694326352e-12 1.096576084202834462e-19 1.058528732350513320e-15 6.482819612708692726e-15 4.822778508991392539e-15
2.494458584929090648e+04 9.500856777108105865e-13 6.374181299446238117e-15 0.000000000000000000e+00 9.500855680533805478e-13 1.096574299871950189e-19 5.004747015702004822e-16 3.302816370872150572e-15 2.334012767693491143e-15
2.776519662118276028e+04 7.356885813293603233e-13 2.083911076581524296e-15 0.000000000000000000e+00 7.356884716721512161e-13 1.096572090619408629e-19 1.506254849134780747e-16 1.114261104914447723e-15 7.689558393373476051e-16
3.090474815138586200e+04 5.679719695469676970e-13 1.053321994042556720e-15 0.000000000000000000e+00 5.679718598900321290e-13 1.096569355554253330e-19 7.196134611768893972e-17 5.746529066145843429e-16 3.673687579200713594e-16
3.439930468822552211e+04 4.373006391380250432e-13 0.000000000000000000e+00 0.000000000000000000e+00 4.373005294814280922e-13 1.096565969911238022e-19 0.000000000000000000e+00 0.000000000000000000e+00 0.000000000000000000e+00
3.828900844740607135e+04 3.357775196748686946e-13 0.000000000000000000e+00 0.000000000000000000e+00 3.357774100186908874e-13 1.096561777709489586e-19 0.000000000000000000e+00 0.000000000000000000e+00 0.000000000000000000e+00
4.261854072845193878e+04 2.572342344487661195e-13 0.000000000000000000e+00 0.000000000000000000e+00 2.572341247931095916e-13 1.096556565177827801e-19 0.000000000000000000e+00 0.000000000000000000e+00 0.000000000000000000e+00
4.743763517192281142e+04 1.965696751575514299e-13 0.000000000000000000e+00 0.000000000000000000e+00 1.965695655025406320e-13 1.096550108120201918e-19 0.000000000000000000e+00 0.000000000000000000e+00 0.000000000000000000e+00
